746 794 853
341 454
349 231
360 716
87 66
226 253
544 395
525 495
13 635
320 407
227 319
76 166
18 12
388 313
264 438
342 383
207 2
262 510
463 67
739 482
13 51
185 255
712 100
477 375
651 127
342 262
285 382
618 154
719 52
289 321
330 311
573 472
407 73
262 256
593 664
129 379
660 266
557 746
76 180
149 331
293 10
234 451
28 711
214 391
468 60
347 697
622 645
409 513
441 171
379 396
129 732
252 165
710 167
696 161
297 610
469 79
138 68
646 670
689 25
635 645
273 302
134 39
361 36
715 581
254 734
568 477
238 310
411 54
157 615
667 327
540 28
26 522
533 262
557 729
302 498
719 665
592 675
398 208
727 581
679 373
645 691
713 467
379 421
307 354
454 363
159 322
373 562
622 391
628 484
714 58
583 696
206 104
685 476
223 216
643 245
689 477
301 720
109 145
733 204
499 650
183 322
689 561
481 137
122 372
352 342
737 444
540 353
654 420
402 178
634 534
266 513
159 113
580 31
502 433
499 97
152 408
59 314
274 325
67 267
572 147
622 107
744 438
286 189
94 164
283 336
133 277
608 600
376 668
494 455
410 297
615 261
622 609
473 618
346 291
278 589
633 683
673 206
378 454
519 145
439 455
370 269
411 320
408 239
44 483
195 308
455 62
91 571
364 94
159 475
671 739
586 663
303 189
317 376
104 283
288 115
411 107
315 588
249 51
327 214
320 655
632 50
710 305
513 325
160 401
84 640
530 290
446 458
400 531
78 352
667 581
115 588
489 205
428 271
356 48
668 284
329 598
508 709
124 443
425 277
407 80
252 661
591 19
631 645
155 611
292 218
335 506
415 562
89 566
307 577
123 634
446 69
661 142
607 656
635 357
117 645
524 497
250 202
601 633
132 82
7 200
308 50
9 81
59 596
38 423
634 515
83 389
429 313
335 353
198 69
678 224
23 700
116 366
157 311
2 556
207 560
281 432
393 718
143 181
675 150
278 704
318 648
23 232
69 398
263 432
62 34
92 396
570 306
19 271
722 529
343 500
264 546
580 580
8 242
307 549
642 53
622 76
538 688
569 5
646 705
165 55
584 364
401 236
117 47
621 401
177 422
163 739
138 658
286 439
277 270
271 652
53 17
463 54
398 211
415 625
55 488
505 41
490 261
77 732
315 325
76 69
15 685
625 396
179 366
530 498
594 646
732 53
593 525
55 140
228 608
10 236
524 587
111 232
357 701
85 97
599 537
228 131
694 456
639 623
275 475
543 244
161 364
351 138
713 518
737 541
232 474
147 393
524 167
305 199
53 686
700 609
100 210
491 488
326 173
500 91
406 553
702 223
380 48
638 135
640 193
18 129
66 434
296 289
342 532
246 136
191 451
389 228
635 209
194 483
465 648
232 339
140 648
713 8
250 368
423 455
452 355
530 495
468 649
41 264
56 727
276 94
520 34
136 683
694 685
63 345
696 215
480 464
408 189
745 661
68 497
428 321
523 163
407 24
614 320
259 67
738 217
204 168
74 318
142 324
210 587
238 312
324 32
345 163
486 434
693 116
368 702
398 495
258 374
516 28
493 304
699 442
285 67
369 502
228 187
473 470
53 626
407 52
58 4
12 326
244 371
153 519
228 503
367 275
686 520
581 156
508 262
281 202
688 4
637 11
569 622
49 249
368 349
207 242
351 614
313 46
582 637
253 285
504 227
455 345
124 78
217 638
131 422
503 363
239 703
673 150
647 450
328 453
362 152
254 710
476 601
372 132
183 152
234 349
456 356
321 645
415 294
48 526
487 114
390 35
146 461
386 678
518 509
618 371
653 385
443 735
224 546
392 58
152 15
354 355
64 544
132 356
263 301
278 522
35 161
510 121
572 67
167 472
451 217
323 643
356 178
385 394
116 67
284 662
495 123
299 82
202 168
439 371
642 601
89 317
143 558
25 261
633 585
545 35
166 329
272 592
468 76
89 331
490 172
454 287
10 69
178 520
292 27
589 415
278 101
457 516
27 518
580 600
510 376
142 101
229 323
544 80
494 655
542 333
595 716
674 398
694 213
9 469
542 351
519 146
224 508
342 568
90 514
228 537
47 687
514 444
734 482
360 315
621 481
63 62
301 41
359 168
648 328
307 256
161 724
341 132
5 551
25 529
605 721
173 53
217 52
337 746
655 111
430 242
126 492
252 82
320 144
662 542
449 657
408 233
162 27
319 89
609 545
50 329
579 712
54 261
335 234
203 183
450 435
663 79
580 253
251 574
557 616
517 246
257 535
131 414
656 534
136 723
548 512
606 633
169 25
74 569
358 236
495 564
110 653
329 442
63 650
596 338
715 346
457 532
690 177
675 126
481 111
41 600
251 437
242 457
305 733
630 283
441 363
180 717
466 172
297 408
391 686
615 197
518 666
395 384
401 29
650 281
293 480
545 350
275 51
242 109
629 444
575 554
353 310
606 410
686 698
267 121
115 709
181 725
690 611
696 446
416 301
282 452
517 614
263 406
394 2
131 141
622 720
444 325
623 605
522 728
518 343
310 94
545 508
246 647
576 322
197 406
684 302
17 50
525 236
506 104
700 317
330 402
527 719
587 78
559 306
591 567
215 266
393 581
535 91
261 1
246 300
498 621
415 187
587 278
144 365
568 24
606 244
415 324
246 280
525 325
244 283
595 27
738 350
482 632
541 563
343 247
733 594
493 178
320 283
448 491
138 557
507 466
611 618
60 61
273 165
678 443
146 532
180 657
137 696
114 194
683 224
342 183
544 317
159 701
442 575
655 549
557 647
588 183
463 144
47 607
589 564
102 462
228 81
505 676
667 358
49 408
614 464
654 3
12 85
540 614
631 14
399 569
287 672
8 201
92 164
745 309
116 472
315 204
400 626
460 469
137 407
404 239
100 170
691 413
422 295
319 375
330 468
719 688
442 80
500 437
673 366
655 54
88 566
666 635
477 82
514 78
704 505
111 253
671 665
586 182
534 102
520 405
277 35
367 475
8 339
258 657
245 737
630 358
531 230
531 332
734 299
388 246
422 548
333 483
518 657
552 707
567 436
565 291
524 715
606 593
539 120
207 199
660 423
701 436
657 319
515 122
463 227
624 682
737 303
245 233
159 233
499 45
589 253
236 382
368 209
656 366
134 591
589 549
124 599
339 359
564 81
46 608
125 255
212 395
460 380
495 166
603 78
279 675
406 563
451 180
577 320
589 594
188 308
201 708
62 513
276 704
152 548
674 406
2 210
361 460
475 454
537 364
354 39
202 20
572 197
234 618
62 229
90 32
678 203
121 636
559 524
300 82
82 607
545 686
215 320
593 650
139 312
650 674
572 383
675 660
412 99
717 147
66 398
189 95
26 421
380 470
417 555
106 597
692 276
559 738
217 314
233 743
693 387
69 11
126 157
624 322
161 96
119 685
562 308
124 250
641 538
393 367
718 313
592 744
729 396
194 587
402 741
430 164
365 647
547 182
292 477
271 75
114 472
212 655
439 106
144 137
400 568
530 584
317 156
5 711
745 576
546 591
209 187
387 66
205 454
65 461
94 445
442 504
153 495
55 118
340 565
198 587
246 146
731 697
67 726
235 333
345 263
26 640
573 682
86 20
127 514
175 423
543 239
266 417
29 247
461 464
335 233
90 178
708 725
265 553
456 260
495 516
94 311
243 64
635 48
204 127
465 576
510 228
257 553
362 698
9 164
202 533
250 599
731 382
370 734
503 356
525 366
400 286
262 205
78 120
293 646
329 716
445 711
211 224
740 262
685 246
48 141
724 715
46 246
158 285
416 462
627 252
645 508
138 289
503 267
685 479
1 585
319 11
675 577
692 234
45 133
124 44
66 82
345 495
