504 443 285
491 43
485 293
341 465
58 412
251 238
251 326
236 216
446 273
295 400
21 150
182 15
123 340
322 24
80 109
340 492
337 269
322 472
248 341
253 10
447 311
64 184
448 358
86 420
189 75
191 61
163 213
205 305
479 68
342 478
170 434
159 474
71 167
177 167
500 396
503 299
11 437
241 179
183 333
336 190
302 134
478 435
195 186
449 447
137 71
417 499
262 245
329 138
435 114
439 438
495 197
424 179
410 123
173 452
281 94
389 432
279 390
135 277
441 81
231 195
390 242
290 63
371 235
167 18
157 5
330 83
338 409
142 99
317 184
143 275
41 127
495 116
206 429
454 215
228 259
324 76
302 258
404 117
475 467
276 175
208 256
444 479
147 379
459 349
51 43
84 373
198 280
458 50
18 327
292 399
21 186
502 332
302 431
488 478
198 264
468 39
293 480
373 142
183 228
145 8
165 111
60 137
382 114
353 127
336 501
176 337
119 148
162 188
366 384
482 210
154 346
305 421
57 340
271 149
199 484
458 373
291 91
198 491
389 135
466 348
86 338
366 151
217 124
255 213
87 335
33 267
178 437
16 347
245 290
25 39
271 5
14 15
504 29
318 56
477 115
210 355
239 368
205 501
57 98
226 474
391 197
350 52
241 139
6 94
4 459
347 48
342 7
412 378
420 307
25 496
435 310
316 226
296 183
504 394
440 57
297 269
81 290
75 261
257 299
228 70
189 440
478 360
233 343
192 472
313 348
16 116
198 277
459 273
400 415
155 210
298 419
269 209
74 360
66 160
56 93
173 330
290 240
316 158
389 366
62 93
469 302
319 168
242 77
155 98
216 449
311 107
157 124
138 332
460 219
195 132
267 151
231 491
358 118
171 228
74 106
476 217
41 426
245 432
504 91
149 171
414 201
283 99
165 206
256 61
203 201
7 172
341 378
137 275
79 78
411 325
314 500
410 308
185 437
315 431
89 192
2 152
426 153
496 54
471 484
282 247
250 214
459 119
7 296
307 445
319 258
245 107
275 395
77 373
145 68
365 10
32 56
207 240
304 408
182 364
195 219
196 499
216 125
466 380
382 133
259 356
320 475
427 355
405 163
307 433
144 113
116 7
306 337
7 261
375 22
122 10
279 471
106 110
487 243
58 355
459 395
422 413
380 167
61 210
2 86
320 200
245 140
467 266
377 445
233 290
456 393
121 333
375 334
102 326
419 121
359 371
297 172
23 145
186 501
342 244
50 303
225 211
473 212
194 262
63 216
339 7
393 359
22 161
125 408
408 123
449 476
112 323
