831 695 718
141 8
414 158
746 624
265 328
568 189
734 64
330 18
513 459
486 418
375 389
101 569
517 734
296 628
668 99
193 628
532 148
54 74
49 698
332 484
108 804
250 409
347 307
159 377
536 641
224 583
425 305
159 319
712 692
9 385
239 805
746 169
298 640
309 417
335 208
245 392
796 749
546 474
123 749
743 482
394 781
514 663
613 529
764 551
542 319
630 339
336 117
258 458
522 193
648 505
61 733
112 69
467 450
295 42
513 595
54 435
366 814
245 691
461 26
479 605
658 621
538 353
691 94
505 775
10 125
153 235
671 446
447 629
225 560
218 105
692 525
372 53
458 511
35 53
750 412
679 686
110 163
513 653
569 515
821 32
23 530
574 21
720 747
804 13
153 683
45 308
129 583
333 106
17 29
231 251
397 584
675 114
616 638
571 7
719 348
473 681
147 602
772 123
244 574
295 402
303 803
140 177
213 758
265 272
765 510
190 482
130 374
403 268
237 526
661 521
618 453
400 377
290 27
111 459
522 779
57 565
455 157
551 519
524 515
425 823
382 146
81 545
88 354
287 176
142 533
668 348
537 465
560 70
91 212
428 485
457 709
607 186
702 621
408 421
162 192
54 191
333 264
634 703
78 690
344 112
790 451
139 486
556 228
786 695
298 784
352 392
805 694
319 769
797 57
562 245
357 505
144 435
83 227
431 577
405 305
624 331
384 318
622 329
242 397
583 491
730 68
652 704
49 57
421 224
332 145
759 218
507 603
364 263
561 695
287 804
369 79
70 344
203 484
259 648
274 117
770 29
209 811
271 702
610 208
308 669
167 25
53 28
484 52
536 117
669 691
183 407
653 536
21 795
571 149
134 319
569 512
739 398
552 777
83 239
46 767
210 758
535 263
56 669
520 190
431 629
547 527
795 248
69 245
328 67
374 633
374 486
347 268
52 786
72 212
639 378
75 768
819 399
405 113
640 640
719 274
776 675
371 203
69 538
338 347
112 145
523 466
532 791
535 347
637 24
270 7
164 770
590 371
308 806
165 108
127 214
630 478
97 436
95 342
213 269
242 646
274 548
144 191
524 562
610 796
35 13
388 103
679 12
689 175
763 311
567 449
393 55
124 516
257 728
539 252
593 679
317 175
676 695
53 666
38 379
282 45
194 655
160 231
232 230
485 211
379 474
26 564
680 432
321 125
338 695
437 195
206 665
220 120
736 308
613 255
143 271
607 420
671 818
391 66
743 506
793 693
61 475
629 280
477 598
6 163
59 81
650 785
194 382
6 419
510 775
230 489
61 803
793 354
737 782
111 50
294 350
269 782
757 143
36 509
240 420
406 577
680 694
177 762
148 120
723 384
201 391
695 642
290 784
251 301
7 738
690 801
204 332
407 767
259 397
415 549
383 520
471 653
472 815
172 219
258 711
602 470
164 527
699 772
52 358
501 326
502 774
711 696
697 282
503 608
665 705
754 734
610 513
512 291
152 434
582 538
585 55
544 597
154 702
356 334
273 723
685 602
586 247
302 347
554 479
468 227
358 596
403 24
829 732
504 227
384 268
637 634
363 307
211 440
741 417
536 261
49 80
411 221
305 280
380 270
329 399
274 311
802 677
124 605
750 400
97 805
102 788
277 721
240 385
90 439
648 703
744 625
305 353
367 585
267 683
545 463
387 459
594 721
337 238
232 789
236 115
762 513
203 26
439 715
388 801
813 610
401 793
131 104
111 149
289 457
287 821
201 651
28 487
63 234
316 169
408 736
827 775
515 549
575 532
126 340
723 459
139 81
244 323
359 165
198 165
511 576
711 713
822 774
571 350
398 540
721 800
753 634
541 181
746 23
5 147
648 533
327 796
481 251
217 818
800 250
780 648
47 771
186 281
637 490
375 641
655 775
640 80
362 61
653 199
631 496
224 240
1 720
630 218
811 354
307 237
582 181
770 494
747 812
269 479
435 583
481 539
167 455
700 793
463 617
760 796
340 332
373 254
225 720
320 39
763 810
272 102
438 204
438 44
502 418
650 77
125 47
521 703
605 429
383 666
86 589
6 488
125 50
581 571
754 189
663 720
746 637
373 698
606 774
473 521
829 499
393 150
603 77
262 25
90 609
614 665
459 369
728 271
730 813
130 830
586 187
55 462
142 161
110 546
189 821
343 524
192 238
599 63
523 409
557 740
557 686
414 317
265 735
804 675
516 620
568 754
572 631
645 726
638 278
367 573
51 733
530 797
34 396
608 330
44 68
799 738
525 127
481 439
460 252
60 642
543 248
90 568
402 699
41 801
175 363
230 80
519 496
736 237
702 782
621 294
304 439
758 66
287 334
3 359
787 493
360 317
569 263
350 617
689 110
65 139
339 218
542 741
130 64
315 171
111 631
345 187
734 285
583 434
813 247
404 49
24 404
646 696
498 293
374 572
584 23
596 543
205 662
468 734
820 698
478 710
575 633
745 504
413 564
209 634
116 777
654 89
401 164
622 519
226 170
420 322
494 665
492 322
316 676
792 224
30 226
421 387
114 376
147 774
576 361
248 755
789 179
350 710
796 820
211 7
792 17
419 463
325 239
212 776
581 680
239 306
54 78
217 335
221 769
97 624
370 131
623 650
36 752
170 336
736 131
182 178
588 545
48 312
332 526
724 480
831 694
171 831
154 421
113 107
599 226
593 249
408 206
683 543
16 658
136 686
666 808
212 688
359 620
34 505
2 479
778 248
283 480
658 12
97 422
783 540
397 806
79 675
396 794
395 45
697 397
226 570
556 1
608 746
776 35
105 630
356 661
446 50
492 388
773 377
585 741
810 754
533 636
602 106
413 577
511 155
537 218
460 400
588 324
640 203
479 386
660 613
139 666
536 782
563 16
217 725
152 344
119 523
56 450
282 38
414 120
497 325
461 544
18 383
192 459
526 397
825 338
267 454
416 729
780 488
3 84
196 241
586 536
631 116
240 560
89 807
61 543
424 183
708 821
807 282
812 669
28 186
300 644
190 406
561 480
557 426
485 445
639 245
506 820
403 513
224 316
418 258
102 377
611 479
133 549
96 345
375 332
710 41
626 221
594 325
157 226
49 596
294 490
821 659
797 312
785 272
392 454
345 122
753 132
254 368
31 394
62 475
641 423
640 503
36 313
461 295
602 196
607 118
150 667
480 745
682 129
409 243
609 464
804 571
803 70
452 574
424 497
586 567
430 516
241 392
737 553
808 431
160 669
560 382
45 583
193 386
667 519
534 777
387 501
