76 943 94
9 44
26 45
70 46
10 62
22 48
49 12
55 28
23 30
35 14
61 53
46 24
30 67
72 32
54 14
28 18
24 5
13 26
36 75
15 76
59 36
60 72
70 59
18 18
19 16
11 67
10 60
20 37
27 47
6 44
58 76
25 69
17 10
65 40
12 19
28 76
46 1
71 59
17 7
31 66
58 49
19 1
67 28
29 31
52 69
23 19
48 61
62 72
6 3
28 72
70 41
18 25
70 45
32 72
25 59
73 39
19 50
57 16
37 19
59 75
19 54
46 54
21 9
27 21
5 24
48 19
41 9
18 53
52 51
64 22
43 7
25 30
65 64
15 52
74 22
15 38
3 64
29 75
12 40
12 52
28 64
30 2
15 22
49 17
9 18
50 26
11 15
73 4
31 35
12 64
34 34
27 56
53 49
44 33
67 41
