79 318 445
57 70
62 41
63 53
9 8
59 2
32 26
70 24
63 8
79 37
69 11
23 19
11 40
21 3
21 39
4 48
56 15
46 9
49 46
11 45
79 34
46 19
55 72
10 16
36 24
65 42
12 64
28 16
14 21
69 22
3 21
54 55
20 44
2 78
45 32
47 48
22 63
26 22
13 75
40 77
11 75
60 67
49 10
7 67
54 41
40 37
62 73
77 72
54 77
3 79
51 71
63 22
52 51
27 53
52 46
75 10
60 39
19 54
28 8
66 64
11 72
36 36
55 70
28 28
66 69
59 27
38 78
32 76
69 41
17 56
75 34
34 1
25 68
56 55
35 53
21 76
40 64
66 57
70 41
23 72
76 73
33 1
53 13
67 31
66 33
22 22
48 3
43 26
37 8
16 25
9 13
37 23
31 7
64 14
53 74
3 68
56 29
62 2
2 52
78 47
70 36
43 23
72 45
64 50
12 15
42 27
19 56
21 36
35 30
27 75
20 13
69 74
44 60
10 13
25 54
2 55
36 45
49 31
34 18
50 30
71 14
33 41
34 3
76 38
40 59
25 46
20 39
61 1
8 30
51 66
67 27
29 6
63 43
71 29
48 77
8 3
16 50
15 26
24 5
28 4
76 62
8 18
40 8
43 11
58 6
46 41
50 45
61 40
15 79
66 54
67 72
30 45
50 33
40 51
43 72
14 4
77 9
35 24
51 69
39 24
8 64
59 24
28 64
31 51
13 69
34 69
65 73
76 11
72 51
54 62
3 57
63 50
64 30
72 6
6 43
38 38
13 44
51 74
71 57
7 30
15 56
66 76
15 9
36 12
62 12
77 24
63 72
30 39
1 44
44 57
60 73
46 37
70 77
4 6
57 35
54 47
36 37
17 62
39 31
29 36
73 79
29 11
79 18
21 66
69 69
17 25
18 45
78 76
34 32
25 79
56 11
37 74
4 16
44 26
43 66
21 75
38 46
43 51
62 17
65 27
41 66
76 25
40 36
57 31
23 51
70 38
3 1
52 58
15 18
74 72
74 27
3 25
60 57
18 71
13 36
41 74
30 8
21 1
25 15
32 9
49 3
60 16
24 37
8 7
79 8
50 40
6 73
39 13
45 27
52 68
57 27
40 47
30 31
19 29
7 4
76 18
51 29
4 24
64 72
74 11
16 14
56 64
27 24
3 24
51 17
47 68
32 41
26 68
23 8
48 69
26 59
26 64
24 2
38 34
8 52
35 31
30 75
34 37
54 21
65 33
55 16
23 75
7 64
21 38
1 10
63 67
60 77
5 61
66 2
9 74
48 38
75 22
20 72
16 5
39 12
57 71
50 48
6 40
21 77
53 49
72 27
57 56
60 43
4 13
57 22
66 51
45 11
69 59
28 25
24 22
63 18
1 5
35 4
74 59
40 69
3 31
8 19
54 51
54 38
43 54
9 51
4 56
63 15
70 26
6 59
60 13
64 38
2 32
52 45
78 28
7 65
65 23
78 24
24 70
13 41
54 64
21 73
57 20
69 14
5 15
40 27
10 60
71 19
75 12
69 54
34 10
53 34
53 72
12 21
68 49
23 14
27 6
39 49
41 12
22 26
65 34
70 30
12 78
58 60
33 43
2 18
23 5
11 52
59 73
35 11
14 23
38 31
67 38
63 3
72 15
5 21
32 79
78 53
60 48
40 26
23 21
42 62
72 18
31 72
9 54
46 4
55 37
41 71
58 51
1 55
65 3
10 72
58 34
26 16
31 74
10 5
17 79
17 11
19 42
19 35
25 33
56 2
63 63
56 49
25 39
37 19
72 14
4 61
66 19
54 72
50 22
73 34
72 75
65 65
21 16
52 17
21 14
66 43
32 45
71 13
63 14
78 21
26 54
1 27
58 65
10 66
17 15
19 30
32 18
21 44
62 1
79 42
66 38
7 14
78 69
7 44
60 72
62 47
34 74
60 38
43 57
10 73
73 17
39 8
73 16
22 29
66 45
47 32
67 19
32 62
58 30
