633 203 474
403 528
319 423
281 307
32 429
73 474
577 564
490 344
89 213
229 189
548 208
305 70
68 538
183 222
330 165
322 168
490 179
571 297
349 296
143 43
374 528
427 10
188 74
328 509
263 215
389 567
122 168
70 583
550 492
582 129
147 278
106 477
604 120
578 66
273 385
45 360
434 483
90 159
216 554
100 208
453 504
203 23
261 255
75 458
361 541
58 441
420 238
438 492
600 473
268 59
279 209
184 183
431 544
527 358
156 489
110 575
228 607
325 519
324 530
540 268
246 567
556 157
613 426
287 126
76 273
4 272
443 218
565 207
70 50
605 508
193 201
540 70
617 5
591 433
397 624
423 54
127 579
554 532
228 200
318 359
262 236
53 540
300 232
224 56
576 155
98 197
501 238
456 493
7 448
393 471
172 74
37 531
457 512
240 526
293 278
281 509
243 470
137 29
275 173
153 130
378 481
289 264
577 551
613 356
257 88
31 294
482 471
571 262
562 463
146 453
632 367
323 121
378 272
126 255
239 238
118 210
627 162
85 74
204 143
204 605
542 605
185 101
211 256
176 530
1 408
521 226
167 583
243 65
581 329
271 563
544 187
443 219
577 417
622 293
459 21
579 230
152 447
461 522
284 167
260 482
85 337
481 108
604 18
139 9
112 49
39 301
189 607
213 279
251 125
311 104
9 297
385 429
413 446
488 513
500 78
118 594
172 507
434 481
490 359
256 180
445 464
290 418
633 134
452 387
576 516
282 565
315 600
188 558
363 601
94 515
289 166
494 222
456 226
486 328
245 321
335 127
165 352
259 362
397 335
548 24
45 333
267 506
434 323
435 110
428 376
134 452
532 413
558 298
170 538
213 430
106 208
59 509
529 474
409 97
396 232
287 546
234 115
444 460
89 288
29 65
467 296
486 463
444 29
6 110
377 380
127 209
176 443
270 614
522 395
93 586
41 373
208 542
251 116
62 409
570 445
265 149
135 96
614 268
588 257
273 502
279 444
62 556
350 99
211 169
54 249
448 529
284 346
585 310
47 377
114 495
607 253
521 522
575 60
457 6
317 140
116 521
16 502
529 302
453 161
605 55
243 161
203 437
598 155
10 562
251 132
267 608
203 168
583 13
191 188
83 336
81 107
426 480
143 10
354 576
246 462
237 340
443 172
518 421
361 80
203 119
101 4
478 415
77 109
414 52
623 18
310 219
57 410
252 373
1 403
453 270
280 85
259 388
590 365
206 252
512 622
277 500
132 366
17 152
196 294
222 74
462 66
185 282
489 429
162 272
365 544
90 25
92 290
105 77
292 214
612 108
110 290
410 627
435 597
555 603
252 330
519 531
442 136
504 67
238 412
594 506
556 187
534 494
405 156
497 571
72 44
245 417
139 435
34 338
497 195
330 45
494 27
573 536
169 506
379 246
216 290
600 29
461 396
577 259
145 448
592 497
625 446
343 492
301 333
361 341
312 154
597 491
78 379
4 582
626 617
489 599
598 300
437 260
178 587
72 50
618 187
316 537
419 1
174 65
533 578
167 202
547 506
633 156
193 562
61 526
110 11
12 427
378 572
113 152
146 117
405 293
86 188
11 268
186 456
118 239
580 527
337 390
171 17
589 282
278 166
433 120
390 560
230 447
206 628
520 536
161 298
320 529
559 569
206 242
49 80
175 375
481 253
407 449
112 281
498 73
291 612
171 502
589 195
559 132
607 385
526 317
141 193
78 387
553 152
591 118
378 176
560 101
388 348
70 588
573 579
166 310
483 400
482 632
21 575
618 348
312 423
443 56
416 434
331 530
69 607
388 137
350 394
259 420
28 538
270 35
576 293
278 122
274 316
232 396
151 565
418 163
94 603
191 564
599 193
471 94
396 460
456 539
232 247
196 434
30 580
399 81
39 320
596 552
327 560
295 544
317 489
255 221
399 480
44 14
516 273
555 430
317 170
463 535
104 182
569 145
366 600
152 83
266 9
1 8
554 243
596 440
166 419
631 291
42 593
500 7
340 615
176 270
422 233
321 280
405 631
265 131
15 555
12 58
16 64
587 301
66 197
313 243
289 379
610 206
89 491
300 14
267 133
272 364
31 238
492 501
186 617
568 335
82 396
60 32
120 339
316 150
3 556
271 256
75 278
629 55
587 165
