466 405 492
409 277
461 79
264 297
316 193
443 464
458 395
239 344
125 458
385 98
381 207
439 112
1 456
32 231
66 375
98 304
200 173
351 180
241 402
291 48
367 113
315 24
240 201
282 54
456 199
344 376
283 38
274 257
293 308
204 18
265 291
331 391
430 299
62 386
190 218
74 30
427 351
450 308
386 95
460 101
176 80
63 194
17 429
43 121
340 306
225 357
178 27
462 113
253 316
105 324
259 58
9 355
94 178
1 298
173 96
272 255
345 251
151 58
1 12
70 360
273 412
446 172
139 95
314 1
426 42
323 247
136 263
173 166
279 116
224 308
144 233
348 243
122 421
437 224
77 418
41 364
376 272
353 102
332 311
324 33
407 125
306 347
336 306
223 206
40 218
74 13
193 295
325 445
279 166
252 387
90 7
1 77
216 2
48 88
28 150
74 423
226 358
9 382
460 258
149 450
396 398
375 68
6 155
439 274
237 197
349 2
85 109
461 248
220 364
182 195
231 267
201 210
211 460
245 33
453 448
262 9
2 272
26 100
238 445
70 65
67 151
191 372
358 254
458 424
346 221
88 250
176 280
442 398
189 299
75 239
442 13
177 20
135 114
323 287
457 69
10 164
211 145
136 381
207 331
316 34
271 371
422 395
40 40
115 234
261 261
134 134
316 155
285 429
132 400
384 239
146 123
284 276
109 240
389 71
254 110
27 13
384 3
283 454
295 437
332 366
121 118
47 91
199 227
366 214
290 130
220 74
205 14
292 203
136 410
191 166
209 112
12 62
124 461
240 211
287 230
267 70
421 372
395 365
212 408
220 363
334 263
36 188
55 425
103 374
115 295
297 138
209 308
286 168
370 231
297 364
453 340
270 428
346 249
160 253
196 452
231 39
222 341
192 430
363 358
340 41
212 373
103 140
389 154
149 99
384 35
39 204
21 433
439 173
28 15
127 311
109 368
229 155
251 218
186 299
448 91
413 384
266 131
389 75
304 199
4 361
210 81
242 162
225 172
452 285
107 413
356 422
403 447
142 145
229 120
164 402
363 70
15 168
105 453
246 215
304 362
437 192
409 422
140 142
205 223
436 320
70 374
359 458
266 410
349 272
290 199
50 287
460 131
356 31
161 208
83 339
443 241
171 292
274 8
351 401
279 460
313 228
264 225
329 59
41 243
92 396
303 293
273 328
41 240
277 255
279 312
221 432
400 296
124 248
358 235
58 72
241 261
178 428
356 378
421 67
110 151
251 91
447 111
115 445
14 176
21 177
213 129
433 365
191 402
293 229
234 195
315 102
359 201
82 380
64 395
149 286
234 330
450 343
404 90
453 88
442 257
346 406
191 421
208 205
41 199
407 188
93 164
218 105
203 241
384 82
70 50
28 297
10 328
54 70
165 344
393 178
225 81
452 158
365 30
417 437
110 86
396 54
367 40
125 93
175 241
115 53
76 310
75 316
255 91
31 289
388 285
153 256
81 169
92 191
327 32
113 18
305 276
437 230
71 433
68 319
392 235
98 52
301 247
82 458
380 125
311 303
184 69
187 383
183 234
41 385
317 241
331 411
425 33
348 297
160 100
101 408
416 237
354 17
122 397
16 43
416 85
340 137
41 382
19 112
178 349
218 137
156 379
218 443
378 93
426 342
9 230
22 318
65 272
401 193
162 187
326 430
433 211
260 126
310 317
309 351
380 129
365 384
341 119
171 422
274 145
232 26
306 414
107 135
140 402
361 229
116 407
42 434
410 250
151 220
172 121
443 429
217 360
235 58
402 77
93 335
122 423
216 286
5 59
276 297
28 48
306 258
26 220
379 407
306 305
376 172
94 175
279 385
192 308
17 224
346 265
1 308
332 225
365 437
152 349
280 175
355 101
404 7
93 145
76 296
103 90
447 379
92 165
220 322
151 261
267 315
302 431
414 280
428 79
286 244
376 3
188 363
196 139
238 365
207 50
423 297
53 118
390 339
99 99
310 330
145 233
205 197
455 196
430 77
424 363
43 185
390 421
12 52
246 292
329 181
347 316
175 159
440 368
167 94
330 104
456 263
391 162
190 380
108 134
242 93
422 322
94 162
210 446
120 442
90 78
28 179
231 343
139 154
136 408
206 217
17 209
142 89
97 464
219 143
304 327
416 36
58 46
125 138
269 40
307 447
47 27
412 239
299 227
455 215
273 267
445 130
344 309
196 95
49 364
281 324
442 334
10 163
384 64
245 141
234 105
