444 554 89
317 443
105 210
291 42
251 211
423 400
226 361
142 35
66 217
6 48
144 286
93 337
176 141
132 120
332 177
358 314
416 47
24 145
301 310
82 279
102 209
128 293
424 439
10 239
304 281
38 290
228 236
242 166
42 126
133 393
127 102
242 64
48 277
116 140
398 261
132 77
186 140
176 339
52 68
89 342
333 27
200 422
427 409
364 425
74 58
116 80
354 247
438 223
94 204
419 179
147 310
249 238
200 367
277 61
170 148
230 246
195 138
375 68
173 417
438 176
380 145
61 160
95 53
10 49
212 264
103 267
189 215
413 118
11 370
400 168
186 398
56 175
150 127
179 305
377 210
305 300
131 429
36 59
316 214
409 406
402 48
344 269
425 378
229 69
187 204
123 234
25 2
49 3
18 410
108 262
