67 956 351
15 27
36 53
11 44
19 12
52 47
45 1
28 34
17 46
21 17
20 62
43 22
14 27
36 34
24 8
65 43
25 23
13 11
59 9
3 30
46 55
30 55
57 42
44 33
50 58
63 23
24 15
26 25
29 37
27 11
55 35
55 19
49 48
38 43
6 18
48 14
37 64
49 36
17 50
41 26
3 65
8 60
56 19
59 45
39 55
52 50
23 42
6 55
20 27
62 2
9 38
61 25
65 52
63 10
53 6
55 6
51 55
60 64
21 25
42 13
47 37
58 61
59 29
50 31
48 47
53 17
24 9
62 32
26 54
26 35
40 46
65 38
9 2
63 17
28 22
55 56
10 56
50 33
30 12
55 24
7 55
19 20
8 2
60 45
13 18
60 39
13 52
45 30
9 47
37 33
14 22
39 24
54 41
65 55
35 29
49 8
60 42
9 62
49 45
47 26
12 13
64 21
36 22
60 20
42 18
16 3
47 58
58 39
30 65
10 39
62 40
8 19
22 50
33 45
50 43
5 34
27 44
64 44
58 29
36 17
25 17
5 44
21 33
14 37
32 51
39 12
17 24
58 13
4 53
20 14
22 56
47 27
39 25
58 52
57 30
53 52
50 29
16 9
16 10
5 18
61 65
28 60
34 2
23 26
16 32
55 33
10 36
3 46
15 42
61 2
3 14
57 60
5 38
67 44
58 7
33 61
63 19
21 62
28 13
1 10
36 48
4 41
31 33
32 8
64 9
13 10
14 32
59 67
26 58
7 24
37 27
25 42
57 57
66 30
21 42
22 43
18 5
47 55
3 48
44 40
20 31
3 18
8 8
35 26
43 29
4 27
54 6
15 60
15 55
31 45
44 15
60 51
6 61
54 3
35 53
28 38
2 63
32 16
55 16
66 41
59 20
35 59
18 26
6 47
3 52
37 60
27 25
46 47
44 17
63 64
40 24
35 31
31 6
21 32
3 3
59 58
25 60
24 32
13 50
14 13
44 50
7 58
66 29
23 44
56 59
34 34
38 65
27 24
40 45
32 5
32 18
8 43
51 12
16 66
33 12
56 54
34 11
21 3
59 15
39 29
41 49
53 61
53 51
28 57
48 11
16 59
19 27
48 57
29 56
45 20
66 60
18 46
60 22
4 1
11 17
25 11
2 58
27 13
10 37
59 13
34 36
14 58
1 44
60 7
16 43
64 20
40 41
16 54
64 8
53 42
34 18
33 31
5 56
12 35
67 39
41 5
60 58
64 62
47 4
56 48
62 58
34 3
51 46
63 61
46 53
16 2
43 1
22 60
38 17
38 23
6 32
24 3
38 5
55 34
25 38
34 15
8 42
26 49
13 12
59 55
23 55
40 39
36 9
19 64
41 47
54 51
47 12
10 35
31 57
23 31
51 61
5 13
60 35
25 32
26 21
22 36
21 29
67 12
42 3
67 20
43 2
44 42
49 38
31 9
51 60
32 67
38 63
42 61
37 67
30 25
1 15
51 31
16 64
65 1
57 11
51 44
25 40
29 59
23 8
55 39
24 61
40 7
17 10
3 4
46 62
36 1
35 63
40 53
7 2
32 38
50 53
42 47
