857 811 998
556 815
64 639
443 22
151 760
236 199
816 487
587 290
255 22
111 805
775 297
817 417
825 246
220 20
383 813
612 623
156 658
221 506
186 445
135 461
302 438
842 49
802 804
577 789
728 491
769 829
557 758
413 341
168 81
51 598
856 835
472 688
426 667
314 340
433 259
586 336
751 462
827 404
762 593
490 566
787 24
433 768
214 157
432 382
615 305
186 330
467 482
319 506
845 539
531 197
140 212
526 390
711 718
49 186
484 404
594 34
162 206
113 497
746 432
704 300
594 524
492 330
34 517
539 767
539 549
848 74
631 407
567 762
848 289
418 227
263 272
561 699
127 415
140 610
276 790
639 424
420 81
853 51
852 742
820 603
414 253
677 181
354 522
437 576
21 284
359 509
805 114
699 450
525 109
671 136
253 739
198 705
694 364
468 551
718 660
33 755
612 524
836 248
253 806
374 426
594 169
770 566
616 324
598 8
325 295
94 548
669 433
92 328
64 840
289 9
505 546
593 130
3 705
203 189
87 590
237 504
474 32
617 75
732 437
739 389
440 331
310 190
164 465
785 15
497 381
455 776
300 803
584 710
711 742
313 833
699 757
213 761
567 646
596 48
83 560
660 388
644 774
480 135
568 689
717 594
757 21
1 102
97 17
636 711
115 130
353 17
669 312
99 134
682 39
716 776
764 20
100 506
476 688
227 470
48 213
181 842
821 728
138 117
330 715
293 390
739 134
112 743
623 329
171 390
563 710
809 374
512 487
111 37
229 157
728 297
123 698
148 156
514 41
384 625
111 119
563 374
762 257
178 125
212 284
637 456
517 504
100 367
236 312
298 599
790 681
692 159
425 547
744 497
500 851
825 8
448 597
229 644
699 540
660 686
178 59
100 507
310 132
563 731
463 209
315 256
139 483
506 461
467 110
662 315
68 194
669 380
22 824
73 616
129 693
590 735
521 321
321 836
225 338
767 266
838 140
57 86
689 574
427 613
309 351
524 598
697 484
353 272
237 645
853 728
314 767
131 230
321 6
566 188
400 299
360 133
544 690
684 470
445 566
66 165
509 540
323 324
425 747
798 140
255 355
621 836
291 371
44 295
517 754
819 12
605 240
195 720
57 792
45 415
126 114
497 656
111 538
801 618
850 7
220 552
440 828
370 127
571 289
525 225
630 729
585 483
11 124
227 830
393 794
89 307
122 389
808 38
795 396
635 29
639 400
87 332
80 638
448 685
304 71
730 144
154 529
557 713
834 3
772 465
265 165
98 831
551 31
692 662
467 266
125 211
835 147
63 245
94 21
157 586
345 593
250 293
753 203
723 161
830 729
682 799
158 544
192 192
577 573
60 416
738 195
687 166
78 821
383 643
3 118
118 65
642 17
403 829
264 644
493 803
795 312
586 34
24 850
91 351
833 333
410 851
421 227
570 35
776 195
72 359
751 494
114 644
89 731
632 825
366 367
399 227
67 75
487 153
476 313
426 427
818 351
640 175
331 391
88 296
54 242
18 705
83 498
546 195
139 251
714 350
52 100
676 47
180 465
706 132
170 422
171 819
254 519
617 659
115 142
497 232
208 711
187 442
615 621
233 668
591 814
642 42
197 181
556 97
803 646
611 50
103 220
46 499
560 29
60 62
376 258
400 380
524 139
823 128
185 836
391 616
855 374
327 327
791 631
446 244
394 610
689 228
689 806
337 741
4 16
16 33
260 761
369 817
23 449
367 15
41 651
667 386
242 564
399 704
692 33
535 827
291 217
696 115
600 608
391 304
111 243
522 245
343 434
789 2
430 117
790 468
440 430
510 679
307 351
251 389
322 508
566 433
660 750
289 788
377 719
244 480
605 539
857 85
108 81
230 587
352 355
214 216
389 134
294 60
222 659
615 745
43 366
321 5
735 828
21 341
106 156
505 736
470 573
263 641
737 524
741 374
828 727
663 553
210 200
70 407
192 678
813 490
608 558
423 20
344 832
534 585
140 315
73 804
400 96
400 532
777 57
814 513
371 57
530 516
530 689
646 167
479 6
530 412
143 520
416 553
584 836
398 656
174 211
691 204
219 81
552 607
537 350
425 558
518 495
459 587
689 3
575 702
757 188
560 5
81 107
587 414
639 188
725 213
512 55
759 800
269 59
578 777
229 672
586 498
32 580
798 792
406 435
618 430
207 84
351 181
750 348
222 39
604 31
706 684
824 761
271 787
336 632
32 562
840 558
415 760
454 31
479 478
16 443
685 346
525 72
522 475
779 857
442 11
458 616
792 680
242 644
149 277
831 462
745 352
453 225
712 637
307 407
310 188
536 611
821 776
244 73
475 612
730 351
64 774
743 691
214 590
92 50
709 36
652 158
433 382
161 10
765 686
661 338
839 87
589 612
674 68
524 406
111 852
261 689
314 543
261 258
442 501
240 609
516 675
727 640
57 422
292 117
812 113
199 338
359 472
11 437
435 806
556 767
74 697
369 295
857 409
625 268
406 424
657 409
375 135
812 687
488 600
221 251
299 702
789 489
332 553
317 333
254 827
150 311
97 666
26 536
391 781
94 534
228 717
22 94
1 192
256 97
72 376
491 418
78 595
842 837
660 180
709 736
280 320
495 138
169 711
465 625
556 740
278 582
154 526
393 585
669 126
590 322
356 371
815 753
405 616
31 660
673 687
367 40
29 595
114 46
652 845
430 333
704 733
410 442
265 699
365 586
557 256
84 433
709 616
380 799
309 429
373 457
251 122
576 78
94 71
133 242
77 132
788 660
253 453
199 84
547 446
276 286
350 356
417 843
255 812
32 386
466 405
673 228
652 440
269 21
604 787
451 749
468 453
107 315
481 69
539 506
18 172
190 560
677 226
166 639
699 431
772 818
597 172
174 480
341 522
843 549
319 149
94 640
57 65
458 434
196 70
793 48
498 639
510 653
380 279
412 111
171 831
692 804
367 293
728 378
802 294
98 730
184 39
460 100
376 508
742 826
267 172
799 67
14 585
498 782
336 9
597 312
830 360
228 415
801 641
171 340
502 95
595 30
664 306
749 600
751 733
257 174
317 265
301 691
274 93
291 664
394 753
487 102
629 32
711 629
642 182
492 60
553 17
286 742
109 205
575 196
315 294
62 617
849 422
533 800
345 709
820 381
150 331
109 515
547 491
91 631
78 308
362 117
228 477
124 119
607 485
758 646
267 44
15 1
108 385
659 79
113 168
363 603
545 559
655 597
267 115
819 125
266 159
740 732
760 200
806 66
313 576
160 222
809 750
467 510
664 676
648 156
240 153
158 5
745 639
776 574
762 688
324 250
793 630
833 676
701 581
215 545
102 713
123 57
40 79
487 691
435 618
720 103
754 85
636 609
117 844
709 785
461 501
505 92
659 365
284 184
427 582
560 241
143 13
669 471
373 351
736 415
295 547
370 444
423 527
721 44
630 657
80 217
30 169
688 365
622 448
281 593
773 602
790 663
504 347
18 554
635 91
310 380
411 87
823 672
763 332
603 289
650 350
106 239
750 156
157 116
481 210
604 275
519 298
417 364
247 162
437 577
836 642
801 846
306 606
207 133
543 823
723 777
284 436
335 226
354 734
434 599
311 27
748 145
23 234
616 302
566 106
266 799
323 853
31 39
499 308
728 122
68 298
811 261
706 286
640 93
469 503
4 462
58 379
402 325
261 63
454 187
395 307
840 542
37 835
736 368
168 369
851 790
244 713
259 174
452 615
324 723
365 776
772 672
505 175
574 381
309 526
666 823
365 35
457 514
733 647
340 598
672 278
335 115
281 394
279 487
271 845
761 157
602 818
123 752
39 773
656 147
516 279
857 3
78 157
662 255
152 337
821 116
809 788
568 528
455 646
534 470
662 337
8 537
699 650
701 473
498 705
412 689
683 815
827 401
298 255
429 546
726 50
530 293
508 364
609 480
91 111
118 530
241 504
384 526
696 713
659 571
252 367
471 718
517 217
450 740
184 265
106 87
813 641
100 810
535 96
527 510
600 440
737 388
524 507
302 201
171 535
766 347
638 844
40 1
226 154
259 655
290 202
97 563
752 65
591 781
359 393
449 257
304 577
512 30
391 683
782 838
287 246
551 290
498 716
838 785
817 840
584 847
605 106
738 839
152 561
301 846
590 149
50 542
320 652
273 438
388 420
503 35
731 239
173 732
645 697
523 795
252 674
534 640
80 668
356 400
581 470
93 630
158 537
611 680
519 468
482 241
148 331
398 592
533 260
747 383
700 254
59 534
448 126
678 252
622 639
496 483
347 269
539 599
638 136
653 9
540 750
350 707
501 593
210 144
635 62
116 312
732 361
588 441
711 15
425 480
572 48
778 757
669 103
713 150
158 692
147 647
308 706
444 657
422 154
305 555
62 353
789 111
405 792
511 341
295 607
820 238
369 233
60 537
525 389
806 82
469 776
12 748
470 54
638 583
378 677
601 641
686 164
468 361
355 115
80 770
251 250
326 74
262 226
84 690
308 775
398 455
165 76
760 133
611 799
685 117
