131 544 640
106 92
84 57
13 74
108 21
61 68
26 43
34 90
32 118
66 70
113 58
31 45
48 19
2 98
52 95
18 80
56 41
50 87
99 113
87 71
41 104
9 50
110 82
61 101
99 49
97 24
26 79
57 81
115 32
108 83
73 91
8 92
95 39
9 103
13 112
91 84
77 42
127 78
64 26
69 29
7 94
115 122
79 20
130 73
57 46
78 35
27 53
126 101
53 85
69 117
3 36
62 89
84 83
85 121
74 112
56 74
127 123
78 5
68 66
21 126
100 36
96 43
37 73
124 86
25 15
84 14
83 41
121 79
114 54
109 103
123 125
52 82
25 49
100 87
5 89
108 121
95 73
73 67
20 21
128 97
66 69
18 107
53 87
30 111
42 5
60 39
91 100
35 55
60 101
3 67
24 1
125 24
2 9
55 45
87 11
122 2
3 107
7 91
98 14
26 123
64 34
111 30
128 2
96 124
76 94
1 64
50 98
34 14
21 76
14 102
92 6
81 52
10 44
62 4
76 21
116 110
71 28
89 3
118 128
29 128
50 40
30 91
95 15
96 10
88 122
122 84
9 68
10 23
3 92
27 82
17 30
36 128
80 100
83 66
55 69
33 49
57 5
47 8
114 85
11 88
91 24
68 38
61 105
35 107
59 27
109 99
13 98
66 36
126 14
67 31
88 91
68 120
103 55
29 46
75 88
115 12
116 40
60 53
34 98
75 70
74 48
102 105
92 82
11 71
76 17
62 31
33 40
3 40
31 3
130 127
43 55
122 27
108 92
29 17
60 107
99 22
58 2
99 130
1 84
81 116
91 109
105 41
131 11
118 71
83 36
12 29
74 43
62 109
93 45
124 42
57 120
96 115
71 64
26 90
18 30
66 51
89 84
105 97
100 103
43 67
97 81
30 48
131 116
75 84
87 93
63 27
105 64
101 15
131 50
113 17
26 119
112 101
19 78
79 117
15 5
12 72
25 10
68 100
39 33
21 42
38 8
13 44
71 58
29 55
108 20
124 65
53 19
101 51
59 46
130 30
43 131
53 116
103 94
29 60
16 6
24 13
86 51
85 104
71 73
31 112
45 8
124 104
112 90
37 123
31 36
63 29
87 1
6 128
65 7
2 21
17 8
66 40
94 6
17 75
59 33
46 1
54 91
106 27
2 71
22 29
15 123
45 13
114 18
1 22
40 97
44 33
54 88
80 45
101 117
54 129
103 71
79 46
24 92
102 112
43 64
71 78
59 79
87 81
105 24
120 15
31 32
59 119
35 48
110 9
62 54
12 109
62 90
62 88
104 101
30 60
63 120
99 1
12 95
59 108
86 3
77 59
12 79
83 30
16 7
37 110
29 82
111 61
51 113
44 34
105 112
19 80
22 12
96 39
27 45
100 61
84 40
106 70
44 74
37 79
121 35
99 33
109 75
57 36
70 94
110 60
48 127
96 117
47 14
33 45
51 87
77 22
77 6
17 55
125 96
34 55
106 103
18 21
80 105
24 67
54 53
82 118
54 76
84 99
26 128
91 30
65 127
36 19
1 131
113 87
111 12
9 90
27 113
108 15
41 51
74 101
96 121
85 49
22 79
72 50
52 15
34 19
130 124
52 39
33 54
47 119
1 60
21 93
108 8
6 95
61 84
1 46
4 31
36 127
25 22
18 79
116 49
121 46
99 23
37 59
20 33
95 78
82 39
13 56
24 101
61 98
89 18
39 66
81 49
129 104
92 18
119 105
93 106
7 93
70 61
65 72
40 48
20 52
84 51
6 55
113 90
4 84
35 8
31 11
41 35
67 101
47 70
54 89
95 71
85 113
104 104
124 36
47 60
2 7
104 75
126 24
117 104
85 10
76 38
41 117
55 67
128 8
103 39
74 71
99 54
77 93
82 24
15 107
111 53
13 131
110 31
10 124
106 34
28 125
66 99
85 55
71 106
50 78
71 4
54 55
90 103
70 83
5 20
118 22
9 51
72 52
41 111
16 103
108 105
55 57
100 75
113 39
85 62
12 30
111 4
118 91
120 11
105 120
43 21
85 52
65 51
131 9
53 26
103 43
94 2
114 56
51 58
44 18
122 63
103 129
97 45
26 74
97 70
110 119
104 77
95 81
26 61
56 90
62 104
126 90
115 17
10 9
120 108
41 11
125 88
38 124
4 7
128 4
21 80
108 66
74 96
40 112
109 55
18 124
77 106
29 6
127 106
91 94
109 49
53 100
76 58
113 31
77 84
26 95
75 90
94 28
100 41
92 73
85 31
63 1
96 41
7 52
101 35
80 117
93 18
125 122
26 81
64 82
73 79
122 29
119 53
99 128
123 20
3 123
100 114
6 3
46 3
94 62
46 95
80 7
110 68
93 108
66 29
105 131
83 31
83 32
112 68
106 53
106 13
111 9
95 33
87 12
70 97
42 56
20 26
7 53
108 130
43 61
66 39
7 28
95 45
26 7
98 26
117 29
129 72
91 124
78 41
37 25
112 38
100 69
16 56
27 44
31 37
43 20
39 91
128 26
124 71
127 87
117 3
80 47
72 76
48 44
101 13
22 126
22 101
55 127
107 114
104 40
122 43
20 129
106 84
115 95
45 104
37 126
83 60
32 102
80 120
93 73
97 48
105 28
119 92
17 110
47 98
29 25
76 53
77 24
101 100
60 85
114 38
44 73
75 63
127 58
87 63
122 88
55 60
89 9
77 104
13 105
11 14
119 97
92 102
6 107
37 26
71 83
27 85
90 45
110 4
78 74
52 28
126 16
57 80
106 6
60 118
56 43
69 112
64 11
70 54
11 117
84 103
110 17
125 41
80 32
85 8
127 56
49 118
82 5
49 127
82 55
5 81
45 64
41 5
21 106
67 116
128 37
51 88
63 13
53 113
