705 987 320
59 400
186 197
477 617
19 289
153 60
687 346
448 335
602 384
405 499
608 403
53 295
340 166
510 575
183 415
378 94
333 17
154 13
676 639
19 635
506 588
367 120
97 155
102 351
357 92
411 9
402 161
301 378
108 57
27 522
615 253
694 422
637 89
476 541
526 633
220 488
595 516
42 51
190 597
38 289
570 705
7 242
36 699
307 268
634 340
629 701
472 25
699 189
44 580
388 598
158 50
154 447
231 512
39 633
661 254
551 284
511 313
255 74
503 110
670 400
428 80
279 436
203 165
699 23
58 178
12 131
43 673
270 116
378 177
617 519
32 639
567 488
543 658
70 206
261 412
54 88
76 62
298 327
478 140
248 501
653 328
240 497
226 239
110 196
340 606
402 301
512 164
64 18
382 548
164 583
322 171
221 279
225 462
568 3
318 403
168 532
292 562
124 364
510 299
165 313
11 657
584 31
211 283
364 141
258 594
323 163
328 418
555 405
446 406
118 75
396 460
494 154
445 390
470 492
257 65
441 285
378 231
585 406
552 153
529 80
413 584
225 87
38 258
58 281
41 467
658 179
563 446
342 354
148 341
565 102
246 554
330 265
488 320
370 224
345 639
80 576
683 403
643 41
251 126
122 339
437 2
701 514
416 239
43 252
702 404
414 7
631 357
136 97
424 187
575 335
122 375
638 73
532 655
441 135
693 372
668 559
360 254
370 180
442 665
266 471
415 432
336 159
249 295
383 369
42 483
100 327
179 454
503 77
575 486
286 196
145 451
588 546
345 169
334 419
571 126
594 351
190 64
428 423
487 405
657 565
186 673
698 301
427 470
129 304
328 33
52 354
591 484
16 432
37 104
148 423
705 377
15 643
558 618
217 4
633 173
456 319
378 287
564 320
282 377
541 191
266 85
113 453
223 608
554 102
586 357
577 161
67 661
391 43
400 138
281 105
595 263
293 588
385 119
559 5
379 35
673 64
103 24
555 42
320 586
277 648
545 539
407 4
647 305
573 28
512 303
545 287
59 444
563 180
387 201
137 42
85 350
318 211
685 20
55 24
283 20
91 629
391 115
50 320
299 238
530 10
386 133
542 189
57 417
670 655
80 544
275 302
366 690
605 313
687 101
433 644
206 231
640 191
531 491
341 689
512 281
365 85
551 145
575 591
283 370
149 234
613 67
329 585
336 2
215 307
448 662
285 430
58 406
689 6
201 521
382 488
303 299
172 440
241 370
621 663
232 206
42 316
523 402
480 95
567 563
396 198
617 546
648 650
56 345
166 305
410 594
434 517
557 646
424 608
620 343
133 201
302 608
636 293
144 138
233 229
88 619
90 595
173 90
444 130
465 288
443 370
17 159
349 352
131 126
385 315
519 10
513 161
386 662
155 47
18 287
380 473
139 232
550 88
540 339
430 537
483 297
112 244
98 297
214 261
285 303
569 165
549 503
