938 265 157
265 625
561 157
424 892
728 317
278 904
634 709
710 66
400 880
519 228
62 430
486 307
448 2
713 190
576 307
900 616
15 315
362 75
784 656
864 19
41 925
306 381
557 926
682 758
276 155
227 384
54 92
277 869
577 139
473 301
653 853
480 637
582 569
378 843
264 143
746 915
329 95
504 489
863 12
576 227
871 418
27 72
898 895
623 577
781 256
534 693
163 563
329 661
206 395
97 368
75 894
176 178
860 622
305 139
251 874
711 42
85 873
84 831
681 875
840 934
291 383
224 219
688 114
779 100
695 730
311 676
417 225
144 76
383 439
216 103
551 935
521 863
86 889
523 60
675 474
483 75
167 24
526 366
346 778
227 176
886 550
21 39
926 386
438 593
123 399
444 921
57 64
843 91
307 626
109 722
865 231
417 182
610 691
504 391
695 446
630 831
421 38
475 657
915 261
232 276
220 259
856 537
49 295
548 805
861 766
123 709
349 214
219 486
390 620
904 857
798 438
86 695
125 285
559 8
47 311
865 746
388 224
848 566
588 611
191 549
5 891
768 824
257 742
831 725
733 909
410 93
501 101
160 595
403 929
896 91
812 584
49 313
576 77
532 99
135 390
938 764
146 721
891 868
291 152
751 523
64 103
19 928
247 309
280 754
918 880
243 332
173 715
460 634
236 110
916 17
381 730
182 773
376 925
544 269
597 418
267 774
717 191
55 41
