229 147 995
44 44
162 23
23 131
71 193
3 88
207 58
23 197
82 85
197 203
228 225
187 115
184 121
15 96
20 127
174 184
105 39
30 167
70 104
16 192
45 10
114 56
222 228
61 125
8 61
114 211
120 1
158 220
48 61
92 103
6 29
174 183
25 152
58 52
29 225
203 184
145 185
80 81
133 133
194 83
23 156
17 216
34 99
76 193
55 123
11 191
65 49
62 12
178 183
100 96
86 74
140 224
30 199
122 24
143 38
26 164
76 199
183 58
76 13
209 17
186 185
181 22
58 63
119 194
193 81
114 70
47 43
31 65
121 34
8 58
50 97
60 93
213 142
166 23
182 144
167 83
151 84
14 215
121 179
122 181
90 91
50 58
9 215
217 136
40 14
90 158
130 4
197 35
13 220
74 9
179 82
82 25
110 4
27 16
55 221
4 109
56 152
151 47
190 163
172 142
33 51
151 204
216 65
62 19
108 191
141 140
102 78
197 215
75 101
202 219
100 113
82 50
53 98
179 161
99 167
212 26
59 149
43 160
115 187
190 90
83 186
228 71
147 91
168 173
222 14
9 166
188 31
26 219
18 90
225 13
203 28
31 27
59 97
73 117
25 111
20 72
170 221
226 59
86 66
31 164
72 5
171 89
184 99
225 88
50 47
117 189
41 219
169 128
125 219
154 46
111 81
124 149
24 81
74 99
119 29
229 33
6 68
129 82
86 210
15 43
3 26
103 143
127 186
55 21
100 135
26 22
45 89
2 177
54 57
102 44
215 68
56 220
196 171
62 192
196 158
4 28
83 145
85 72
187 17
100 18
34 171
193 180
169 94
138 192
150 165
50 48
35 66
90 110
195 161
113 38
136 47
191 160
57 162
172 83
115 164
27 76
171 45
55 169
67 46
159 67
112 185
228 128
141 142
225 68
148 225
178 112
206 91
14 38
3 111
188 63
108 222
66 193
215 100
63 151
215 44
99 221
72 116
88 36
155 206
171 93
219 77
103 103
156 117
188 67
217 38
83 151
68 89
99 204
73 196
3 29
199 30
105 41
136 24
49 15
129 118
2 224
152 205
198 78
69 54
61 105
151 102
219 95
3 185
47 26
116 15
147 204
7 63
46 98
26 77
36 37
1 111
202 69
30 8
91 56
46 140
206 125
166 229
33 113
163 159
46 219
163 218
140 115
178 143
75 25
222 202
136 153
217 216
157 99
32 53
181 161
154 41
59 26
32 136
16 189
116 92
45 23
42 211
70 137
225 150
188 178
135 152
28 14
196 177
30 222
227 80
72 71
97 213
112 90
5 62
7 187
72 188
86 63
18 202
185 109
28 15
39 115
65 123
68 183
28 203
173 127
63 205
54 192
76 115
72 134
31 18
111 226
228 205
23 9
62 88
45 86
188 16
48 164
192 172
5 110
16 151
27 119
182 165
25 82
207 34
193 212
154 215
229 48
80 132
153 211
118 121
218 9
92 157
14 37
142 177
39 183
11 222
53 51
36 162
87 184
3 229
184 26
195 15
144 14
102 147
125 128
129 7
203 220
200 126
171 81
176 217
200 210
32 101
177 127
118 200
182 130
67 16
140 107
174 102
58 179
188 209
151 52
156 2
43 209
209 176
203 31
197 107
229 149
218 64
122 25
222 108
37 130
186 121
195 99
4 219
78 88
229 87
32 65
17 228
221 40
70 56
12 165
151 45
81 15
5 64
141 129
32 117
202 68
98 175
145 202
164 117
151 71
201 160
25 12
162 146
215 13
87 18
54 198
84 188
5 208
66 106
207 159
92 61
191 87
91 162
67 160
25 189
102 60
106 140
218 150
14 136
144 20
202 103
220 117
212 185
102 94
43 204
62 137
57 50
14 22
154 211
5 38
151 54
106 143
97 171
133 50
66 39
147 116
195 124
115 126
199 170
196 16
12 130
83 223
174 90
106 218
191 156
181 29
134 225
8 66
51 13
60 32
121 103
223 218
175 21
37 104
69 11
206 126
60 39
185 145
27 210
109 109
100 54
227 96
52 65
217 23
52 58
17 63
161 92
195 41
59 183
145 114
140 81
64 32
14 220
208 23
99 114
96 158
111 49
150 147
66 18
68 156
73 36
92 20
206 84
191 130
165 176
93 104
90 180
181 62
1 95
60 200
18 146
48 112
153 2
56 27
3 98
154 128
212 82
69 63
172 68
171 70
199 109
199 132
223 166
146 8
117 119
100 180
178 110
86 204
58 203
46 154
64 196
100 126
218 115
214 85
201 54
28 218
177 61
159 60
206 105
143 70
24 118
187 44
152 178
57 60
96 166
39 113
196 221
204 102
135 145
150 27
21 165
94 217
83 199
88 194
201 125
93 128
209 84
26 30
160 79
72 180
14 225
4 116
15 36
174 126
144 84
13 4
29 208
149 154
129 117
192 57
74 118
86 188
203 80
6 210
206 113
71 162
87 117
21 202
100 217
133 151
174 127
92 142
105 219
25 121
127 9
112 213
41 101
144 60
76 83
132 165
196 219
128 200
213 152
70 24
171 92
89 202
89 195
219 228
157 28
94 116
153 141
101 162
86 198
119 208
32 91
136 136
21 187
1 224
117 43
112 26
10 47
63 211
102 158
176 214
222 26
145 188
93 106
36 197
114 140
77 12
70 152
198 98
164 205
110 39
97 100
125 12
20 189
65 42
166 53
70 76
14 41
195 2
21 33
44 26
31 215
129 175
40 211
100 97
214 34
159 77
145 82
196 18
172 62
36 77
45 155
129 68
84 97
161 24
149 210
99 215
102 129
52 11
223 110
138 104
190 128
103 164
69 188
116 176
194 5
103 162
193 130
4 106
137 200
86 70
2 141
93 149
91 10
199 40
17 83
1 213
223 228
128 61
45 161
179 134
205 116
100 33
108 103
13 229
111 180
138 145
149 137
20 207
40 10
133 144
115 34
102 141
88 128
8 67
109 70
102 217
79 165
101 160
19 122
57 192
14 154
26 40
173 57
180 218
76 213
155 51
54 1
191 199
55 218
212 197
82 128
70 90
167 112
216 175
43 161
22 140
228 133
17 66
121 117
121 68
22 60
99 188
162 87
179 206
106 105
41 121
132 61
63 179
20 15
151 121
147 179
116 28
219 80
19 227
110 30
84 145
97 60
87 94
40 219
194 101
66 168
117 130
95 157
229 15
134 144
116 110
82 162
104 121
120 22
217 27
211 81
228 197
222 190
146 59
161 195
74 173
90 170
185 74
181 110
111 62
139 5
193 135
86 127
182 14
144 170
78 7
70 126
65 28
74 220
13 124
183 174
214 95
163 134
81 12
41 74
122 207
68 200
157 105
18 207
18 132
144 22
170 158
206 16
81 9
88 196
204 147
83 22
119 57
125 109
158 194
189 8
50 115
228 37
52 207
193 227
13 201
157 202
106 172
164 180
218 134
180 118
129 170
27 157
98 97
166 72
180 124
96 203
160 180
113 199
36 62
207 193
99 164
37 187
78 171
78 184
34 133
163 68
17 9
107 54
96 115
148 34
147 84
199 12
92 137
213 70
98 77
105 169
42 4
225 91
134 163
165 21
86 186
102 212
183 137
125 156
194 127
20 59
50 182
25 96
111 197
90 174
193 25
95 144
58 221
52 39
82 118
176 20
52 35
52 73
8 107
130 61
79 4
102 187
157 27
167 228
137 140
17 39
192 179
8 62
212 226
19 24
39 189
173 165
144 7
210 129
18 36
8 143
75 41
101 205
148 114
113 219
119 111
184 83
135 216
175 8
117 74
199 209
205 172
182 207
55 68
112 99
127 180
202 87
143 20
210 153
145 215
182 17
126 100
64 177
21 117
92 82
21 28
69 68
36 187
147 88
179 89
208 32
212 70
5 179
161 85
184 129
134 206
226 130
206 207
167 194
68 191
36 40
77 137
79 136
222 182
146 44
141 24
147 10
85 36
28 140
54 79
210 218
165 226
2 196
135 202
96 153
191 138
61 215
225 169
10 43
7 208
47 71
13 137
88 186
105 229
20 199
137 214
227 218
87 60
210 155
74 102
149 66
177 212
114 133
99 13
209 67
46 205
111 207
226 12
84 124
36 192
187 166
165 209
127 182
167 32
208 39
139 60
223 50
47 16
228 207
85 128
164 99
122 174
209 75
142 48
181 201
7 69
28 28
147 228
147 205
112 60
65 209
50 187
161 1
125 98
149 77
195 70
132 186
77 186
182 51
153 206
167 198
111 141
56 4
107 157
121 9
152 56
205 100
10 177
106 154
64 224
26 216
111 41
16 34
58 67
116 49
169 176
89 113
186 95
168 162
170 114
120 186
168 202
38 106
208 60
72 81
6 170
106 57
78 18
27 149
200 134
183 101
119 117
72 181
216 172
199 6
140 208
162 209
56 214
64 37
178 5
222 215
54 96
42 8
127 13
87 177
223 163
223 6
131 222
199 152
153 63
128 1
135 66
186 183
46 97
102 214
40 11
103 210
168 34
221 61
20 206
