228 968 464
21 228
181 64
12 28
168 203
213 201
26 93
185 225
140 128
141 175
177 42
107 199
111 202
61 78
76 160
30 219
13 17
113 83
150 208
101 28
210 211
162 209
126 40
140 80
184 228
23 88
135 108
151 201
81 188
61 63
6 154
223 26
42 110
15 59
160 40
5 192
217 95
148 187
226 71
2 42
94 8
81 150
136 213
52 192
27 139
93 228
153 23
160 197
26 203
52 128
1 10
164 63
85 37
143 134
64 120
222 82
191 162
194 214
70 33
202 26
209 51
16 131
187 100
208 204
13 72
170 62
217 104
151 166
103 10
209 104
197 212
181 3
68 112
60 98
203 113
197 162
21 80
150 28
133 8
95 18
67 213
165 146
136 195
216 69
73 69
162 149
153 113
112 15
76 215
13 116
86 169
5 47
74 11
177 144
227 200
13 37
49 104
207 83
202 81
60 189
51 58
23 204
14 172
56 170
107 100
148 91
28 85
25 65
3 34
18 168
154 194
187 172
168 186
176 79
88 227
198 152
44 218
209 14
78 54
66 139
113 96
123 154
201 93
133 96
98 176
60 214
74 2
143 12
126 147
206 129
215 143
88 201
174 56
3 136
84 30
171 147
201 168
11 23
33 227
122 49
25 132
170 180
123 59
87 194
191 10
31 115
169 206
227 86
42 176
100 21
156 166
223 186
184 112
3 65
29 95
50 198
228 31
108 121
97 29
163 78
174 43
3 153
84 206
99 77
145 91
8 139
171 11
198 156
79 222
24 157
217 211
157 72
200 5
97 157
126 215
221 30
98 45
3 163
61 191
82 149
217 126
214 42
167 53
142 117
59 30
23 102
122 224
227 108
112 12
56 31
158 8
202 19
152 184
12 131
35 88
127 150
78 2
112 11
78 42
116 99
209 21
170 125
153 72
122 39
224 50
124 21
208 98
124 91
47 86
180 67
201 33
112 188
138 133
14 12
62 213
14 19
196 50
142 184
176 84
216 43
15 178
84 139
104 118
225 108
170 151
46 190
52 159
165 187
87 59
63 187
151 53
68 66
111 59
131 47
192 139
30 221
95 10
76 221
213 48
25 4
90 206
221 115
32 177
147 107
200 56
39 13
41 206
86 64
82 2
32 11
27 45
200 105
201 73
205 137
88 23
54 221
222 162
24 113
208 13
22 26
139 101
167 142
24 97
53 201
152 7
124 104
209 118
125 136
201 124
72 201
132 22
213 147
163 57
96 219
183 13
68 193
144 196
85 177
10 56
158 64
62 212
163 155
32 13
94 216
139 19
166 107
41 9
127 155
193 55
51 43
138 150
148 38
184 98
179 34
150 81
129 174
210 157
192 172
5 46
7 222
104 50
218 120
54 191
225 52
121 55
191 84
149 165
201 118
123 179
170 205
226 126
41 1
19 123
218 2
121 72
64 109
47 184
90 103
104 124
31 217
161 164
93 98
170 76
5 49
121 93
67 136
198 3
215 81
204 204
16 195
220 172
100 148
110 133
142 121
183 223
147 57
66 110
105 104
130 38
174 63
12 175
194 70
186 125
72 152
175 188
71 103
60 47
201 64
214 160
31 19
213 63
65 64
64 190
177 46
227 98
141 146
44 190
162 87
24 25
184 27
18 132
146 157
111 204
206 145
164 207
173 116
212 224
149 54
48 18
10 39
196 222
110 64
142 124
110 102
71 12
95 133
121 155
130 228
225 38
17 100
151 202
49 197
192 21
113 93
116 187
178 181
155 219
226 167
89 154
210 28
227 138
9 226
144 10
99 117
180 211
174 118
172 69
78 77
131 136
75 113
48 124
16 35
184 157
57 108
37 154
152 211
202 27
88 54
180 151
155 4
146 97
49 139
78 4
111 44
131 6
174 162
132 7
128 194
116 1
98 170
118 199
91 201
42 118
190 19
124 81
161 67
62 217
168 176
142 220
125 162
185 104
4 27
18 6
55 92
119 192
151 51
167 152
208 84
93 114
172 136
98 4
170 54
77 188
109 224
190 52
44 117
143 121
44 182
56 173
123 167
115 81
190 33
130 18
131 144
68 224
195 137
221 224
57 79
126 74
75 82
169 171
162 211
194 218
177 49
210 165
