153 769 741
61 34
69 83
72 59
48 150
69 42
114 150
17 121
55 66
100 122
133 17
108 132
58 125
83 102
19 26
118 63
73 103
138 87
45 134
152 77
36 136
69 8
98 64
129 138
90 81
92 110
113 76
134 110
128 28
70 129
128 5
137 51
63 28
69 105
109 104
108 25
20 87
115 136
10 93
60 90
151 49
146 21
41 1
111 112
153 59
17 40
143 18
56 35
102 149
137 70
14 26
81 62
87 107
11 12
129 6
98 83
21 114
66 152
90 78
118 131
51 55
84 130
40 110
81 24
143 6
8 4
115 101
36 105
68 28
21 44
2 112
63 128
8 50
85 30
19 128
106 126
20 131
67 107
126 20
81 74
93 101
106 141
47 12
26 60
23 59
34 44
109 102
136 69
105 121
45 145
119 46
65 9
98 21
41 142
28 66
28 91
123 118
134 32
135 25
138 116
127 135
20 71
22 82
6 122
93 122
27 67
59 10
61 32
72 52
35 61
17 112
12 128
121 101
1 51
133 106
29 103
2 17
3 78
13 21
78 117
43 31
67 47
130 147
61 130
110 8
23 148
15 62
54 44
38 67
32 137
81 59
122 134
58 66
109 118
72 10
69 117
71 60
117 80
60 10
68 122
55 74
34 103
20 128
118 115
148 123
76 24
18 137
100 4
145 17
126 139
88 20
136 50
40 22
151 4
91 109
56 91
65 139
121 57
54 19
67 81
51 103
35 78
138 63
134 37
43 119
64 21
29 153
153 106
43 81
58 113
90 52
62 100
59 112
131 50
151 48
119 76
49 152
46 95
98 60
19 65
34 114
71 123
68 91
137 147
71 64
149 56
140 109
68 74
49 108
108 40
12 88
42 134
34 77
104 89
150 135
124 12
94 122
115 85
100 110
58 28
148 148
56 92
92 151
46 96
49 137
33 60
91 137
52 59
136 100
107 105
51 150
102 145
81 134
113 122
109 64
22 11
115 110
98 14
144 26
107 109
103 117
52 133
48 115
153 5
115 66
98 45
101 133
18 18
75 36
116 125
95 92
1 97
40 107
113 119
67 62
35 24
39 142
31 34
153 41
115 45
41 64
17 35
110 7
12 145
34 69
28 18
74 56
80 62
111 20
146 5
68 100
150 153
113 23
64 36
71 57
20 148
36 109
104 51
37 6
77 64
57 146
146 76
106 89
102 102
97 15
132 29
4 36
43 60
152 143
153 118
136 66
87 58
78 13
50 79
83 56
57 65
116 56
10 38
86 36
142 25
60 126
70 107
146 38
44 54
76 14
147 135
134 44
82 149
26 147
15 4
72 55
97 61
65 27
15 146
60 132
60 40
53 65
148 91
115 78
110 77
113 16
58 51
7 15
52 121
146 134
85 18
81 108
63 84
97 114
47 48
49 40
26 58
151 138
23 93
58 86
59 27
118 9
21 105
109 131
51 152
134 49
100 16
31 143
66 50
30 144
93 60
98 98
6 105
30 57
85 80
83 48
133 30
68 37
15 109
131 69
85 72
22 102
96 22
68 52
35 49
92 58
113 4
150 141
124 63
91 126
151 88
107 63
61 139
23 10
68 99
36 103
110 118
127 6
82 11
99 42
120 116
133 12
125 48
96 72
139 16
38 14
153 103
126 12
48 57
36 27
63 36
5 71
111 84
85 73
4 73
32 38
43 149
144 72
134 134
152 73
110 107
63 108
11 149
125 22
43 110
86 151
127 125
34 151
150 134
61 5
8 60
136 68
136 37
79 15
88 55
4 47
4 99
121 150
149 47
149 99
112 31
114 26
2 128
28 146
19 131
93 87
4 16
85 20
9 100
127 80
55 96
12 64
26 95
124 8
127 150
18 103
15 55
80 92
66 64
149 105
100 150
97 88
137 89
116 68
114 44
118 145
117 39
125 39
34 31
75 21
56 71
114 115
41 147
125 45
108 53
142 79
135 132
137 90
107 152
97 16
37 65
146 6
42 110
137 35
46 110
131 59
126 69
123 3
143 113
70 17
134 135
129 106
134 101
7 134
106 77
144 17
32 72
34 127
70 81
77 10
86 1
40 68
104 93
67 86
68 36
64 55
97 118
71 12
147 75
2 57
145 99
97 100
148 100
44 143
84 54
90 79
135 33
9 102
74 105
40 81
28 106
59 68
36 128
118 94
92 83
4 19
130 92
122 91
3 29
3 50
39 97
103 120
22 40
37 78
124 121
40 54
147 52
79 52
51 134
47 121
34 120
21 36
97 107
60 85
41 77
150 57
111 31
97 139
79 28
7 55
125 125
79 115
62 141
56 97
57 4
89 104
74 85
45 139
70 39
101 82
124 35
138 145
5 119
31 51
151 149
130 130
83 41
106 20
72 134
146 37
118 147
35 142
1 18
141 16
70 16
151 120
69 85
125 2
17 1
145 28
116 91
113 30
48 38
15 141
132 80
142 85
61 107
122 35
67 85
79 13
122 92
6 104
149 88
52 72
51 144
60 116
131 121
35 70
84 96
150 127
114 86
49 69
15 12
24 17
136 38
45 13
39 102
27 141
114 113
4 93
111 106
55 149
98 16
137 31
137 67
95 126
71 116
97 27
147 88
119 126
38 62
122 78
21 99
149 49
125 150
73 54
14 58
140 22
112 69
130 24
26 100
53 25
5 7
145 68
40 1
122 23
65 147
131 72
103 54
16 69
137 19
127 149
73 58
53 94
153 85
102 132
118 97
42 14
81 63
60 105
37 107
4 15
77 20
89 121
138 118
34 72
122 68
39 121
73 28
121 84
20 23
138 51
17 139
130 23
65 50
18 80
72 104
117 152
15 73
2 98
93 75
19 47
68 92
147 78
9 96
24 66
119 137
46 22
73 35
150 116
97 83
18 97
138 9
80 87
51 76
14 98
62 74
14 97
80 15
102 50
39 101
103 67
52 105
129 126
75 20
59 114
118 139
135 96
79 127
125 3
94 103
16 95
106 79
43 29
125 14
8 74
30 123
111 74
103 97
51 69
90 39
99 15
18 138
101 138
33 32
28 82
99 150
8 12
142 94
37 4
50 70
15 152
111 67
99 82
52 69
33 86
71 94
34 3
51 80
99 99
126 68
133 99
119 149
110 35
10 67
118 14
51 6
3 62
136 150
117 112
128 40
144 60
71 93
125 100
83 104
39 141
67 140
150 76
83 116
93 62
72 149
18 74
38 7
53 149
27 92
117 81
52 37
111 102
146 61
112 3
43 45
30 112
135 66
43 6
89 60
9 91
2 48
100 134
95 87
6 134
81 39
149 30
136 122
65 66
109 9
120 39
76 42
126 61
103 113
116 124
30 92
60 12
58 95
77 51
29 105
130 127
137 133
