76 594 963
72 1
31 49
50 65
38 72
34 44
32 55
3 57
52 27
76 63
26 9
24 45
72 53
43 63
30 37
29 40
76 32
48 24
73 24
66 74
5 36
41 18
45 54
57 4
15 32
71 37
50 19
70 19
49 3
31 8
48 34
36 32
6 65
58 1
68 2
45 41
19 25
8 3
75 42
2 51
11 34
14 9
22 48
46 62
20 74
5 62
37 61
49 51
37 5
76 15
49 14
55 64
7 49
36 6
61 74
41 10
68 68
65 74
6 34
36 47
27 1
62 61
60 17
48 20
23 53
14 38
64 39
16 63
13 2
17 3
53 36
8 43
35 5
13 43
27 6
76 1
43 57
60 25
60 47
16 59
43 70
30 11
50 48
64 49
67 61
56 75
52 60
13 20
8 52
76 72
17 46
16 23
55 38
17 69
41 71
7 1
24 61
17 16
1 14
69 41
43 58
12 63
5 43
16 15
69 52
2 30
72 22
64 20
20 57
21 4
44 28
75 2
73 4
66 24
28 11
7 48
15 59
76 66
49 7
8 34
70 68
8 17
20 64
29 50
76 42
27 52
33 62
44 30
37 43
21 48
27 14
15 70
55 2
3 59
47 30
37 10
2 2
65 4
25 37
31 21
6 44
10 64
62 29
45 33
31 71
43 75
7 45
40 32
21 53
25 62
32 73
32 40
7 43
73 68
70 47
70 73
44 31
39 64
9 36
25 16
38 59
24 24
8 75
74 8
23 62
60 49
56 47
5 73
43 40
74 19
46 58
21 33
37 73
38 62
71 48
66 8
35 75
24 20
76 39
64 57
29 39
68 33
34 19
8 63
67 74
10 13
64 62
45 2
23 66
8 23
7 5
71 34
23 9
41 21
30 14
52 62
14 36
46 35
28 75
56 4
23 13
30 29
21 73
26 49
30 39
43 68
2 47
49 15
71 11
35 38
40 19
19 28
51 40
33 64
64 48
17 50
52 52
28 62
33 33
10 72
41 61
35 56
25 41
23 74
24 40
10 35
21 3
15 38
74 30
36 43
45 30
42 16
76 40
31 39
41 63
25 51
29 56
65 59
55 17
63 68
50 39
18 58
53 56
24 1
41 67
21 12
34 24
67 70
16 4
41 30
72 28
6 14
31 36
35 39
28 36
12 7
36 40
69 28
11 44
33 2
70 76
9 66
66 61
36 48
75 60
70 11
31 2
54 49
47 38
61 6
75 21
55 56
29 7
32 33
56 58
7 36
51 17
75 72
22 4
51 35
45 65
75 58
70 70
74 24
64 33
31 4
43 60
1 20
62 8
76 23
46 67
66 71
46 45
63 74
28 49
42 36
72 52
40 61
69 61
76 24
19 5
62 66
61 20
52 28
51 41
67 16
9 58
60 51
11 59
25 15
28 44
29 32
20 50
62 32
27 69
61 45
57 45
47 3
76 45
31 14
60 5
18 75
3 26
60 13
54 66
34 32
14 5
28 47
76 20
56 43
18 54
16 46
15 26
22 63
13 9
60 6
58 25
75 36
38 18
47 36
4 23
24 31
57 43
49 4
17 40
10 67
28 71
2 5
39 46
56 50
42 44
61 12
39 31
26 3
71 62
63 33
54 7
4 76
64 16
11 4
61 3
66 40
5 74
70 55
69 45
76 67
6 58
57 7
15 23
35 12
1 72
45 38
31 69
42 25
54 24
8 67
58 18
33 27
27 76
72 36
25 19
68 75
59 33
12 4
9 41
45 5
38 2
11 17
74 57
66 69
9 73
8 73
3 51
51 1
12 64
76 37
48 68
43 34
66 45
3 29
44 44
11 18
49 60
22 42
46 61
62 4
22 29
65 29
19 38
43 20
24 15
16 32
32 4
49 58
54 2
32 39
31 31
44 76
18 2
22 70
48 12
60 35
7 17
75 63
50 18
51 27
24 22
23 37
12 51
49 24
2 60
27 64
26 62
49 13
40 73
41 6
61 52
2 6
21 56
59 76
11 48
12 52
46 16
12 6
49 10
15 31
68 44
65 36
43 36
42 69
36 76
23 43
60 58
45 53
6 26
21 60
37 18
40 37
48 65
42 68
26 6
14 8
53 63
43 16
27 55
1 17
48 37
69 44
37 40
29 5
38 35
53 60
64 8
36 36
40 28
11 15
13 42
50 68
37 41
70 44
44 60
62 69
62 21
17 15
53 34
10 5
58 23
13 21
29 63
32 56
60 74
67 48
6 13
19 23
65 8
64 19
75 74
66 3
62 30
19 45
55 31
42 50
71 65
35 17
25 74
30 25
6 40
10 56
56 44
35 8
48 31
33 28
76 34
17 29
25 32
28 10
76 52
76 26
4 16
76 55
59 10
24 10
9 51
45 72
45 37
56 71
38 30
42 32
53 21
61 38
28 5
1 47
4 25
30 1
21 27
6 70
58 64
68 29
28 64
57 51
51 74
25 56
7 29
52 49
10 2
65 41
20 27
70 6
33 67
40 57
22 54
58 53
76 9
60 45
30 69
2 39
11 47
18 62
60 8
71 53
48 9
17 9
73 44
63 35
11 3
70 24
56 45
36 56
57 50
66 53
36 18
16 45
29 64
67 75
33 15
46 23
29 62
36 23
53 20
13 65
29 38
19 3
40 23
13 15
25 22
40 1
45 27
65 55
13 1
47 5
24 23
44 6
70 58
49 62
6 5
12 70
17 66
54 38
76 50
49 47
37 26
37 27
10 28
19 20
26 76
12 68
23 52
22 11
66 41
42 66
74 58
62 18
36 7
10 16
25 31
38 71
30 36
19 49
36 4
11 73
35 60
47 16
9 38
17 25
45 6
16 37
1 23
40 6
65 65
59 39
5 76
18 74
21 29
42 4
49 22
19 10
71 60
17 31
75 17
2 42
39 76
13 27
37 11
34 13
44 58
42 17
68 48
66 73
57 1
69 68
24 73
66 36
24 18
34 31
29 16
42 40
47 7
26 41
27 25
40 56
25 6
18 42
71 40
66 21
3 19
60 30
70 13
34 26
27 67
31 20
48 38
44 20
61 30
68 17
45 1
9 49
46 25
51 57
4 52
20 24
70 49
27 34
24 42
42 8
44 39
30 54
17 70
27 72
68 62
30 31
13 35
35 2
47 48
51 5
20 21
18 27
61 26
67 10
28 19
63 17
65 75
73 1
58 70
11 24
71 16
6 10
6 64
72 4
10 34
14 52
53 35
67 40
2 28
21 5
17 49
62 39
36 44
52 76
36 51
69 60
71 64
76 56
28 2
39 38
55 41
41 74
23 72
3 24
29 34
59 38
61 32
5 50
6 33
36 19
2 64
21 15
4 70
2 70
5 41
26 20
50 73
14 55
30 17
10 46
9 60
40 75
8 8
64 10
32 8
23 18
26 30
33 24
39 16
1 69
45 50
2 65
74 31
56 24
16 69
17 7
33 6
53 18
1 29
26 21
28 58
75 67
69 34
51 24
3 43
53 19
76 36
64 76
41 14
56 76
1 74
5 14
48 32
49 29
53 11
71 5
38 75
29 14
41 19
24 36
61 5
46 22
61 57
63 7
26 50
2 1
38 52
75 24
26 15
51 63
75 61
16 17
22 47
26 70
14 16
44 11
32 28
75 10
22 53
31 13
56 23
53 53
47 47
26 11
75 1
67 27
36 69
37 19
32 46
34 2
52 32
17 28
8 42
27 31
36 53
11 35
27 42
15 61
26 38
20 45
57 8
46 75
18 56
20 31
16 56
54 8
19 75
39 75
12 21
66 55
14 61
63 11
15 63
6 21
64 1
71 51
40 41
53 40
69 57
24 72
67 76
6 12
50 28
45 45
57 2
14 12
34 20
24 47
7 25
54 71
23 71
62 33
43 44
58 66
71 74
61 33
64 38
47 20
34 69
10 10
41 62
4 71
60 11
45 62
71 1
32 20
30 74
4 3
73 30
63 42
64 64
36 37
12 65
32 74
76 65
41 54
24 69
33 31
76 64
9 57
17 76
51 73
42 10
62 19
34 59
33 20
23 67
63 37
38 55
1 65
32 41
59 29
72 21
76 47
48 19
19 60
33 37
56 52
50 44
39 45
55 45
23 28
12 76
62 75
1 70
63 20
25 61
24 52
5 15
28 13
42 9
76 44
61 34
72 8
52 74
74 7
22 13
57 74
23 30
44 75
19 16
33 66
4 43
62 22
69 8
70 40
30 57
76 11
5 59
8 71
15 64
18 52
26 23
27 53
68 3
29 13
8 48
53 57
24 43
36 27
65 63
51 32
16 61
68 24
33 12
38 7
30 76
68 70
69 54
69 13
18 57
65 43
42 38
41 55
54 14
63 51
28 43
43 64
45 56
57 33
