906 287 731
416 28
166 99
78 168
854 545
419 48
828 712
637 396
621 902
669 106
98 736
165 906
221 782
362 417
364 101
134 466
733 129
410 665
634 201
39 691
50 334
603 46
319 409
284 895
535 517
308 841
800 796
79 130
199 360
867 343
891 632
339 168
663 838
302 436
701 174
629 866
854 797
183 684
312 626
834 898
890 881
794 536
378 904
21 814
409 636
895 743
499 103
340 465
797 186
105 156
626 519
198 160
88 654
436 76
30 285
858 785
485 716
727 708
84 780
778 739
160 519
740 41
547 408
109 471
796 520
863 366
336 860
726 635
21 554
106 684
423 541
848 789
36 90
536 520
226 38
707 606
128 507
543 853
463 668
522 883
675 764
138 533
623 432
370 158
385 628
423 46
435 664
893 549
840 118
299 711
381 477
393 321
670 599
457 750
790 652
514 79
832 387
433 123
671 29
374 479
374 228
535 266
597 488
149 486
838 892
768 578
682 103
138 398
366 633
507 207
170 97
788 442
600 18
217 214
507 444
508 710
186 329
94 487
769 804
358 33
304 819
807 248
113 163
716 763
676 778
595 89
324 742
11 869
320 66
597 642
683 540
715 219
759 876
411 869
684 353
285 409
411 532
741 521
410 275
592 156
865 829
191 4
435 649
283 408
128 529
31 401
544 875
360 530
336 777
91 407
78 724
547 614
545 52
309 763
624 227
25 184
859 569
896 694
438 293
573 776
449 609
159 833
72 629
48 327
99 103
96 841
704 609
263 695
275 532
720 711
12 754
722 1
705 739
539 50
58 32
320 59
112 423
578 281
311 66
141 329
291 402
580 773
706 684
475 42
75 151
406 322
643 106
608 163
714 550
99 402
401 286
65 702
702 710
210 600
120 840
44 371
871 871
807 401
821 552
296 233
350 23
313 826
221 464
457 748
26 328
360 383
398 344
482 530
376 107
290 604
573 58
515 9
811 802
803 89
237 892
737 198
133 637
166 191
22 181
193 490
383 701
521 784
329 791
236 770
265 384
365 454
244 302
413 395
123 602
658 493
649 381
348 456
419 159
655 666
325 409
716 137
167 588
120 410
197 22
400 734
331 184
440 241
859 727
91 613
521 30
659 147
875 533
357 578
829 479
220 773
92 260
831 496
902 773
197 505
655 730
454 439
569 354
662 446
213 491
134 722
656 441
882 45
586 795
715 295
9 616
469 277
442 13
613 161
397 858
529 75
596 511
838 759
723 493
813 215
883 479
396 165
864 619
709 239
21 645
199 160
230 595
760 484
606 109
779 612
151 889
629 686
13 589
718 651
811 750
59 237
777 145
728 166
676 250
519 716
666 97
114 428
314 837
515 300
389 27
336 130
322 892
443 354
421 482
484 53
174 280
129 712
383 798
195 597
400 604
591 646
106 881
263 400
17 232
659 298
545 207
211 519
797 556
280 527
597 817
375 771
41 37
598 301
905 384
694 815
901 169
371 80
532 580
341 501
897 607
109 740
604 223
623 827
695 441
438 350
744 238
210 361
100 416
320 130
89 149
10 418
212 183
378 24
533 128
834 306
499 818
446 357
48 7
807 256
354 625
68 403
159 463
680 286
386 515
20 628
673 82
138 352
108 590
858 442
556 647
285 200
258 850
206 862
563 38
650 745
837 870
258 53
617 4
313 746
802 397
163 695
209 795
519 291
469 449
355 249
710 55
230 794
374 81
68 439
762 53
132 636
493 39
22 662
535 559
339 721
529 449
903 573
771 532
196 14
872 552
90 670
454 749
136 551
240 118
377 222
149 347
685 691
809 660
121 601
283 258
700 76
493 106
6 717
32 430
283 673
850 532
109 629
599 753
29 213
352 884
509 647
73 692
741 277
264 54
703 641
97 489
337 548
292 23
110 732
409 367
867 83
134 886
324 28
852 484
372 12
701 376
533 832
340 29
430 479
188 199
435 247
74 478
394 641
900 891
380 658
490 355
30 601
278 407
575 493
581 210
555 59
654 359
189 516
60 116
482 96
428 536
315 633
16 18
838 272
8 264
197 516
898 673
889 142
831 337
152 422
551 458
85 755
753 325
161 489
496 1
307 368
694 453
837 516
451 826
890 229
404 530
846 373
597 287
834 322
512 305
861 188
643 359
207 48
557 105
662 155
369 775
242 787
757 108
198 456
788 640
125 510
112 390
211 492
386 367
553 455
194 78
501 724
352 747
50 676
229 723
509 825
409 244
262 9
892 60
363 802
455 444
673 726
96 203
866 191
456 642
700 522
905 349
743 501
699 675
465 662
874 300
753 713
373 618
139 529
281 145
582 58
799 812
107 285
68 810
306 404
608 857
221 865
25 280
901 376
774 490
584 137
470 887
646 187
763 663
595 345
173 790
567 454
5 500
847 641
87 813
6 423
874 512
446 885
627 417
664 489
226 143
239 483
329 388
888 540
651 875
469 159
486 843
194 347
549 474
277 81
224 20
246 154
270 61
878 815
881 549
501 508
903 427
551 768
807 843
102 328
196 373
309 290
254 564
703 168
617 214
103 538
580 443
174 181
481 408
739 679
227 228
151 67
854 363
413 99
302 895
413 633
169 464
169 429
578 233
615 631
768 361
45 599
280 774
848 92
432 236
379 511
117 574
223 749
177 227
200 883
707 87
818 644
746 832
208 893
552 279
391 901
4 361
798 544
445 193
834 51
322 688
274 485
683 572
78 103
113 728
464 798
751 33
559 347
18 596
24 383
220 668
904 805
746 634
399 825
699 184
216 633
161 638
802 490
119 109
615 796
411 577
616 172
331 195
266 789
834 139
790 662
134 895
692 281
490 654
757 797
559 279
791 464
528 218
514 521
879 218
634 24
811 171
742 773
881 505
401 574
143 554
681 502
691 139
602 148
528 641
350 859
715 875
172 286
553 371
616 517
454 81
824 397
790 54
682 98
420 409
204 802
260 246
365 174
796 750
883 124
444 76
705 311
114 883
203 291
830 694
697 105
745 315
411 178
714 41
445 611
47 218
280 812
822 23
872 633
827 116
236 873
608 725
855 441
197 631
223 255
841 556
671 514
213 296
531 468
342 382
597 894
584 699
245 550
887 803
649 575
403 352
892 586
425 154
150 600
407 517
101 195
401 319
310 53
85 853
262 799
559 865
356 853
691 442
22 83
749 758
407 864
446 37
253 124
38 622
814 421
837 380
819 198
152 391
450 814
585 101
287 808
634 140
199 595
544 523
719 307
307 478
803 492
49 143
336 879
508 305
741 462
699 52
321 774
635 391
893 786
357 75
124 286
528 246
361 693
634 607
101 793
777 315
668 814
