753 937 171
673 473
643 26
219 616
471 25
592 333
488 644
380 747
206 706
84 630
420 149
748 449
344 340
154 100
168 501
676 677
269 95
138 434
549 641
62 718
662 25
133 534
532 101
239 268
467 303
522 662
159 423
124 149
704 583
96 116
102 244
503 224
576 38
4 721
107 87
527 213
720 174
696 578
82 542
592 635
76 385
618 94
722 243
56 603
355 60
415 3
213 279
85 163
395 180
474 270
410 212
39 646
420 280
207 185
652 725
673 584
416 676
647 354
195 644
360 472
689 454
219 138
706 161
693 462
623 463
588 103
627 298
278 490
153 672
743 473
533 179
43 284
555 188
383 209
251 733
577 133
326 671
230 663
44 579
63 189
52 664
486 389
509 479
737 55
323 162
661 22
727 304
422 206
653 730
295 534
313 353
74 108
498 384
662 585
486 171
582 303
660 681
139 595
585 352
693 662
744 355
588 503
399 380
730 18
201 672
144 303
121 383
477 714
58 304
354 621
312 229
313 615
391 296
159 65
437 687
696 735
418 109
297 420
278 155
14 115
489 420
612 729
580 300
276 322
118 337
532 352
216 370
385 347
139 288
577 174
697 322
169 465
325 106
425 672
89 351
354 167
398 395
69 622
224 158
41 131
574 501
46 619
153 590
494 401
492 5
211 136
99 680
546 373
572 595
345 486
174 720
331 305
197 180
396 659
483 576
561 3
225 474
501 244
558 302
229 175
627 68
5 410
23 204
12 176
557 197
122 666
151 533
528 71
164 721
416 365
558 370
303 65
