675 614 956
91 149
161 399
608 87
438 19
26 50
283 481
535 644
309 404
118 90
643 286
292 482
382 504
575 134
214 225
454 9
24 193
82 487
394 382
202 429
299 7
385 221
258 516
613 63
593 141
349 501
625 317
501 413
165 607
389 252
544 206
387 445
407 167
165 581
368 220
332 378
173 600
264 632
636 556
291 365
395 602
237 568
16 81
53 565
170 439
396 254
34 99
575 62
135 241
494 233
245 95
365 243
56 385
146 575
28 257
178 324
70 15
362 241
182 483
257 285
9 35
473 633
27 379
97 360
665 632
220 312
195 120
604 156
205 652
232 469
609 176
541 547
299 228
217 327
16 236
193 338
570 530
638 193
2 49
309 561
597 267
200 124
609 34
104 417
592 193
126 356
615 60
253 436
427 412
636 28
143 275
177 138
52 578
495 648
526 535
26 101
420 421
506 240
259 658
474 81
365 516
162 223
389 665
441 569
251 237
512 85
505 648
567 138
311 654
483 388
324 452
303 636
82 450
476 324
148 22
452 206
349 199
624 463
31 1
367 26
209 62
280 422
443 358
304 274
199 44
523 37
669 499
262 470
534 136
321 380
573 36
512 604
148 344
588 119
471 541
23 484
311 467
369 33
251 486
233 185
565 372
472 546
523 578
483 634
129 220
555 375
511 416
270 586
309 523
66 656
196 47
361 535
166 145
350 132
499 130
89 216
299 468
675 252
336 277
142 10
389 92
267 591
340 437
522 636
453 414
404 101
125 110
121 138
447 572
466 99
139 360
267 144
663 469
270 9
653 362
366 94
548 411
651 340
133 101
111 647
422 34
575 133
89 343
403 29
51 247
496 72
474 308
619 37
667 633
322 520
601 213
662 144
122 195
625 120
614 361
119 442
104 267
490 159
81 149
448 468
107 447
316 375
479 601
1 193
51 617
652 321
642 306
207 617
379 183
411 99
359 47
191 228
255 633
209 303
541 322
488 327
296 550
501 169
21 281
260 504
73 220
154 150
470 649
315 369
325 665
575 18
386 633
158 640
632 47
90 146
657 83
527 258
666 145
569 370
503 391
176 248
416 581
250 528
499 211
294 122
380 190
251 154
264 281
545 15
488 232
217 304
426 5
116 119
493 157
642 381
570 367
597 17
656 95
364 335
533 399
544 362
560 218
286 317
259 446
275 30
425 642
96 441
57 387
132 479
606 642
79 449
60 434
193 16
555 241
579 75
667 93
410 105
278 517
155 587
408 412
5 471
525 80
316 109
438 116
157 410
60 294
192 533
350 175
391 494
177 48
361 50
42 113
564 227
76 508
476 85
218 333
646 340
525 637
440 79
262 423
557 28
324 43
567 72
128 399
247 580
190 466
424 531
540 602
143 231
245 135
659 182
23 316
72 246
320 100
209 429
296 352
162 3
436 268
140 334
389 521
503 596
639 87
659 212
226 417
452 247
37 598
109 344
269 574
549 334
472 173
345 455
263 502
668 408
357 79
652 250
122 575
272 73
573 93
525 39
510 229
32 531
508 571
648 440
428 322
180 167
360 477
600 87
160 509
571 599
9 337
10 223
554 105
218 598
206 546
228 589
354 216
357 118
525 380
343 408
569 451
460 224
382 255
98 412
268 63
540 451
445 633
178 93
87 326
388 317
540 513
326 104
143 107
187 387
462 308
25 314
527 211
556 634
448 35
324 308
196 434
357 598
20 25
244 365
484 466
480 7
137 335
77 253
37 570
554 380
406 119
542 465
383 375
269 165
501 202
287 283
672 68
539 663
120 494
653 279
375 87
176 140
150 295
301 390
560 207
429 383
649 137
543 565
566 412
522 550
23 190
397 402
308 147
249 535
505 659
28 496
18 299
551 64
418 90
260 224
357 635
316 648
70 157
536 278
571 122
373 278
254 671
544 20
523 171
575 312
138 319
465 612
126 158
148 323
455 102
391 433
254 429
592 280
177 593
41 182
665 667
341 459
662 285
141 370
35 125
38 592
467 646
17 600
470 63
236 349
279 87
424 209
431 526
331 30
286 115
346 79
187 623
224 162
157 89
468 194
208 101
197 82
21 358
390 458
652 330
2 634
53 353
637 181
513 511
331 534
387 229
358 400
189 209
533 453
654 528
213 296
650 414
109 300
224 369
496 416
662 17
253 280
241 348
528 236
220 296
557 412
551 290
80 285
649 519
438 600
526 42
50 466
258 541
209 174
504 370
484 16
211 374
429 384
588 407
631 22
216 102
431 604
589 127
561 111
9 281
543 374
420 594
669 573
443 434
567 505
396 457
565 444
73 95
275 246
382 429
143 435
282 471
312 519
670 25
653 304
327 35
357 19
260 245
314 129
401 597
70 388
536 411
424 1
362 525
276 608
491 310
246 362
254 134
38 491
469 216
96 595
448 290
66 443
392 387
311 474
451 353
55 507
515 502
375 18
650 668
152 304
21 278
166 513
367 648
351 560
58 570
7 572
347 662
418 438
441 201
301 42
150 284
432 300
674 582
41 361
465 495
409 457
650 378
652 327
64 297
82 100
296 47
260 37
43 523
660 563
423 110
45 586
347 239
576 636
169 275
431 416
574 105
646 102
260 107
424 20
261 193
292 649
344 152
278 428
646 520
442 430
577 556
408 662
546 419
25 274
124 411
340 300
46 649
569 321
458 425
673 187
156 593
402 652
460 36
10 207
241 646
31 8
465 239
662 411
640 117
258 103
81 303
636 300
489 642
172 419
35 675
661 38
591 454
325 186
259 423
194 112
466 595
534 524
374 238
568 428
598 513
506 2
185 648
585 210
209 122
78 614
344 198
287 19
148 528
147 490
212 500
220 383
504 58
403 600
632 171
137 455
470 406
44 115
41 233
36 269
260 187
374 132
663 259
503 373
507 236
403 660
627 269
674 429
413 622
50 96
523 233
107 257
376 49
585 138
618 303
389 654
428 268
288 474
79 540
569 31
471 122
587 629
490 591
114 599
658 185
50 530
523 668
110 325
140 612
312 329
108 23
626 548
350 223
401 35
151 671
585 220
614 100
276 625
549 580
571 311
166 453
18 389
82 375
255 37
254 290
156 526
267 284
227 480
14 164
301 651
597 379
183 301
648 582
512 168
176 123
527 313
42 196
530 505
72 378
389 368
460 203
366 211
634 627
520 202
675 387
131 85
490 622
473 348
655 82
375 303
502 422
10 630
410 246
324 279
111 342
86 12
340 190
547 633
532 454
94 505
424 382
272 502
572 643
127 9
445 416
567 635
643 211
573 613
200 316
583 601
556 637
364 100
223 348
118 556
425 119
117 570
298 644
190 180
277 56
117 56
74 284
159 282
213 125
522 77
209 147
453 304
41 148
46 307
55 565
210 135
249 224
351 618
318 188
159 537
601 235
558 218
515 498
345 380
325 34
562 517
310 573
324 673
382 305
603 182
604 402
588 449
480 118
335 85
667 246
107 439
326 601
137 375
93 283
13 377
71 489
622 660
624 138
385 115
289 135
246 633
602 336
33 358
179 3
48 428
228 293
671 426
121 288
478 66
513 517
355 609
272 508
365 196
213 403
203 251
483 230
549 518
279 656
527 484
467 224
339 72
249 245
23 298
670 113
248 5
562 52
607 14
8 137
324 547
403 59
319 149
321 449
285 145
157 371
46 484
253 106
132 77
653 393
329 538
576 474
295 557
75 330
130 120
413 40
639 311
237 434
140 630
438 448
455 539
158 516
631 58
95 56
160 582
126 90
535 475
441 219
546 206
347 384
404 134
578 458
433 574
607 469
562 89
255 22
578 181
48 57
342 2
342 511
82 551
317 238
124 280
651 223
501 423
642 126
532 321
45 567
179 170
511 400
171 383
165 255
95 335
195 231
494 250
653 100
116 449
322 479
14 379
608 519
277 404
590 103
83 535
153 593
655 128
640 303
238 197
607 431
489 416
290 135
145 653
544 105
105 108
2 197
243 651
445 97
514 243
34 85
169 297
510 264
178 105
447 595
590 489
420 474
359 607
407 89
468 106
647 32
391 214
336 291
193 413
138 393
136 35
40 199
388 89
382 22
566 619
512 99
216 117
184 496
1 583
21 284
425 436
268 157
129 323
464 652
337 218
422 641
395 671
7 213
72 151
617 602
573 645
420 116
239 179
106 488
279 88
44 459
301 530
377 583
112 498
528 451
441 393
432 292
20 567
669 27
134 497
354 637
90 345
580 663
132 543
216 478
209 341
124 265
594 625
202 525
322 156
533 196
637 33
524 49
31 149
489 334
438 455
341 66
589 499
236 8
362 379
487 169
308 551
300 652
655 229
606 173
653 532
291 527
312 165
469 506
