823 671 258
584 358
762 37
654 620
713 2
499 262
719 775
577 104
344 201
570 718
272 743
475 555
221 273
404 652
96 180
192 171
232 490
114 109
116 494
473 419
227 712
252 255
260 179
588 810
72 530
636 625
644 300
278 823
172 212
523 405
115 158
267 14
566 357
625 710
582 688
463 39
29 40
346 755
659 219
590 669
112 605
632 439
732 306
541 160
631 585
104 365
36 61
155 195
145 329
756 750
391 671
576 4
262 347
349 409
117 273
310 42
638 50
355 700
260 387
522 102
63 505
264 773
590 601
417 5
106 727
31 374
297 265
714 56
612 554
769 318
409 661
345 138
637 279
391 785
98 635
512 55
181 272
287 66
294 538
740 324
624 151
520 546
558 323
553 397
470 496
207 559
203 563
50 129
804 106
130 13
813 404
305 507
300 297
236 486
682 608
642 85
112 729
500 743
329 394
46 795
743 693
256 573
791 233
355 56
791 453
351 666
546 282
210 177
126 589
9 483
277 438
371 360
490 448
294 409
715 586
230 421
318 412
451 557
747 541
369 39
262 451
62 166
44 253
93 700
694 375
162 659
754 394
745 38
16 133
100 488
363 647
598 482
760 194
131 137
534 232
561 327
57 176
371 821
447 207
138 321
587 759
809 631
204 536
711 767
416 798
127 489
481 782
69 179
723 207
245 510
157 387
562 132
576 536
156 497
816 758
457 40
165 102
655 377
225 391
434 187
743 10
133 561
741 511
281 405
246 594
538 580
167 17
237 595
276 740
404 20
757 652
787 429
263 676
687 729
117 767
454 204
609 22
435 753
498 82
134 762
520 112
793 668
664 502
322 767
443 331
349 572
324 237
665 200
668 630
589 127
793 626
619 253
18 107
686 343
772 747
71 206
369 66
754 232
351 345
575 196
190 437
633 528
80 702
523 249
463 521
640 386
731 115
17 664
339 660
123 116
18 196
73 60
550 764
809 682
172 415
778 292
213 541
739 393
78 329
788 408
631 98
449 498
812 297
803 75
237 552
508 589
541 10
807 784
656 804
528 552
422 328
74 774
59 224
154 602
647 505
254 23
288 590
704 279
385 819
680 475
149 492
679 725
462 44
137 291
538 406
432 723
783 374
809 652
34 548
381 2
459 510
702 297
117 552
116 263
569 30
794 534
73 467
374 817
451 727
