636 884 96
560 469
320 229
511 316
533 317
481 230
577 327
384 615
177 160
41 422
117 52
594 262
329 370
306 462
580 97
61 171
353 345
333 592
487 307
445 119
457 69
125 195
570 401
2 328
437 594
184 338
401 450
311 313
60 64
185 524
104 131
451 138
260 185
364 44
188 145
203 606
507 82
471 316
109 270
37 83
10 243
522 113
580 105
257 405
564 241
179 239
332 486
329 425
542 145
425 371
578 26
72 270
115 256
58 395
605 131
564 274
540 510
371 495
340 483
107 50
531 438
583 242
99 84
338 199
330 497
177 347
153 530
148 17
111 218
540 64
347 118
265 517
51 205
132 540
94 68
173 134
372 314
115 255
186 636
282 333
392 24
453 494
43 333
186 316
302 143
30 549
154 593
520 602
271 424
398 372
498 431
226 312
390 92
486 234
365 129
315 36
615 76
