742 612 169
259 532
237 464
299 632
630 708
408 675
223 728
469 105
100 16
429 242
96 583
742 429
27 212
378 402
350 403
286 651
617 657
348 136
198 621
673 360
140 71
206 99
699 652
292 415
100 88
11 464
127 686
250 641
636 97
324 373
664 17
281 546
17 737
683 689
458 291
165 449
257 275
609 691
725 585
555 351
308 732
680 732
330 249
36 693
276 240
694 545
408 489
3 3
674 283
708 453
350 461
33 29
121 37
656 592
687 453
521 394
415 155
75 346
201 82
479 282
212 715
559 518
326 189
694 414
106 195
155 623
604 100
243 541
545 579
469 200
342 709
464 350
383 79
485 575
134 351
156 196
49 118
535 539
507 597
69 199
22 236
542 210
618 269
41 175
456 660
164 521
220 450
517 461
94 298
386 456
108 229
391 21
58 530
691 620
656 196
378 520
401 60
200 640
143 525
642 489
5 69
564 550
107 161
234 316
573 698
477 256
1 421
240 19
723 377
435 370
589 599
306 65
536 454
274 392
548 608
18 321
353 110
121 9
170 556
730 362
496 712
96 362
421 19
73 162
621 24
742 642
603 49
28 48
730 732
549 81
105 347
176 390
485 687
316 381
652 113
126 468
196 298
704 418
704 676
35 377
428 459
194 706
589 641
489 510
564 50
308 560
738 406
607 398
331 300
598 155
506 569
470 355
217 581
501 561
398 663
444 154
60 618
47 204
493 697
253 149
39 71
142 338
625 500
522 133
188 68
310 253
519 733
544 46
694 91
560 676
