681 622 419
474 554
2 122
478 417
104 435
173 597
109 495
393 347
478 516
528 608
505 518
268 12
634 44
481 93
198 168
475 602
533 506
616 79
418 503
58 400
386 237
348 319
535 648
367 85
233 503
671 6
637 288
322 681
260 345
177 116
388 529
389 330
276 212
443 118
272 582
207 495
212 608
303 173
483 65
611 31
286 308
563 137
52 420
314 13
556 502
83 181
619 586
631 430
175 293
124 160
380 62
274 527
161 281
61 55
1 464
396 575
158 674
184 100
675 646
596 72
584 343
357 183
182 143
16 449
420 410
306 383
666 583
680 434
177 671
168 618
476 347
139 169
172 503
592 166
357 491
79 567
477 87
61 654
364 194
463 654
147 244
82 369
389 640
33 626
390 633
18 386
469 77
339 433
450 41
237 637
527 314
410 138
172 128
15 593
606 53
92 464
186 440
601 592
366 454
329 554
563 351
543 170
454 313
496 386
675 678
506 268
353 221
681 138
354 611
641 33
329 240
95 476
608 345
360 229
44 116
111 624
576 422
38 129
450 262
391 557
286 366
385 7
222 580
46 329
512 442
610 190
624 613
521 245
239 376
224 459
671 185
483 287
226 540
465 34
415 188
677 309
118 646
342 165
591 408
389 478
571 159
15 190
41 179
294 330
522 510
130 680
588 320
449 143
54 173
95 359
357 324
377 271
389 431
106 183
623 87
557 673
312 166
250 222
461 313
451 106
432 1
66 223
17 380
333 234
127 218
37 448
481 641
493 32
135 34
216 676
356 579
191 54
332 96
257 588
243 131
46 516
514 22
230 464
24 229
658 303
529 509
489 222
361 428
453 259
476 133
183 596
627 172
556 390
108 346
370 374
190 30
23 545
18 48
13 185
74 651
246 319
492 348
6 334
205 89
660 75
479 74
433 61
394 660
676 577
321 662
476 184
191 112
447 5
432 564
250 180
656 244
5 257
594 343
140 414
456 21
602 225
266 655
172 359
661 155
680 79
244 211
334 416
515 641
257 115
68 202
205 424
425 232
475 141
191 452
150 522
85 356
344 143
114 115
400 77
363 102
451 85
76 149
342 185
581 110
583 187
495 559
554 374
449 497
300 16
643 15
507 20
25 504
304 123
674 46
124 662
214 288
46 679
375 185
368 654
340 114
381 274
619 679
417 673
242 116
41 191
371 127
547 326
532 237
323 109
542 437
437 622
546 568
174 493
308 372
392 156
507 331
393 608
565 579
387 490
234 15
95 43
466 504
143 327
287 584
424 197
400 541
442 518
317 111
369 545
503 288
582 521
620 315
102 190
25 567
295 370
111 601
558 505
94 50
307 432
315 128
189 472
426 464
354 681
319 637
626 339
617 51
451 441
46 256
297 335
268 72
237 20
179 140
637 337
410 92
310 648
114 653
498 513
178 395
538 184
58 379
39 198
148 78
166 43
219 364
674 570
619 431
439 246
643 373
8 175
306 423
547 496
640 21
487 278
612 560
233 121
206 194
278 629
103 632
272 656
285 595
316 162
650 387
282 518
516 626
405 364
673 48
555 430
189 525
273 658
391 185
384 651
77 398
616 423
402 123
151 134
110 365
24 168
236 308
260 671
559 514
302 433
494 278
53 330
533 390
257 644
464 580
29 298
6 232
515 646
194 2
346 401
108 637
37 227
558 477
372 288
403 676
39 529
88 270
583 184
515 65
64 291
212 428
201 597
103 291
573 550
33 237
222 324
250 555
286 634
251 611
82 172
399 520
41 411
276 353
641 564
569 521
195 292
498 641
19 62
508 103
137 55
152 14
160 141
659 542
116 522
671 267
173 136
353 143
631 402
522 542
259 529
151 673
591 546
327 56
303 303
67 35
88 294
607 611
463 64
34 613
545 641
171 470
19 252
276 610
378 571
