406 670 493
150 261
41 16
210 389
236 113
330 77
283 2
50 331
299 75
283 171
63 321
363 310
188 181
332 320
92 165
134 373
331 10
103 45
342 27
84 68
255 322
203 237
73 166
113 274
40 308
405 66
314 36
393 341
277 5
22 252
164 79
33 323
19 352
311 226
304 325
188 405
294 371
347 298
332 406
137 91
228 276
43 393
3 373
35 269
204 102
151 258
73 206
20 113
83 192
392 240
255 186
11 315
11 88
249 380
329 65
28 388
202 377
36 221
333 182
98 6
359 310
402 317
70 331
43 313
271 258
73 65
20 370
314 132
337 14
344 367
155 143
197 337
211 246
62 249
108 140
355 213
173 211
30 102
404 63
102 24
139 2
7 257
269 92
196 187
306 302
199 218
276 240
113 314
2 237
99 112
291 130
1 233
203 234
382 123
249 366
190 403
273 184
268 7
190 331
188 367
385 203
125 167
289 54
95 82
306 96
74 266
112 213
188 337
261 173
357 8
9 6
330 187
23 305
394 291
209 290
214 40
324 352
302 183
360 373
51 25
107 284
332 171
372 123
299 385
281 228
72 218
299 121
91 54
54 27
340 158
230 184
324 157
254 364
82 132
238 102
225 365
60 78
304 248
308 338
358 362
77 277
310 95
245 47
223 193
176 294
147 160
70 25
362 50
369 51
88 21
133 83
121 177
72 360
19 122
40 44
22 170
215 40
20 149
168 50
126 210
379 327
111 121
289 272
370 60
200 404
24 121
395 112
246 72
183 334
215 246
233 320
58 80
150 327
163 269
350 191
271 370
397 7
72 403
350 93
333 69
126 82
91 363
216 315
394 212
74 157
33 206
22 167
399 30
316 299
323 155
115 406
51 301
30 158
23 352
6 347
265 226
42 194
145 20
406 188
358 370
261 336
193 6
293 197
277 403
267 274
46 130
302 379
188 252
28 100
232 232
51 106
23 400
267 112
25 323
318 366
21 200
288 135
111 67
333 372
214 15
370 149
247 118
372 221
147 220
91 1
262 358
213 339
289 210
9 370
59 39
74 29
244 318
225 59
90 139
250 131
7 57
347 121
17 216
123 128
117 3
255 97
337 44
56 327
29 230
104 247
305 86
184 291
295 363
388 102
287 180
22 285
186 374
161 257
386 244
97 42
31 375
217 245
391 255
278 11
393 97
65 396
374 298
370 372
141 292
300 35
300 147
235 388
277 76
191 348
246 85
100 306
303 312
19 398
243 390
113 362
225 239
211 167
19 341
253 166
83 283
347 334
395 130
277 324
145 224
86 235
46 213
75 306
12 214
281 203
301 389
6 337
44 107
144 379
306 108
66 64
390 229
234 282
102 209
247 204
158 295
159 406
72 166
293 130
57 363
152 327
141 226
387 385
63 14
274 378
275 189
373 259
302 250
135 355
86 244
315 10
376 378
252 235
13 62
253 215
103 103
87 67
49 252
31 108
196 301
91 142
269 200
199 150
278 12
269 162
157 213
154 405
187 395
314 147
9 48
145 360
80 372
303 341
37 145
270 29
185 45
301 324
349 34
255 84
372 266
326 265
158 67
277 27
214 183
82 197
143 357
210 374
363 57
8 121
197 338
262 360
89 396
95 30
99 178
103 336
223 354
166 359
236 127
207 44
202 249
73 148
199 121
226 98
406 163
25 280
148 18
136 222
87 162
295 257
16 96
17 1
50 376
364 125
337 201
169 329
397 147
48 18
300 25
139 246
114 190
93 61
230 43
73 366
234 72
19 187
222 133
32 28
8 132
373 88
303 47
27 38
122 362
2 99
186 74
11 184
83 285
375 158
174 399
357 251
344 104
38 361
363 261
26 66
148 288
189 272
1 176
116 378
248 198
261 226
182 384
301 180
105 63
86 35
319 134
204 242
228 208
45 340
78 335
246 279
360 320
43 92
66 356
131 1
21 388
40 140
2 334
238 195
199 383
326 240
309 368
6 207
68 191
193 388
239 15
25 205
104 307
337 95
222 77
317 293
225 79
379 321
51 339
185 290
311 146
368 166
343 31
307 387
321 151
196 96
308 207
185 159
163 308
25 60
263 363
312 56
293 178
276 262
149 356
75 18
106 117
197 3
306 358
144 284
149 68
257 204
111 111
391 83
117 348
105 174
228 249
288 71
121 244
25 56
359 204
194 245
270 148
149 167
234 81
240 232
241 363
378 147
164 249
186 124
275 8
273 194
392 283
150 310
309 126
197 227
45 265
