755 982 946
401 301
241 370
581 590
413 394
228 230
363 39
185 195
614 388
491 595
155 105
116 466
315 294
518 163
273 557
221 732
603 531
319 167
490 299
526 733
257 152
120 596
561 83
552 49
109 250
405 10
552 626
310 318
293 564
150 562
429 29
3 495
712 169
551 346
414 544
611 667
5 565
566 518
610 45
673 357
546 363
647 196
528 273
363 65
323 687
294 316
342 14
508 210
707 629
626 444
712 627
32 715
388 514
10 177
381 480
627 301
374 254
204 568
548 725
255 483
256 619
725 593
601 308
221 622
581 99
696 552
435 425
24 289
19 62
593 303
568 354
348 401
537 153
108 39
429 123
724 208
473 464
96 721
326 239
410 727
9 284
39 567
254 570
661 546
73 679
251 499
337 415
706 637
338 734
105 303
277 274
352 185
472 239
615 305
463 2
491 564
635 651
306 344
397 312
580 548
660 499
233 351
317 702
49 82
200 641
270 293
48 154
272 306
679 155
367 570
515 97
358 439
339 457
305 276
422 733
729 127
604 92
461 704
721 116
156 714
368 462
376 340
392 258
262 685
284 276
122 753
429 3
242 727
246 614
51 429
470 132
456 40
243 254
496 184
285 710
86 666
466 706
424 538
618 55
207 397
568 685
53 507
441 240
732 374
698 513
134 121
572 58
651 528
74 495
427 174
156 446
208 708
283 195
444 488
206 241
494 108
482 275
363 381
49 650
327 497
155 721
545 579
674 487
742 172
168 112
562 523
283 486
159 166
653 530
705 58
455 367
217 651
728 577
139 12
223 550
701 657
417 633
86 484
241 367
472 712
706 719
298 681
15 202
190 40
289 413
429 5
623 508
368 214
110 667
104 426
209 396
437 220
436 493
538 642
79 130
58 84
267 36
322 627
247 667
218 83
253 564
701 589
248 568
300 305
366 127
584 272
600 34
256 698
228 634
89 29
715 528
612 475
522 724
205 431
723 406
749 61
604 5
597 60
472 616
689 517
263 630
344 707
236 714
482 350
160 554
567 212
734 409
670 70
378 661
98 359
403 378
6 262
157 683
517 190
240 360
522 562
438 490
464 433
132 689
185 320
524 496
174 383
736 624
535 568
297 537
74 373
517 467
468 137
501 423
258 350
560 404
579 154
516 662
19 135
476 609
651 31
268 606
11 15
449 95
464 657
600 436
552 169
128 670
297 731
287 281
514 148
607 391
200 132
181 688
569 94
132 226
708 326
541 318
642 438
711 266
626 731
133 141
380 124
424 588
215 709
572 211
619 425
386 429
531 680
77 59
200 417
530 385
151 401
596 613
371 449
118 210
196 356
229 517
514 514
754 599
550 706
441 73
484 733
523 153
304 18
620 88
143 465
739 83
315 227
15 461
154 653
313 122
477 188
749 303
76 130
380 573
142 513
649 294
278 455
311 330
367 12
636 627
183 152
704 323
664 526
100 662
431 325
658 742
369 409
649 27
283 716
273 277
525 55
574 302
527 178
432 584
747 184
716 320
618 443
190 35
73 697
252 372
45 750
42 609
391 598
439 572
742 235
59 337
637 14
169 398
722 675
155 406
411 137
343 4
552 431
617 285
177 329
303 260
676 317
140 561
563 653
118 564
597 262
298 355
580 189
504 647
599 628
732 80
145 198
501 583
470 417
324 552
569 174
119 620
531 625
716 23
47 125
509 487
357 701
655 611
449 518
251 182
689 260
237 351
577 668
55 278
397 52
277 280
594 677
613 81
339 568
158 552
459 110
60 334
265 307
391 166
644 614
573 325
255 696
650 500
288 45
626 694
76 223
194 47
553 707
520 585
117 682
124 404
375 540
344 216
99 406
42 51
287 431
670 568
536 166
345 452
408 144
714 182
6 748
575 453
432 648
630 134
684 746
325 139
300 27
223 543
47 68
116 599
135 208
223 640
92 285
325 528
228 393
581 549
729 314
440 630
307 404
754 113
484 101
444 2
341 165
214 633
754 510
224 90
572 32
39 720
748 119
403 708
55 529
153 310
721 521
209 510
545 258
379 377
169 287
490 36
35 311
66 665
664 211
532 365
334 187
540 176
351 317
59 551
373 15
134 527
61 93
300 451
659 414
356 607
234 573
744 276
706 594
484 558
79 2
609 168
122 377
713 503
648 326
575 138
690 582
668 217
459 749
332 89
219 373
729 10
367 344
134 658
151 686
336 680
255 382
596 749
149 472
190 742
477 380
515 169
733 199
197 571
485 210
91 586
687 18
360 261
155 413
247 249
431 14
269 233
159 502
543 692
318 143
287 111
303 349
39 52
579 741
164 245
742 653
339 71
250 529
228 744
1 630
217 723
440 521
300 494
326 703
537 748
607 680
364 343
75 435
105 288
107 223
473 519
109 22
140 212
231 62
368 183
270 105
65 303
44 449
618 679
520 154
404 198
656 636
360 439
492 715
403 639
100 507
330 257
633 310
178 727
423 422
487 235
682 567
456 365
456 294
552 439
142 692
586 338
39 433
289 651
704 229
734 201
382 341
357 489
470 655
531 684
265 156
676 201
319 456
30 734
674 357
315 671
562 732
511 62
644 292
566 31
17 467
464 591
34 68
360 514
296 565
229 390
61 443
343 131
418 372
168 645
142 337
581 621
253 21
14 196
620 4
274 537
405 388
325 124
382 489
17 560
387 392
389 3
403 181
359 506
399 276
616 157
365 752
745 655
295 504
354 594
152 658
729 213
736 317
342 248
663 82
623 602
232 119
431 534
29 518
359 592
423 78
42 555
624 180
497 74
666 530
90 250
538 372
392 206
208 455
106 391
681 284
535 664
648 27
504 523
747 551
413 250
511 315
645 145
109 748
561 365
723 180
374 71
723 252
370 333
41 416
252 456
253 335
556 697
465 595
678 85
196 427
646 301
372 260
556 157
62 354
733 686
500 746
409 371
725 572
513 182
26 167
234 41
356 181
752 447
256 504
311 641
750 140
695 305
322 663
103 7
254 685
111 299
158 222
56 277
247 394
65 88
130 500
328 22
321 493
420 398
635 672
219 686
202 442
140 186
647 149
400 397
753 461
655 31
251 313
157 160
415 246
229 92
734 363
685 98
492 174
50 438
42 356
493 80
109 207
279 19
543 8
698 303
294 696
112 106
144 405
200 694
696 679
717 287
372 520
88 220
180 37
405 366
693 34
363 377
448 439
77 645
35 393
142 298
699 472
351 39
265 23
481 407
448 120
484 656
407 306
59 239
332 204
572 377
429 132
499 80
602 200
265 193
716 372
557 508
344 207
524 173
251 332
108 434
192 676
747 31
425 699
364 421
731 649
679 376
271 494
574 290
252 699
94 470
406 713
47 380
470 709
357 754
160 540
255 211
712 400
108 585
551 490
624 185
411 752
570 12
145 221
13 745
558 540
734 216
452 634
546 666
354 386
608 135
236 364
365 310
272 119
528 281
123 715
144 483
114 576
501 519
40 212
718 641
570 487
252 5
350 226
435 502
45 319
688 552
341 327
44 121
87 456
445 338
700 525
595 601
18 66
401 370
619 105
93 316
161 671
182 502
388 28
666 132
687 585
90 603
510 126
304 436
185 603
471 230
284 178
288 706
485 673
747 498
188 377
251 5
617 599
503 423
207 13
454 59
743 436
518 391
486 666
97 446
473 741
741 627
83 708
563 75
382 391
205 149
109 148
489 451
300 84
377 542
154 129
626 152
336 459
739 490
335 638
517 572
672 42
256 88
162 631
525 141
293 57
47 665
590 423
72 222
46 24
705 311
610 723
509 255
734 688
742 565
183 239
329 619
504 26
445 55
357 245
496 682
39 562
170 358
559 216
746 255
684 175
738 105
75 617
482 738
754 382
289 41
312 744
284 606
665 236
205 299
152 754
748 678
91 386
262 709
344 54
108 694
753 2
684 165
691 12
11 350
257 605
524 478
480 326
736 133
419 209
133 309
121 96
428 428
461 669
460 93
747 396
359 222
115 726
118 370
428 291
579 59
565 167
740 187
356 85
484 418
513 565
492 198
62 218
76 33
466 47
345 334
400 638
354 536
751 637
124 480
265 347
326 418
656 401
471 355
684 266
247 343
446 564
72 749
213 477
551 640
507 27
452 39
82 579
22 467
606 668
486 464
302 385
391 376
86 284
505 406
279 657
568 455
305 80
110 717
663 225
272 553
188 139
619 4
33 208
161 525
477 202
606 534
288 724
682 200
707 396
172 333
549 240
579 220
731 299
37 70
71 360
193 138
715 605
80 676
455 452
255 124
182 128
2 507
416 537
567 556
