228 73 525
35 126
67 108
141 115
228 131
206 114
154 140
123 165
63 175
34 171
207 208
2 65
127 7
128 105
74 161
124 170
204 92
132 112
83 151
197 67
184 128
120 19
65 194
193 48
171 32
160 110
93 148
225 62
94 58
63 155
151 226
86 50
125 165
170 145
83 58
31 180
9 156
180 68
65 24
228 151
48 81
48 164
198 196
201 4
4 49
220 56
214 19
211 191
127 66
15 154
181 197
179 78
101 228
127 153
139 128
152 60
33 178
149 125
4 209
197 149
226 183
123 149
127 15
118 2
110 22
77 57
12 87
96 96
5 213
34 177
76 26
197 64
95 118
60 162
180 75
151 175
160 205
223 60
12 48
166 31
122 137
172 15
167 119
156 30
53 135
200 227
132 188
98 130
176 16
34 215
128 59
166 76
96 22
123 28
96 174
57 72
135 29
51 16
205 221
198 21
42 108
2 2
105 143
97 26
112 16
93 145
132 215
101 54
162 12
130 168
190 38
219 71
138 116
103 56
185 148
205 62
81 27
140 107
139 174
1 9
160 120
69 78
15 99
218 222
127 9
125 66
20 79
173 67
203 138
69 102
123 141
31 39
64 40
192 93
175 107
66 160
173 39
219 139
121 56
28 221
178 39
163 189
101 91
130 192
180 14
219 197
20 11
124 211
175 93
25 188
210 82
159 60
68 67
25 150
177 74
7 17
39 181
211 204
55 79
28 168
48 205
89 117
93 191
165 175
29 24
156 224
123 27
57 64
94 160
81 82
17 209
139 153
207 129
24 32
190 74
205 228
125 89
120 81
198 77
57 102
200 99
44 217
82 194
74 192
99 36
110 20
13 174
198 218
163 160
209 85
79 182
197 164
113 174
189 111
155 156
200 223
109 51
120 183
52 170
98 158
201 208
68 197
179 48
49 188
61 205
13 126
174 50
84 28
46 36
126 200
172 53
30 72
124 151
152 8
121 96
96 210
227 179
119 82
117 142
81 220
83 101
165 66
181 167
184 103
82 97
78 59
111 147
152 98
21 91
210 167
153 121
156 138
100 63
42 51
146 160
77 117
80 222
168 54
24 70
108 20
140 51
134 117
228 10
12 59
60 147
13 200
29 28
185 8
140 57
17 55
85 33
33 215
64 102
187 228
75 208
34 97
206 202
24 49
75 183
80 13
17 136
199 96
131 45
53 209
19 146
169 186
123 45
92 117
83 173
127 218
90 31
214 16
29 140
122 162
11 105
19 152
147 201
144 120
126 12
76 28
153 173
112 71
31 119
160 214
30 126
113 129
161 188
178 171
171 110
25 70
184 50
1 30
105 82
219 121
54 187
123 102
147 135
217 156
10 224
227 147
203 158
206 141
135 44
49 122
167 161
29 3
86 133
58 58
25 206
142 27
170 178
200 200
124 157
151 224
101 169
139 43
202 210
161 214
140 211
197 184
85 168
172 89
125 133
81 121
162 46
121 202
111 203
36 22
45 36
92 59
75 78
176 45
12 14
35 175
33 113
117 150
143 223
127 37
122 219
200 146
172 228
73 8
148 63
19 187
73 166
47 147
26 69
184 43
21 81
191 25
155 23
144 87
156 179
91 25
209 64
122 71
53 187
32 134
168 222
109 86
155 171
184 196
202 120
65 110
82 23
67 13
218 225
71 27
190 88
134 35
13 19
33 227
224 15
203 140
156 94
85 193
124 146
4 66
210 174
173 205
77 6
153 109
158 92
134 161
201 22
202 153
75 73
170 63
16 217
1 85
88 207
37 9
14 70
202 45
79 152
115 131
160 187
124 125
99 191
153 38
60 161
102 106
144 163
130 163
113 89
153 128
140 124
161 31
128 35
172 117
53 141
162 31
159 13
132 68
200 22
128 27
7 73
207 49
224 124
76 16
83 142
21 172
196 17
129 103
88 85
112 113
177 31
223 139
41 28
124 140
89 151
4 110
149 176
212 225
101 83
225 107
219 11
81 141
157 89
194 163
175 21
108 176
17 106
118 105
189 134
29 60
69 188
99 218
21 30
154 90
200 15
125 1
45 173
77 80
9 215
51 89
52 193
155 50
7 181
143 80
6 118
15 88
83 21
18 188
149 172
163 195
17 202
80 51
8 59
45 198
6 165
118 128
4 204
126 51
185 146
214 11
195 58
27 223
221 78
48 127
34 110
206 106
165 173
82 19
54 215
205 46
154 62
107 203
24 194
225 182
100 191
200 1
187 37
71 198
131 65
131 159
185 78
155 224
163 140
219 185
26 164
81 155
37 36
27 16
36 37
14 13
219 163
210 29
153 188
10 157
199 148
183 131
119 95
65 99
71 5
175 45
137 88
138 70
2 122
68 91
29 204
213 132
165 201
17 51
209 39
106 70
