370 853 533
334 367
100 269
108 342
137 309
125 26
231 361
288 321
40 226
179 173
85 238
223 217
184 134
293 257
370 52
254 249
186 155
32 158
75 324
11 333
277 8
308 245
45 127
358 287
22 106
219 24
185 119
41 116
31 247
211 254
191 248
37 29
250 116
349 153
100 367
7 28
291 47
312 176
296 199
101 305
321 60
259 97
177 308
233 86
135 276
327 195
68 310
21 192
289 337
184 266
29 364
363 182
336 245
181 347
354 369
227 352
79 97
66 141
10 95
362 295
59 316
249 282
300 143
159 299
41 288
267 138
70 317
174 225
316 125
338 309
38 250
315 181
76 62
84 263
106 228
43 93
41 23
195 50
145 24
336 30
243 282
209 287
158 91
231 305
328 128
299 32
318 191
77 253
337 252
177 309
330 151
99 194
305 351
319 140
170 145
316 173
53 139
87 331
58 213
296 142
362 32
143 77
332 53
257 74
367 196
42 119
153 3
58 286
93 364
282 368
284 341
142 31
161 175
111 13
365 119
202 66
196 300
83 5
176 112
366 67
6 239
16 75
171 159
313 29
311 22
365 176
286 175
70 281
304 270
22 259
152 332
152 353
22 258
203 369
4 200
106 110
312 179
225 307
369 351
245 283
343 265
235 182
167 323
206 19
251 158
257 8
337 242
44 144
163 312
151 346
90 223
241 127
251 327
115 193
124 35
265 329
329 204
357 196
337 250
49 11
4 13
264 105
362 176
211 221
32 255
96 72
166 41
110 302
88 370
33 213
118 186
199 134
204 103
330 178
131 135
330 117
140 34
66 10
220 189
81 183
258 137
183 89
87 342
141 24
205 282
234 35
82 49
108 76
125 363
228 265
298 205
313 335
255 328
84 84
237 188
99 218
358 181
119 319
141 295
271 151
329 149
77 55
296 124
38 175
259 15
345 26
79 252
353 96
145 167
131 26
278 92
302 302
224 220
101 267
37 297
114 197
206 283
27 115
356 110
99 86
259 125
119 245
289 56
190 125
4 291
43 233
122 272
230 154
38 316
138 202
119 196
131 93
110 98
99 148
282 222
103 188
359 248
327 26
130 299
43 261
355 35
266 305
95 87
353 257
218 106
104 117
2 140
135 312
136 154
174 282
328 345
277 349
96 180
251 104
280 295
225 80
347 262
190 25
285 53
116 328
158 299
315 315
59 327
339 176
10 341
171 336
346 353
335 134
185 106
317 38
352 71
159 79
32 157
17 212
234 128
140 169
8 317
324 28
117 16
331 182
317 275
94 215
12 32
136 57
57 358
37 154
110 190
237 261
255 115
9 11
153 96
90 339
255 135
310 207
223 35
256 274
119 282
295 198
83 286
212 275
358 24
30 105
119 344
319 250
244 168
115 87
235 135
65 220
169 343
84 311
113 290
18 161
134 96
153 237
181 338
367 88
333 172
279 16
73 85
42 54
131 299
323 128
277 52
138 301
86 248
344 343
148 242
370 37
188 272
138 325
309 343
200 289
263 28
359 339
164 27
9 218
51 225
66 79
180 331
80 367
346 124
63 223
204 326
174 13
18 209
79 254
1 356
297 15
264 354
330 214
134 1
342 40
98 326
188 137
13 364
198 65
362 29
195 338
35 34
365 316
267 360
81 61
95 279
177 147
59 141
269 83
247 267
112 346
188 197
274 37
215 342
136 189
268 172
198 160
176 270
9 208
164 316
218 245
290 234
212 112
309 145
105 235
326 56
63 266
39 189
20 49
249 336
275 38
110 60
113 273
247 156
180 256
211 342
304 77
66 56
326 119
96 110
314 263
337 278
286 44
178 206
29 167
360 78
349 314
123 322
284 240
31 326
294 359
78 254
283 113
201 333
67 121
33 226
320 3
135 227
76 77
90 16
370 265
299 363
295 247
50 342
348 251
154 302
52 25
15 279
323 228
246 340
263 147
61 358
349 284
41 304
145 59
362 141
31 296
41 350
162 239
275 47
288 93
1 136
121 323
70 365
56 357
297 105
144 322
261 184
248 336
190 214
351 277
122 193
59 341
69 183
42 239
147 104
36 48
40 206
286 307
238 359
105 93
213 126
107 36
69 51
280 202
347 228
158 54
314 13
197 344
305 243
172 300
344 345
16 223
272 95
46 304
251 118
173 256
161 20
322 121
135 156
364 170
351 131
160 190
54 97
314 56
102 183
302 184
208 299
241 332
135 73
370 39
311 117
160 347
92 15
170 121
357 78
174 28
275 129
48 337
306 27
147 146
207 131
364 53
224 176
353 126
70 169
141 296
355 144
51 211
173 261
179 46
196 330
282 159
111 182
227 366
257 250
129 205
230 207
25 209
211 260
60 278
115 6
38 157
255 336
255 156
150 22
361 168
341 195
86 228
281 185
249 366
284 12
162 111
318 349
281 61
78 11
156 211
