97 721 174
13 22
88 27
91 3
45 45
6 41
95 58
1 64
62 48
87 65
58 89
45 19
8 36
46 59
91 93
9 48
49 45
58 29
22 74
14 50
67 53
44 57
93 57
95 89
92 52
91 39
67 74
40 59
47 38
88 11
12 81
37 38
19 78
81 44
36 36
20 12
78 13
1 14
61 67
92 83
23 62
71 70
82 14
74 49
77 7
61 33
1 60
69 33
67 31
81 59
76 69
82 58
48 65
23 64
38 39
1 82
48 88
92 56
77 4
17 96
31 43
57 30
94 55
19 32
21 87
96 89
27 3
93 25
34 97
6 17
32 36
76 79
74 83
11 90
83 27
94 69
23 37
51 53
77 87
25 71
1 18
1 40
9 85
78 8
68 84
22 66
47 75
52 50
66 82
97 78
12 8
11 33
6 48
12 68
46 17
20 6
54 93
43 50
66 19
25 37
66 46
38 2
49 19
75 66
53 60
46 26
85 15
59 26
55 76
92 35
57 8
33 7
78 15
84 65
15 14
40 57
7 54
87 91
1 36
45 70
62 84
16 79
16 77
68 32
14 10
42 50
6 80
34 12
95 7
24 3
22 3
31 3
34 87
55 22
12 95
65 27
72 92
65 13
11 38
63 48
89 71
30 81
12 60
50 11
48 37
41 58
16 49
53 24
46 89
71 74
45 52
34 90
19 91
5 57
9 80
57 46
29 12
33 39
78 34
11 4
93 70
9 74
92 1
72 28
13 34
56 5
37 30
53 14
5 44
46 30
8 50
91 33
97 9
32 79
84 34
