850 806 658
743 248
378 211
387 693
216 89
41 256
553 528
555 395
767 471
71 769
20 660
417 130
220 231
589 650
59 524
437 554
371 453
489 105
535 284
614 63
795 491
154 407
40 4
252 807
591 59
565 347
89 248
51 404
177 41
794 680
433 620
614 70
349 686
405 679
740 761
676 685
63 364
721 694
193 691
830 739
591 595
432 722
789 60
578 49
431 622
820 144
267 423
323 117
26 744
62 151
850 584
315 546
689 435
546 713
604 273
499 643
258 697
386 548
490 31
120 806
589 779
168 440
436 432
282 198
257 550
688 325
674 473
819 543
515 747
145 361
194 283
811 458
295 300
147 148
344 47
313 838
111 14
586 575
270 298
199 76
798 267
82 774
252 833
582 670
374 58
510 495
523 536
231 46
518 375
647 104
232 398
473 588
120 816
274 403
409 333
354 369
325 623
524 699
79 193
731 789
5 699
516 788
653 582
439 478
407 135
742 122
822 421
340 696
339 470
552 430
827 20
822 828
184 85
344 439
5 525
5 464
357 627
205 310
133 73
285 680
198 665
754 313
269 843
788 32
57 30
767 305
401 776
463 115
383 371
193 500
639 350
543 831
787 285
165 411
357 187
762 28
386 93
521 203
427 67
369 231
171 249
549 677
142 622
344 59
150 312
625 224
26 679
384 425
90 47
835 131
439 580
193 547
55 275
17 144
46 111
850 145
763 225
519 338
335 742
139 373
104 599
770 784
471 435
269 693
86 581
458 710
802 792
436 621
428 783
440 469
33 532
107 199
594 6
150 129
481 568
649 388
478 282
232 168
442 459
555 371
276 595
607 75
445 576
746 196
438 151
221 494
802 310
802 69
639 806
10 441
793 490
156 608
108 749
372 136
24 403
538 395
163 41
162 673
220 436
106 49
74 569
839 357
636 464
463 305
189 691
326 367
558 741
302 227
832 619
313 73
792 802
627 215
290 717
259 491
637 235
820 650
1 296
771 164
585 178
760 676
392 614
528 657
596 273
687 410
738 652
834 258
546 584
138 409
738 418
235 815
576 560
177 189
441 564
90 267
178 463
720 769
360 824
203 676
32 289
459 153
489 431
433 531
305 611
481 90
53 637
300 569
733 467
366 697
591 200
845 545
524 469
646 704
720 827
191 3
566 122
515 443
191 805
134 725
217 106
572 615
122 162
309 613
321 522
520 576
703 493
252 827
775 496
171 701
573 769
835 848
814 331
792 147
832 658
459 751
83 811
184 693
430 528
155 551
199 524
210 336
438 328
53 313
274 196
223 771
206 420
374 650
687 680
721 212
520 295
341 744
688 632
626 330
821 765
509 404
114 830
371 680
746 715
195 679
19 76
815 96
606 432
689 793
93 236
723 435
396 838
110 9
402 115
613 440
434 596
87 757
669 57
370 195
313 429
171 544
462 742
202 796
228 345
447 415
33 8
69 294
239 52
466 284
236 107
503 238
46 583
64 95
249 637
159 702
631 207
834 413
326 346
65 330
466 567
692 365
564 51
26 4
344 329
420 150
770 354
42 489
592 526
765 831
83 547
278 301
546 597
277 685
253 826
157 179
728 259
385 770
309 803
818 529
749 349
582 562
731 322
213 298
835 758
394 628
2 547
133 32
267 715
374 779
666 438
674 626
515 37
144 246
480 601
483 423
785 601
309 666
201 120
295 611
574 841
505 42
639 139
75 775
811 6
604 689
224 192
50 752
448 581
179 609
253 823
282 122
220 228
204 497
366 235
732 396
442 312
752 575
583 535
60 169
153 62
819 249
385 829
466 687
109 107
485 498
56 401
110 523
726 85
173 769
250 522
355 390
442 224
374 347
805 594
408 175
117 97
656 818
357 99
279 581
772 502
319 430
452 529
464 508
443 526
284 174
195 558
269 376
183 797
30 574
658 625
834 200
622 121
241 446
712 125
132 126
701 424
789 178
444 424
346 653
766 290
583 844
613 100
391 627
396 701
149 320
290 850
744 15
414 333
84 795
787 632
220 743
437 457
783 778
721 740
46 787
282 326
313 266
694 56
101 275
200 110
485 347
578 88
343 145
460 552
569 742
503 548
192 677
654 334
253 558
369 586
696 333
69 223
343 703
35 159
46 704
750 286
444 346
135 150
452 140
218 120
629 38
215 774
405 406
653 565
241 50
239 496
199 156
404 411
742 829
223 559
411 768
384 125
611 166
25 248
603 269
829 398
278 705
725 34
719 105
472 391
62 65
618 697
394 381
337 383
721 608
836 110
334 422
406 294
799 369
461 526
85 259
334 80
618 636
487 384
641 627
237 128
574 164
457 239
391 573
560 133
512 299
506 283
598 437
662 76
144 839
111 697
658 593
54 747
54 223
625 704
416 784
582 695
361 482
258 767
280 144
656 159
528 799
44 672
658 334
651 107
531 411
131 153
336 3
457 145
737 353
331 698
56 706
306 739
549 545
561 102
375 263
484 446
746 659
425 119
648 38
642 367
162 507
607 831
730 632
527 803
162 677
85 535
170 638
194 281
839 606
699 678
629 48
196 547
774 393
293 494
278 608
659 664
648 447
26 509
353 32
227 414
651 290
358 784
688 264
765 810
797 115
677 207
148 354
220 782
158 191
330 630
5 155
762 744
646 187
515 123
580 390
476 552
10 440
612 126
678 328
637 71
58 111
279 271
176 742
537 633
6 93
10 501
20 499
581 151
511 816
496 516
99 1
627 163
601 823
794 621
302 280
68 617
754 624
243 364
1 123
813 168
139 130
202 559
363 829
359 628
166 354
638 217
496 474
627 332
525 281
258 416
412 667
541 141
578 357
708 624
233 498
568 745
700 697
570 514
276 87
384 606
304 767
563 40
195 488
121 792
771 847
697 485
391 247
529 336
757 231
306 205
794 669
778 283
763 62
639 95
612 224
109 403
381 490
358 401
563 702
657 512
253 494
118 580
602 621
571 550
125 611
555 320
313 253
279 82
84 428
696 442
