473 943 311
284 106
134 424
161 291
112 325
104 212
326 261
98 8
59 79
65 53
349 209
392 305
398 433
442 162
67 385
190 335
436 357
325 290
206 173
269 424
105 280
179 49
101 87
76 4
196 52
122 450
430 275
211 242
156 341
15 316
410 117
420 77
379 85
279 1
309 15
160 87
362 291
67 303
318 336
207 186
292 326
215 451
416 111
440 422
202 93
67 407
26 126
248 256
217 353
408 294
195 148
438 253
291 9
273 445
250 204
322 409
371 374
455 176
224 98
234 110
410 31
235 185
365 328
355 181
70 283
328 427
152 74
54 175
13 330
217 84
304 289
75 212
278 140
256 174
459 322
82 330
190 142
312 402
216 380
238 225
8 285
438 278
212 275
457 464
455 221
381 277
80 440
88 6
395 348
29 158
162 358
454 38
441 391
338 362
128 37
41 261
61 339
169 435
276 392
215 209
133 375
395 450
240 92
265 376
64 4
304 275
323 402
17 161
422 422
47 175
370 219
115 122
417 327
393 198
448 300
199 197
218 201
391 133
389 362
200 206
79 312
383 393
147 212
285 139
188 287
289 389
217 292
462 426
131 249
288 349
398 52
191 167
135 226
181 99
299 113
65 26
50 89
100 22
38 351
386 445
304 82
38 189
219 303
274 210
283 128
246 47
347 346
375 274
34 199
297 277
456 408
285 385
309 434
161 52
184 290
145 452
22 131
85 59
138 376
181 145
444 282
194 385
139 453
407 371
416 242
370 371
270 84
271 253
100 436
388 386
168 229
382 374
315 77
438 180
334 338
351 185
64 320
176 183
411 447
48 193
109 62
320 106
340 197
198 386
323 232
333 329
334 255
177 455
166 417
146 446
234 283
344 435
269 419
118 330
421 417
215 195
393 270
311 272
17 64
418 79
185 310
152 91
401 376
337 447
73 104
286 6
257 428
25 240
158 363
445 363
348 207
406 451
380 343
196 95
447 267
146 319
308 122
73 304
298 260
39 113
237 379
397 316
344 7
341 16
145 391
464 288
245 390
306 211
432 103
98 131
63 112
384 324
208 35
117 289
144 325
154 30
289 404
432 140
55 187
419 356
272 290
430 308
160 462
147 248
145 217
7 71
289 148
461 470
338 230
315 23
77 161
223 97
318 80
417 227
471 358
211 97
359 291
438 123
213 153
43 187
117 57
37 174
393 78
220 33
409 104
222 368
181 204
214 239
125 348
432 391
102 325
408 178
335 208
153 389
423 335
438 43
172 253
178 448
178 336
73 377
365 283
347 389
265 265
191 232
261 250
178 130
155 128
325 299
34 380
103 441
24 421
117 51
420 253
230 156
331 450
98 106
7 419
50 27
198 362
38 313
335 2
296 160
36 102
152 438
118 390
25 67
306 84
57 448
196 91
180 264
216 134
297 402
