990 346 832
811 771
613 333
786 876
730 599
597 669
413 597
93 37
837 466
361 293
325 219
530 355
584 919
754 456
459 54
339 636
969 923
97 371
158 677
832 689
244 290
743 964
213 371
200 957
352 378
501 187
676 886
686 107
322 81
767 345
915 659
425 577
88 394
297 56
925 547
566 849
581 488
305 874
939 627
721 521
125 831
724 111
162 432
262 986
589 823
506 606
2 478
166 952
973 444
780 611
726 419
76 981
809 526
157 836
385 732
130 958
520 788
91 875
896 707
276 30
445 952
19 280
77 390
802 875
224 286
557 51
473 304
941 75
501 361
877 586
704 17
482 873
529 187
158 221
497 967
576 932
944 504
670 512
889 727
109 691
278 838
276 657
542 281
69 958
918 864
321 919
378 211
920 692
275 608
609 89
238 381
971 83
314 458
371 399
932 47
175 692
519 145
544 256
46 651
215 302
253 575
497 195
112 192
61 217
664 34
387 352
517 411
462 969
286 130
361 728
88 340
565 97
656 985
30 911
502 225
48 309
274 299
505 962
378 381
835 640
704 56
819 298
970 613
56 3
294 682
257 236
114 340
106 751
14 457
784 855
538 163
904 2
91 212
760 441
20 441
442 652
872 237
378 453
774 247
709 717
838 395
692 740
497 206
881 212
168 646
474 864
926 13
17 259
325 842
205 31
362 675
580 976
196 964
360 265
630 248
881 370
666 10
169 844
53 260
62 436
535 301
743 814
661 287
436 342
354 523
855 662
479 693
816 9
372 389
204 85
965 107
122 962
142 819
497 489
839 203
785 897
273 648
503 771
392 212
488 252
14 686
375 331
944 789
344 881
622 842
767 10
829 65
282 586
414 959
491 15
971 293
956 389
65 135
407 182
858 37
918 508
315 691
905 263
712 580
706 693
589 434
209 42
934 205
882 272
856 279
240 173
649 55
104 81
315 354
167 616
759 488
486 832
697 493
960 380
505 363
69 90
891 61
802 83
450 882
17 80
219 445
571 610
56 917
27 407
218 875
129 661
522 846
330 211
246 776
612 428
325 722
350 958
825 554
428 259
923 62
313 786
19 758
211 288
562 437
692 198
173 329
641 311
552 116
750 819
406 26
643 311
493 888
944 683
660 375
941 87
974 911
623 754
750 83
22 337
780 368
824 546
115 247
724 482
422 767
806 451
760 948
119 143
777 305
349 287
98 298
238 940
99 442
694 384
328 449
971 927
868 360
692 13
201 304
482 138
478 725
255 682
255 965
811 495
80 929
232 211
322 712
187 427
185 299
476 757
213 905
271 573
694 565
655 508
393 280
835 420
419 804
326 582
425 961
138 383
153 847
570 71
237 949
253 961
278 584
529 940
889 972
63 342
313 755
928 561
408 354
56 454
283 381
901 213
187 83
852 405
963 512
193 917
260 157
60 341
959 961
44 389
72 299
411 599
245 425
74 247
542 195
500 157
405 603
497 565
551 876
341 634
77 305
285 572
303 197
500 482
977 644
902 1
81 971
870 678
100 373
652 440
888 347
268 655
798 779
566 413
919 474
629 705
540 801
424 385
347 177
923 140
510 722
450 344
115 92
238 981
968 298
731 842
439 431
1 827
497 326
724 499
328 40
969 598
985 308
539 116
171 937
815 834
664 408
204 527
658 855
915 96
215 853
468 266
516 630
554 356
297 832
272 674
194 268
236 631
175 63
359 267
677 177
521 725
669 578
302 180
713 27
558 273
940 726
501 650
164 981
951 890
488 798
547 405
125 278
729 184
617 758
825 476
402 507
513 699
233 244
984 93
241 852
221 987
954 151
552 441
834 981
86 837
16 403
702 166
167 401
986 573
849 779
19 397
571 223
702 385
588 321
692 26
366 392
778 874
392 447
737 629
48 961
694 160
537 927
245 251
95 426
884 721
679 630
957 614
376 961
270 448
782 319
224 133
874 302
5 607
730 77
115 157
296 801
222 777
14 328
951 468
186 755
714 939
38 162
36 91
798 58
515 744
591 357
536 542
430 950
698 291
637 597
909 4
979 413
816 131
125 322
694 230
13 11
665 487
880 989
219 584
639 784
300 798
655 60
646 590
15 170
646 775
78 221
77 617
629 539
262 172
235 697
491 518
720 499
209 285
729 728
920 677
102 346
449 98
323 795
91 170
190 103
575 459
265 240
408 96
990 367
59 586
232 182
513 292
352 220
872 384
148 340
727 719
545 715
757 718
645 836
488 743
579 852
874 984
951 48
54 571
580 403
393 525
823 388
392 726
595 664
990 616
878 325
606 362
889 199
985 846
119 788
755 536
106 249
446 485
515 73
608 487
20 190
357 410
804 469
375 913
634 159
773 948
71 123
137 81
104 903
412 536
539 965
356 291
449 231
189 678
322 245
540 30
798 294
915 353
709 792
834 405
425 33
353 65
937 225
162 227
309 897
392 350
644 101
160 238
345 520
681 528
975 432
244 379
955 123
244 640
457 297
644 156
15 292
211 596
670 559
454 112
102 294
511 343
861 873
430 679
44 892
529 772
868 364
382 261
48 7
725 817
408 888
846 396
342 189
534 675
735 599
831 573
397 941
709 846
797 922
392 743
566 652
812 973
491 542
930 194
35 115
395 824
382 557
246 874
90 189
969 70
373 699
250 609
481 225
978 622
897 575
875 732
245 753
274 487
121 661
455 70
595 651
11 736
104 480
268 4
951 909
295 577
576 197
341 487
642 266
93 790
812 31
609 669
927 155
585 874
301 982
64 465
270 875
504 580
578 837
740 345
32 478
457 182
204 706
989 893
956 344
817 163
935 377
536 459
558 769
367 354
652 237
640 259
950 387
221 733
958 711
980 116
571 757
613 293
589 234
342 626
703 742
288 325
659 11
804 201
381 697
270 585
484 452
803 960
359 230
364 414
296 561
730 941
884 97
498 812
293 416
738 244
879 719
741 150
786 832
815 150
502 22
790 534
707 363
28 400
757 313
321 720
731 866
445 636
639 895
725 355
342 606
239 297
399 977
459 45
675 924
862 812
163 826
229 699
619 716
512 66
688 615
209 805
708 367
436 256
200 724
526 145
599 137
983 555
351 238
110 593
537 972
893 718
249 954
258 361
932 139
341 817
969 692
231 585
527 374
364 137
478 231
353 184
674 313
173 746
946 289
202 27
451 140
853 277
598 821
731 232
693 902
247 352
656 973
317 545
891 768
559 295
794 561
926 97
885 699
837 328
585 193
60 956
558 732
133 321
531 985
116 119
447 320
687 846
315 398
545 147
911 66
716 718
226 711
206 168
824 106
299 749
489 932
805 84
952 338
585 807
134 884
35 5
273 947
623 521
223 780
850 280
6 68
415 71
925 250
685 112
945 778
388 799
555 213
931 46
770 672
720 144
799 225
565 98
109 462
485 322
926 578
524 342
244 705
984 233
60 985
737 35
763 438
307 395
779 679
834 278
933 933
396 606
566 546
641 342
893 360
903 483
703 360
963 358
706 448
271 340
572 125
239 108
85 418
354 426
829 362
941 108
156 934
659 529
615 516
107 880
70 268
660 313
341 629
291 699
200 787
637 614
650 216
165 448
799 649
180 146
240 497
861 681
538 625
209 508
621 319
936 983
780 181
318 734
857 459
132 900
918 433
956 657
35 677
605 712
816 835
977 518
716 532
55 283
486 469
875 326
294 768
188 913
568 198
127 152
603 371
307 33
637 514
842 595
894 157
669 880
442 376
211 160
146 596
528 398
193 208
817 986
688 613
953 269
704 257
616 1
173 80
