248 888 125
56 137
235 188
179 49
170 22
84 40
8 221
141 180
93 227
228 155
13 244
145 113
68 168
154 132
85 188
223 205
198 216
141 222
50 51
75 167
204 121
178 175
147 53
226 16
147 100
38 93
84 22
87 12
126 248
48 82
161 98
113 107
102 118
23 19
211 105
100 45
30 143
22 17
112 161
12 179
54 105
143 164
74 167
43 201
178 200
87 39
67 104
71 51
1 137
182 192
83 247
149 106
181 118
189 237
227 13
200 100
146 23
137 234
116 114
80 145
196 105
79 13
212 237
191 110
213 54
134 92
180 133
122 237
200 108
63 212
46 178
35 159
37 6
114 17
86 14
99 103
31 231
39 170
233 17
69 50
160 202
181 14
14 59
112 174
178 31
207 208
63 217
137 79
244 242
71 159
153 119
112 121
193 214
234 39
68 131
10 241
114 73
241 5
146 1
55 91
116 2
214 93
127 47
119 145
192 165
147 138
53 160
208 140
152 192
128 20
59 164
55 218
120 60
124 183
12 193
50 189
168 50
3 29
89 223
148 153
143 15
74 173
237 22
141 189
238 66
178 167
