684 304 130
417 482
661 195
134 166
189 112
69 77
69 508
278 505
346 54
502 421
506 48
274 637
184 148
586 108
232 96
156 669
359 376
34 70
24 413
672 371
604 88
152 458
183 590
82 596
242 128
268 27
456 463
683 398
454 160
43 228
678 571
475 152
589 391
601 572
45 144
684 122
613 665
304 522
513 389
260 174
151 159
669 584
536 385
404 393
2 637
550 561
625 553
404 10
262 681
311 322
91 201
265 343
276 426
428 617
664 67
293 627
422 472
9 509
502 98
152 164
59 24
395 556
240 462
632 569
351 612
487 655
608 174
499 283
304 224
187 53
129 232
45 284
69 486
318 330
40 617
479 564
113 151
100 557
244 119
93 399
6 513
121 511
598 173
566 598
134 645
50 364
269 197
57 229
555 541
246 182
291 632
494 261
52 544
498 309
102 646
661 214
672 570
185 671
543 247
224 560
121 453
579 164
177 514
467 559
80 329
617 271
38 203
78 219
429 54
571 166
540 534
369 112
214 603
268 178
151 568
467 652
653 446
284 407
450 535
245 406
619 453
444 524
573 594
450 66
511 645
188 562
458 597
120 86
633 398
203 349
165 668
