404 606 419
88 39
382 67
313 65
291 259
382 81
127 128
101 379
178 154
48 285
182 300
309 325
192 71
315 393
190 51
141 34
53 63
85 193
22 136
92 134
317 114
146 55
280 161
232 391
156 17
76 235
192 122
299 334
318 163
346 228
55 66
9 314
240 171
191 333
159 5
348 369
108 116
82 321
223 225
94 271
192 186
213 136
86 174
391 208
125 120
210 246
225 290
246 171
329 284
21 350
381 45
181 186
165 169
17 225
343 241
149 94
104 10
355 292
401 176
65 328
114 31
203 34
121 47
18 24
221 259
258 217
328 33
110 361
391 29
61 38
383 112
303 76
366 46
202 162
241 2
346 157
386 89
351 30
122 54
312 393
177 242
232 30
228 179
363 2
164 227
20 58
203 315
79 364
295 305
308 107
199 296
221 217
295 62
81 248
92 301
238 161
22 16
65 90
200 377
321 149
34 345
184 399
167 166
403 43
338 142
115 50
111 217
369 288
217 251
175 174
59 162
300 195
118 85
298 2
130 320
125 60
394 80
58 56
138 14
323 385
164 384
37 81
307 163
266 95
403 95
352 75
8 106
297 11
264 249
27 230
341 254
191 118
150 84
91 294
125 301
188 20
46 220
134 387
124 11
176 244
324 281
338 265
208 374
144 203
371 323
194 260
14 170
74 254
33 346
129 41
340 115
160 27
64 388
1 315
327 317
152 401
352 76
207 147
253 61
179 333
276 378
130 14
26 50
83 140
271 362
59 57
77 284
339 130
180 313
89 386
359 242
288 143
308 185
163 77
250 31
341 159
116 282
74 303
312 161
218 155
63 86
15 307
49 294
271 370
151 313
219 211
311 64
2 284
333 24
4 168
314 163
54 378
246 388
166 68
39 376
252 83
303 240
339 53
311 168
55 345
312 198
321 170
146 394
183 6
245 112
41 298
197 34
213 228
97 309
162 327
368 359
361 188
28 177
300 47
20 202
28 295
183 107
389 196
4 344
332 118
17 94
83 297
51 404
211 265
226 48
76 75
336 400
75 32
154 349
204 159
62 3
39 155
360 150
239 318
189 68
181 102
341 264
292 119
107 49
314 393
63 29
329 92
185 268
198 73
134 318
245 325
237 244
118 46
221 283
98 311
214 226
350 74
284 338
85 202
278 266
279 221
61 247
395 324
221 339
221 194
277 152
318 162
125 65
334 359
125 189
194 307
352 181
203 170
282 107
135 185
299 281
90 351
359 341
190 322
255 348
321 203
230 188
213 282
160 37
30 37
225 203
355 113
237 376
404 404
199 169
390 245
194 332
170 324
211 400
368 122
242 401
67 101
290 154
365 259
326 365
281 110
151 230
236 285
364 222
245 370
309 100
385 388
60 98
78 323
383 267
96 150
272 14
91 292
91 285
157 310
280 199
80 174
148 99
365 303
238 162
79 223
159 338
21 334
186 359
312 355
266 389
211 347
153 237
67 346
121 179
10 37
318 273
187 122
256 342
172 115
231 52
143 305
367 294
202 190
83 1
175 344
376 357
215 341
372 158
57 142
211 55
222 73
141 192
305 76
141 368
73 400
89 109
35 15
278 176
310 95
273 291
368 146
379 194
242 51
205 119
182 361
45 161
361 385
76 251
278 316
189 292
138 138
338 189
249 175
165 251
391 254
161 54
21 59
80 149
113 131
54 135
29 110
276 149
246 270
97 322
273 215
39 161
380 168
336 18
311 206
102 185
171 350
278 145
76 39
379 12
110 17
111 178
20 358
11 240
285 257
91 57
145 3
380 4
57 18
39 178
191 403
147 266
357 142
211 27
295 237
327 157
60 245
23 92
85 60
154 342
158 50
347 186
195 323
172 110
219 321
26 7
341 242
29 281
372 261
91 12
193 222
201 89
144 372
137 173
302 121
