392 257 475
185 216
355 220
320 86
207 224
230 280
202 306
75 236
283 54
340 233
328 60
43 337
188 154
60 93
283 29
61 10
177 310
32 128
43 299
358 344
353 145
320 15
242 217
246 73
69 361
361 22
367 105
240 65
107 240
138 389
289 81
166 86
65 218
86 201
36 392
278 199
244 15
87 214
170 273
211 277
215 47
159 305
348 224
341 227
164 367
101 213
146 194
324 226
111 121
368 333
131 52
156 320
363 87
324 6
5 379
75 57
80 108
184 317
68 331
361 382
113 198
184 215
367 295
131 279
205 345
291 334
301 240
192 169
337 105
67 37
43 57
111 150
172 383
233 262
23 120
169 201
232 304
284 137
164 119
87 18
318 344
236 353
35 9
232 165
194 198
337 19
36 195
148 274
391 210
73 265
312 60
332 212
191 85
36 310
333 291
369 198
122 30
100 174
13 94
11 77
45 380
195 102
344 186
127 121
288 272
275 244
32 376
238 54
387 267
316 382
382 75
79 194
321 35
117 301
31 269
316 126
362 20
223 349
184 57
54 154
350 352
328 109
56 172
386 311
39 372
111 196
294 215
305 251
21 336
218 334
36 89
174 276
296 221
275 114
208 343
338 67
204 239
79 85
25 25
9 298
85 372
302 253
57 84
218 311
129 165
92 319
167 63
49 272
111 290
331 234
214 292
350 186
197 73
30 193
304 27
19 199
107 64
72 392
302 320
104 319
33 201
147 162
370 322
284 223
93 259
338 10
17 74
112 137
291 308
267 249
98 113
119 338
60 272
229 25
320 161
186 242
317 169
26 68
195 121
60 361
48 233
16 158
145 157
211 71
373 335
188 186
148 146
68 105
331 199
323 121
317 272
110 389
333 286
380 217
131 320
227 163
368 306
391 144
218 373
127 327
228 249
7 121
14 344
192 272
334 147
336 71
271 261
92 271
228 79
239 280
379 30
384 192
165 50
196 319
286 63
284 122
148 99
318 353
339 276
183 272
143 376
76 225
275 128
388 112
185 258
377 145
374 172
215 153
98 132
275 5
235 275
165 169
27 321
297 314
84 152
276 42
267 234
13 98
230 321
66 114
202 9
322 87
59 8
173 60
317 373
112 379
202 368
141 12
264 48
225 198
310 311
316 351
147 98
213 286
247 231
368 27
216 86
176 180
345 200
146 371
354 331
5 174
225 206
154 72
373 137
311 372
195 244
33 254
287 52
320 47
383 11
335 386
374 137
6 338
221 26
227 128
8 239
75 95
123 274
151 367
185 140
305 323
378 128
345 76
363 203
377 166
313 34
143 138
85 270
129 383
107 325
232 342
221 158
213 59
183 339
122 25
319 391
105 96
105 334
373 353
181 84
344 306
300 156
230 248
351 382
130 343
292 214
155 290
240 271
390 45
105 343
310 139
157 1
385 85
134 303
193 34
140 87
69 72
131 149
307 161
174 196
356 386
126 322
160 224
262 167
337 45
332 223
253 353
176 354
284 187
230 104
90 33
234 27
302 59
136 324
25 251
166 193
177 206
133 180
325 135
362 65
373 99
68 20
345 360
223 202
222 50
63 184
45 181
125 121
244 328
181 190
321 255
234 126
290 3
176 172
317 228
201 233
37 211
31 76
260 225
183 182
204 244
181 268
50 343
110 278
56 50
345 50
139 172
153 382
226 122
157 389
390 183
113 389
216 350
328 349
307 139
120 104
110 232
124 375
263 26
20 240
299 67
358 238
109 284
95 144
284 339
292 117
356 144
228 42
331 328
317 215
22 171
67 181
188 382
135 201
21 202
187 377
63 344
330 157
35 100
133 361
250 155
385 115
261 85
193 380
202 168
262 121
90 223
67 115
1 5
4 220
232 88
352 205
252 341
237 53
193 361
81 379
177 295
263 33
223 132
57 51
106 336
267 200
330 4
265 174
316 213
350 375
309 58
240 298
77 152
315 246
366 36
274 174
305 129
370 192
4 48
194 322
20 110
216 352
222 366
69 122
312 62
242 90
46 310
38 352
275 261
207 343
343 302
341 152
309 218
1 72
101 50
35 210
195 141
130 25
200 357
106 138
92 265
388 185
358 159
189 263
306 96
189 219
106 382
79 285
24 385
10 375
224 22
149 218
137 389
362 241
6 337
114 377
69 172
325 236
330 150
