50 2927252
-5665115 8588523
1791215 457078
5898711 2791035
-9440159 6399175
-188096 6691039
5482174 1551373
-2059986 1005475
8625149 4295945
1867388 7542047
-6448793 4896718
2557164 8172991
-8163917 3219246
5049185 5950524
7475968 1229111
5238956 4622020
9196456 2949908
-8209573 7884633
-3746226 7220119
-8183524 2386796
7032815 8094527
6945668 3083562
-1040142 5389777
9926668 7460924
3136268 3255388
9459605 7269393
-4348895 8122164
-8743764 5688635
546482 2582140
-9499940 1753508
5502650 8111851
9297984 6909480
1906241 4768779
-7906091 4765225
5302907 8555715
-7628878 536719
2365671 8827049
636680 1926072
6295950 6453488
-7698287 5876583
-3308959 4297439
-4396409 2951284
2848398 1491686
5428864 2185055
-5466166 1951570
5371821 7880853
-7468730 1159431
-5503131 6710773
-3258441 7494814
-729190 8925631
3945540 9980995
