50 7036504
-585527 8914795
7937906 7812843
6341062 4293424
8154139 6077449
5310785 4398043
3415861 1996609
102835 6885613
-4351705 9109934
-5371589 7867444
-528492 6796412
-1579211 1122226
-4123599 5616655
7944561 2028855
-4178670 8136392
-6732824 3727120
-3738243 9162775
-4354449 8095954
-3296570 1982701
7161625 6806700
-1916386 6698793
-8474550 2308325
4998276 4412656
8697189 6509754
7181477 6386715
3517297 7049580
-5305057 786563
-1153229 324954
-5698382 4807983
888586 4360012
590209 6350414
2781944 7631797
6014129 4616710
-8060312 6171487
-1653914 1583955
6955770 6685249
4179645 7969321
6575960 8687958
-7105305 5657480
1845738 1341253
9620649 9391809
4081275 7993222
8667660 472013
7022462 2519765
3953040 4138371
-1997207 188215
1240452 5931380
7104323 2653900
2459446 4550272
7263768 2143364
6720456 4331000
