50 820632
3122358 4350184
-883264 5027599
3060762 6568685
-4489111 4521629
3377045 4806895
-5956769 6927678
-3445186 4071339
-6096730 2382512
-4162267 1895470
733302 263462
4987175 7635690
-6599914 5746483
-359715 6565326
-2281566 48600
2311603 7524564
2139055 9536279
9091000 7966086
-4008812 1538947
-8328190 2903845
4584544 4213293
6327757 8871910
-5311563 5457969
4990016 1908558
-1205616 1259998
1113735 705868
5120123 7324816
3335860 5346619
-6671128 3044120
-2904605 5958847
2030834 3213270
-7192265 8656028
4730330 8128128
-1436595 2330687
-4780149 5256060
-4321898 5295760
-6447678 7355122
-7912757 6016948
-491480 257911
-2801076 4877527
-5406530 4372343
3351236 1222918
-3467866 3891971
4732868 1035059
-4708489 6646053
1101823 9207156
7946796 1128138
7770446 7279506
-4840889 9476657
-2677136 2940097
-3620033 778097
