50 3196773
4383318 7267839
-5784618 885620
-6984548 7994254
6119562 141102
-6982626 8548831
1097579 587657
6890868 2560580
-3219262 1282466
-4745965 461103
-8308097 5171247
8596022 1370950
-5790424 8881194
-8664728 8104235
-7688024 9831084
-8525525 7174533
363528 3965143
5154942 766782
4784251 74868
-9005689 307639
4156578 6179437
-2923829 5866227
-1462499 1089338
6992940 3525426
-2367698 9659516
8881336 4988988
-3962174 3708967
-8297736 2971272
-3220870 5785943
186286 9824940
-9543518 9315535
-1713741 9899601
7916147 3884503
-9642472 2324184
8696176 6983072
9642537 6332390
-2371435 5202734
303071 6499433
-2235320 6231526
7864035 7956562
1907784 3824047
-5535283 8955648
7972982 7863824
1026462 9258890
8451705 573242
-5078421 1449208
-7451622 3534812
-4138306 9147024
5006788 2422246
-3278366 1562133
-8710 1936930
