50 4366826
-1138750 8754684
1409405 6899165
8201404 6371519
-1220672 2481885
6754607 1750061
9016206 5904992
-4666866 4756437
7206270 8139432
-8058192 6010933
7488020 4975022
2736833 4147887
-9053038 7284567
-3696229 6545403
-9069020 5519234
-9202158 1032907
-1701266 2366729
-500724 1166272
-5308411 161497
5917624 327961
-4366395 9142571
7563599 4509119
4477462 308715
-8960182 1538773
-6897394 2002125
-1360258 6650426
3823573 2822661
6956666 3557820
-17716 8676737
5173910 4120234
-1208653 8122666
-872179 2715285
-9408250 5392296
6613936 7637028
-6973804 3033692
9763187 7263691
-1240583 7798878
6981384 3988260
-8837610 1743120
-4434165 1603416
-3505712 1338005
-2354908 9138095
4052450 7340941
7800718 5245724
-9182461 7101277
-2794071 5864717
-4588504 4591821
3249300 4761914
-8364182 5689236
-2390389 2012674
6205312 1823893
