50 280236
-8859846 907319
-4830146 2249365
5041550 7961749
-6595396 38312
9767242 9575466
976555 7468674
221508 4805719
8169748 9851673
-3424173 1110248
3252075 4791615
-187338 2737548
-709090 4888974
-9802223 1297892
-2626245 9323161
-8025751 5398129
-7503708 2621551
3580904 1305001
-6041669 1578949
-1720911 9269401
5822195 798167
8056351 4743521
-7798575 4976306
7208388 1631058
7036072 1443057
9538574 6835731
6562541 9927953
-6573087 4654922
-4298208 1735732
-3810433 3473778
5682909 6866574
-2429439 252763
-9184560 2836085
-8413961 4501438
-3338235 1514757
6297932 8857816
1990797 1985916
7760268 8641509
-7320019 5763667
-6997989 5447163
-150614 1548056
-1557613 7150441
-2551799 6635102
-4152381 7801645
-429203 1036879
4413901 9502507
6069945 3975439
1694807 5251885
-9515255 4649043
89241 7189030
-1351588 4766299
