50 4065059
1057613 795652
-2782638 2327140
-1094638 8175050
7328126 5142135
-8200405 7566491
-3589725 2942140
3028174 5005537
-3013435 8238628
-1069119 6617841
-4133605 8635381
-6391744 5254053
5790545 1467606
-3050425 594523
-5503457 2672311
-4476860 231858
-6282924 3821478
-8118356 4321055
-3798092 3907267
-6583527 9054634
2567870 1974864
9879554 8819736
-1005208 4352623
2224086 4802322
1673644 5610767
2953492 9928767
2464857 5850619
8480402 9316620
3240630 2128499
-8833150 9314907
-7521783 8176057
-2862732 1251928
8267631 1796919
-4665349 2208361
-3765029 1884366
3646772 559990
1012743 8684073
-5404353 9283297
5674075 9268397
-8295827 2715400
7664661 1024451
9185862 9765603
2702737 5898609
-6683389 7678642
-6825757 7077621
323352 9070178
5840768 3395136
-242261 1845234
9127831 8987094
-3678981 7053291
-5391365 1316581
