50 9337045
-9523227 6814414
814040 3387935
-9960947 8949177
-7818542 4953162
-4800463 6537748
-4650006 5056358
2429353 2057977
-3744378 4910120
4298125 131488
4229543 3877671
-4493956 2525281
-9916655 1365402
4656965 8615320
-4088309 2126341
65694 695171
7874887 5781130
-6097787 8594386
8801872 4020702
-5443269 739099
1168131 8461303
5094141 3386746
-9783567 9776482
9199255 7675102
-8123348 4112345
3552111 6250874
8692641 6263008
-4114795 524671
9979968 4285412
-4856196 3507687
-1468488 6590268
-1409068 6223076
-3215657 7763992
77402 1884814
9699107 1941363
4053772 7463378
-8266730 4227934
6567432 7506479
1075147 9013671
-6891275 7781314
-1577484 4855072
4702059 3610639
-9473840 5543405
9350913 8877708
3775447 5914236
-7578400 295652
1393583 4562062
-6316040 8426994
3260081 7858492
2725085 2382003
1725562 5269587
