50 8393863
9091535 7756826
4834757 4673177
2027016 3484579
-8279547 148429
-3164045 3632295
-1036345 6468040
-8513287 5743686
2619698 5363502
6648319 7293409
-3070207 9526077
2201052 9267764
-2349666 7804998
4644314 6223017
-1494040 457234
-3805072 8454387
-5471216 1505379
-7621375 6990406
-8375740 7917865
498618 4795110
-4581760 4832153
-650183 2160002
-8346895 3695506
4080087 2175920
5289221 5579664
-2362189 4300124
4019713 5396329
-9442348 3315359
4922330 7942652
-1994385 4886263
9065446 3063460
1425061 1956100
-518439 2435107
1503998 2426594
2259598 3040673
9540558 3990211
637273 4085539
949843 7233116
7760518 2444812
3276071 825283
-2106259 2569861
-7394062 9920038
-1198750 6721592
-2007838 9988101
-6923021 335644
9971990 6931695
4490136 933304
3398917 1214407
-9135702 1226609
8803676 9185526
-644880 2663222
