50 7316591
6848477 3878602
4157208 9536813
8741046 9937205
4806613 7040702
-8041142 9216037
-5179219 3097279
9362167 8152052
-2854157 9927650
5582934 9047596
7248518 6017260
6484642 4383530
6113394 3218386
-8293125 1828724
6051461 6872952
-3912161 3078960
-1917696 3512208
1767570 4739973
-4769558 3347501
8355720 2137060
-209649 4272752
-3467498 1533210
1828066 1753285
3984155 4145904
-8924394 4357291
-9887766 7477865
2926215 8156866
6268585 8758544
-7745804 8427788
-4562869 9201710
-5123618 3434802
3704101 822086
7068607 307255
5237041 3753874
-2111537 5574852
2849508 7440448
-814346 4612521
2894641 4313485
-6033125 2585887
-8148485 7277998
-2100955 324610
3500235 9625549
-8328799 8491198
-8705317 7100716
6992191 2350506
-2982239 466371
-2708212 3053698
937316 3803465
9642767 3585141
2678852 9224033
8769059 3117832
