50 3801608
3598010 5438178
-3679640 2178498
7654591 1594808
6093314 1627740
-1591996 9069003
-6985702 279301
-1742029 8715469
2718787 3666617
-1065783 196660
6201893 4956329
9467012 1381342
3943578 4772943
4664378 7931730
-7858013 723504
-1360901 8087215
8567329 8053814
3938297 2734413
1126762 5525434
2409459 3520976
-4055148 109081
1921500 6370110
977479 1744061
-3407783 5660944
-3934565 4795025
5711456 6465047
-1114271 6307990
6861815 1510863
9274348 6369785
5908057 3456431
487524 2232684
4946828 6088356
-3435101 3084093
8687040 4264834
-704173 4906030
-9912202 7847056
-1579839 6548413
-7252904 112217
-5519568 6482637
-3844842 3839624
-2140728 537702
-8541597 5567176
-9527650 861512
1092934 9618277
1644006 5287540
-7877607 2119749
-2016837 9895642
7248388 2121443
-7472918 9790501
1459561 2371258
-7231920 8718275
