50 1260213
-2912797 9870041
732296 6945327
314983 2210328
-9343620 1231928
8991353 7260701
-6335535 2040011
-1380574 6304554
-4074321 7351581
3125027 4438975
1047345 3641070
3076265 4795097
-2152353 5736618
-5355865 5720444
-5154198 7592306
7597301 306309
-7267850 4777872
-3366180 2724899
-8341373 2150142
-4066305 8508668
3904185 9676802
-5199165 503800
1683027 7037139
-4204216 137984
4751933 3006043
-5701471 5767768
-8975373 9098211
-1246760 9152271
6417021 2151711
-1983931 5008620
-3759696 6887681
647648 1642073
-8944675 4701008
-9629384 6843631
4239478 7501738
2269077 8674472
8647447 7106241
973185 6005426
-4467271 9019594
-9307235 6377982
-6986239 286455
8495925 6059109
4304947 1028048
-2058435 8264948
-9010256 8220443
-3349363 4148937
-5096577 3877934
5534339 8040078
-2356975 2039980
-8604665 3860043
-8930333 4557283
