50 4386606
3212623 7612108
6899608 1905109
3205101 9136985
-6973421 9450052
-7896009 2122603
-167866 5262199
-5978452 2700024
-3150359 6363043
8579837 6201429
8164616 5742547
-9273018 9649504
5338750 9219938
8091328 2638520
-9276664 3332638
-7083356 2865132
1174468 6934868
1631166 7648622
7760503 1845154
684318 5448034
766356 7388357
5269726 5983130
8512474 1331867
1085888 5474338
-6605224 5097238
-3176225 5641957
7103522 4599220
-4616743 4386417
-5094 3266336
-1010543 9979942
5682411 154772
1800673 3637594
-7488714 1285450
2978216 1535488
-2082558 4899014
-6454957 2770521
-8197950 3002747
7026401 5004826
-9161181 9925915
-7513627 2236450
-252274 9435768
-9893700 6443525
-1494454 1906854
-4836034 5952007
-479697 1973811
-7251587 1997534
7087272 706444
-321436 1842102
-3105952 8580547
-5908250 2249286
7689855 1115067
