50 2750398
3393609 2879836
5283828 5378759
2892855 9363958
3820105 4000389
4466890 3905093
6762006 4954079
1621967 3884495
-1354583 7019633
-4310179 526256
-170877 5138803
9882206 2373032
4438370 5840542
3695824 434688
4010317 8225632
9710828 3767932
-8146232 5692248
-9164370 9326640
8713676 6241662
1631916 2590306
4044949 8709730
5338430 77590
6413475 9923785
1744933 2760089
-8569421 3166229
-1394416 1516616
-5821069 1796768
-406356 5049796
6103673 7087435
8968613 4595298
2435790 5682194
-8452565 2791715
-3188862 7310959
5950117 278855
4086357 5952784
9446639 9018796
2483010 9322237
9398383 6582918
1976879 9895440
4907964 8346412
-33757 1528032
3823422 1837529
8189430 5657676
5955700 8591643
-81205 21314
-155768 7480691
-5251240 6425942
-5461147 378678
3745420 6346384
-8135894 6466969
-7927136 8720662
