50 196045
-6695285 6460769
6692686 3991750
5105969 88636
-4451635 8739919
2107452 6778874
5606956 3848850
6957892 4145404
6100559 8158360
-3593783 3351561
4210946 4688557
-3076521 1758178
88316 413236
4503288 5877410
9525065 8037963
-8066058 1515360
546966 8089409
2845007 3068193
-4237761 2280136
-2587804 6604213
6023064 8619480
2589183 5963830
167406 6395148
3267672 9017565
-9502560 4531834
8305055 3347393
-7797487 303778
5671484 9898185
7950471 580444
8137527 7054633
-5035645 4142075
9344000 636604
2497869 8819981
9474344 1505742
-8039140 9781313
-9893582 7902628
2076166 6957331
-5513058 4882746
-2765282 7956650
-1907552 5917724
-8667233 3640725
-4127258 9034136
2311511 3479189
-1714243 964930
-2323733 6740250
4708657 1409039
-437174 9179927
-3056632 6384880
3368508 7128591
-467346 5106444
-1686943 6470418
