50 5779598
-7435050 3058776
-7895789 5398659
4722298 2571471
-2392111 480485
-7454451 1351228
-2166422 7672823
-880875 137263
3142282 4728366
9716947 2912878
-185660 9879998
8493684 9082353
-5151542 5889085
2713908 9039519
1150127 121905
-8437691 9386061
-6878176 3335756
-7412273 9139258
8245486 2513958
4414879 936620
3961786 2595388
-7657628 5844346
-1635878 9598165
6978371 8284768
-1886451 3018797
3603205 9723058
-4467350 8858704
-9739217 9034988
9852134 9832295
-250038 1386092
-6322821 5668366
-892544 490211
-3663076 1634664
9552682 5315209
118352 5980377
-9778611 7730200
-4484101 8670555
-4318694 2837501
-2586281 2128943
5843686 6430814
-1765573 5541494
8416721 1326895
-2975375 4213174
-240261 5420791
8504347 4408262
6473014 2935200
4398064 7712919
4191386 7224650
4814763 1193517
-5952208 8938210
-8207762 5221295
