50 3676662
-4086131 9165504
-9357051 4945268
6005361 1589390
9390759 226868
-1811721 9640817
6881393 8293918
4593220 6411371
1527158 5968404
7208734 5542634
4097681 797858
-5857112 9985106
-2598245 6216943
6547740 4461306
4483576 5549654
3249852 2891110
5345748 2533711
6139649 7119023
7789573 8706345
-5046550 5950845
-8322857 7497107
8066799 8106659
5133138 2527346
9450438 605307
6092566 2997622
-521768 6220634
1152455 2515023
7588899 2931269
6701262 2914519
-8027320 2194329
3393022 986139
9874575 5910984
5629658 1237818
1484488 8151716
-7947324 388670
-9258821 3135567
-6824415 966686
3043216 6206631
8073978 9727353
8480838 7249261
-3832919 7445446
734681 3289275
-6938905 6572614
7500286 8131219
4481459 2190959
4773217 5502263
611657 5301393
1463006 9063405
-1393883 9720242
4801987 8091724
-4607688 9454686
