50 9815698
4903668 5681786
3477149 4401734
-3801671 2339314
3983050 6869315
1508652 6810298
6320239 87709
-3206832 193508
-9654163 21797
-5523363 1945021
-669193 9848517
-1274712 7382261
-8922657 855753
8103703 64093
-6980597 5228719
156519 9055027
8818765 7155402
8467694 6163233
9547107 1340281
8331218 909824
-3741347 7521940
-4848138 5586336
-28738 7244224
3227328 665572
-37778 4512209
-9898911 2956086
-163268 5434947
-8012205 8172085
-6157142 7159128
2942366 3499119
1999988 2755429
8864394 8773523
3204174 3937426
6808218 1093406
-188362 6057789
425541 3105527
-2668269 1505788
-966192 461272
-1353689 5972589
-3575761 6633232
6289345 2886605
7055479 589650
9257040 1261508
2991772 3926801
-4124345 1137114
-8579489 2679879
2544613 4401921
6717344 5923074
-6377567 1020762
-4975064 8712557
2070641 6288184
