50 6769683
-6895891 5689105
2459144 5764059
7708000 7760252
8934580 213329
3702015 5621208
185414 7394607
5728234 7276452
-2275880 6985426
-2281549 6405274
-8931927 7025893
-9467304 8664642
-2998521 3694523
9791905 1149381
8132931 2502833
3447893 7517697
3261001 9840232
4643411 6371775
-2361647 6458449
-9003867 3150885
4938918 3991095
9425191 393947
1946009 3258022
-828404 9136700
1867657 8485751
3201876 6333762
737114 5045916
-1503255 2477362
-5627653 3515875
2895990 7493111
9461521 9223274
-5408851 6030765
2937874 1654401
-263629 9467799
8145254 671088
4004308 7370109
-3574393 8160170
580279 6403065
-1454611 2081989
-4291417 7384420
4494697 720188
-5563070 8476332
3129435 4875435
-5082101 3616577
8183653 4683256
-3897737 3909509
5469692 1344778
-2207616 6587466
1533646 6293838
-3978251 1596338
8381307 5921058
