50 8354078
9200193 8307002
-6773746 8991415
-3705124 9650015
-2020031 4994848
6716929 2636679
-4735820 6720543
-4498085 944978
5231609 3733863
2850971 9318024
-4807896 9165073
-3435758 8690174
7341365 3425612
3887229 6892314
3754038 3639982
-186817 6194388
8653618 6474828
-5105669 4024856
-6450405 4704410
-8804209 5874544
4546436 7358104
3010768 3991825
-9657761 949560
2488411 3384282
4323374 4668811
7863609 8767133
-7286975 5889271
-7709407 5380210
-6252511 7543781
-1548512 503838
-1052804 5281468
2531417 5541601
-1854108 7535288
-9469473 4737777
-5720789 4194978
-9760188 2023781
4063972 1259445
-1126060 2736839
-3514873 7185073
-5025006 9652388
-4875802 7482204
4733070 77465
-6700518 4052406
-1417339 1855160
-3954806 4696745
-9590346 4750698
-8752849 1833828
5837140 579832
-2297458 1701092
-9943869 883282
-7781095 909934
