50 7823429
5791362 7423781
-7802103 8777357
-1161032 1465395
85355 9912426
-6969650 2995583
-1273399 7238650
8156876 3198976
2487098 5535941
1376713 3589401
9175144 1891940
-1147620 1509535
-3298750 4889483
7816805 1561285
-6357456 6423741
-7638915 9849978
9974568 4455620
-7753322 3007039
-189029 7665609
9625926 6623631
1705655 2478722
-3460527 2327181
1285223 585163
-408021 640951
-4131979 463001
-4254615 8891940
-722265 9879793
-6518374 2713894
-1924661 1552325
755901 3600787
-3473583 501224
-417867 8003744
-1782750 6855318
6470973 9664198
-3429065 425465
-1702784 2302621
-3355163 5046886
-160132 5031045
6376340 9031473
-2141273 5555869
9560680 8907338
8103465 3543226
-4218795 3563212
7364106 7621967
7569173 4852906
-852243 8119840
-6639271 4323604
-4300232 4518549
268586 7966477
3085422 2056408
-4966455 6485188
