50 4351149
9220383 7907856
-3190696 5526341
-3460728 4901635
-7023130 8713796
5032100 1819462
5280847 1128493
4145802 1084351
183366 7844362
8669586 7767545
2200606 6460043
1261137 1020783
8872710 6711153
2120115 7611176
5107485 759112
-3397929 3191760
-9339752 1213089
7575576 2022422
90325 6599289
4906399 8523650
8248726 3498194
-7562634 8645056
-6435097 2224410
-3634771 6938815
6288836 8305393
-3546135 7353306
7396423 5486008
1835651 5043740
-3118018 1188068
322161 405133
-3745138 1711632
8565803 9570599
653586 9682914
9792732 1817745
328753 8818545
6183951 9752522
1376055 2755210
9647792 3388738
-8613693 3036137
3347669 1939731
9796342 2181696
7881086 4444477
5661056 7711735
-8281214 1453196
-9376239 1924838
1988901 8618019
3152455 5848304
5824284 9924415
5559549 8007312
-3510876 3742087
9670188 4258855
