50 840311
-1757261 987509
-5701696 1404073
-9709446 7426100
-5383117 172194
5294857 8225837
6563432 5531891
926116 9822393
-7682792 6298606
-1888499 8417289
-5935972 2255791
9098199 5682614
5362676 9875568
3757764 1177743
6728829 2700336
2424657 861096
-3301105 7191861
-428284 6161656
-4785760 7512084
8206459 742673
9880355 2206269
2856792 6689530
-5131161 3413112
2547493 9761885
7118479 4608126
-7293232 5475405
3043366 6357217
5254738 7059851
-8028114 4759623
3294992 248891
8633566 3616986
-4749167 2894596
-2392805 6583409
2666556 3599432
6981474 8116242
6250653 8985059
-1390501 3726618
-8595848 4466193
-1875960 8371211
3097989 6095982
1997415 2662493
1495361 8355199
1866269 6515080
-4572001 3860316
-8601589 8783400
7311164 9585999
9269322 5054442
-2784400 1087751
-2734140 7994065
-2187498 1653393
6882323 242465
