50 6099182
5053117 3559581
-6659066 4945969
9299659 901187
-9077426 7514955
-5732140 3896978
6817482 8873722
-1315995 2154309
-3053876 371195
3792243 3608243
8252064 1678892
1237249 1630077
8598645 7661490
2547283 1933809
-6382430 3931767
-7739192 8038583
5521760 6271470
2749436 9126815
4472970 1757344
-5628950 6805477
6808745 8937920
-7428263 1877437
3646542 2060729
-2912151 138050
8271335 9731201
-4062477 8337259
-735368 1855213
-2796497 728983
-651265 3919431
-1221591 538184
-3986763 4021218
-5335940 3713542
587171 3277969
-4204779 8533568
6758046 2810615
3714638 60468
-330883 2175307
-7907409 3684988
2511805 2459769
-295146 4703737
1647096 8096575
15005 8176246
-5773781 1385968
-1779966 4411846
7337756 2658427
3094056 4056917
5998795 2615751
-4901656 3643211
-7242333 5624156
-3776238 7900951
-3976599 8329944
