50 7679009
1346253 7377024
9792435 6738042
-1816990 1368637
1704445 8213215
1243655 6621002
-2133871 6236282
6776500 8751677
-9592424 9335416
-5333195 8398884
4829078 1106840
-9759668 8269010
9092149 4426696
6651681 4630471
-6978183 2433234
-6349446 6386997
6782567 835866
-5471277 9945043
-7231580 8765311
-1368442 757776
-1038276 4885449
4802723 7027575
1028485 3141524
-5336608 8957213
-4693441 7900980
-7834706 9064976
3394634 1713881
6169429 8360529
2065818 4122058
-28391 7086874
-1677145 6303768
-9883563 1771372
8351 1558707
-3779932 6528629
-3278717 4203140
3878653 1984578
-4078905 1124142
-594344 439974
-5113670 8584444
3761966 8589809
3311620 7705150
-5425270 6420895
-5736680 1993921
-9146136 2012712
6270957 9223851
-8508968 587053
7622093 3576806
-7240668 3042192
-621853 6199689
-5970250 4650260
7976311 7919244
