50 1227464
8116197 4787923
5941406 5802488
6235220 2565943
-4440914 3599195
4125361 7126984
296946 3539120
1885050 8856488
-7153841 564516
-5309603 1914988
8826512 5228441
-3677613 8973593
9358872 6395398
9606961 5278660
-1597956 3407600
-9188825 3303682
-5133590 5398429
-8951829 4328133
5094837 8092279
3324837 5950688
-4984605 7936433
-8149241 9143780
483781 1064597
3759832 6364638
9221689 9973385
933790 4363088
6309115 4263688
9929578 4607902
8204401 7001099
-4818362 8162063
-3640993 4607144
-929228 4874892
-7909554 3411204
-8170084 2958868
-1285400 8557836
-5386289 445442
7068771 2643542
-4274918 5263090
-3657621 9799453
8612729 3379080
-3750853 1772173
1785471 1752244
-488939 2495440
-3497611 3946804
-1318746 6582757
4573562 4877823
9623452 779818
-7260365 8048985
9415479 9650171
4096286 4086396
-9207999 2364724
