50 6895650
3136143 8013380
1224653 5171013
-5373988 4852208
-6786438 3929006
3403364 1395243
6429159 2286379
-9106509 8281582
9660907 1184742
-5786002 7953678
-7400098 2487483
7192213 5110590
-114042 9546617
-9360730 4224804
6012814 9344645
-3576002 9130652
8603888 7642965
5899363 4774046
3149041 1226056
8815381 3880976
-3993090 837065
-3162954 5901717
-8309315 6054429
9318671 3495885
5343590 8740815
6523912 3948642
9862053 5166330
5793366 2189817
140348 2110156
3330847 5996315
3003743 8602367
2699979 6995776
-8006477 185808
-9498541 7289284
-9494815 5142761
57858 6937463
-3088912 3810416
599187 2803170
1084514 451642
-1936880 1942294
-4141041 7983300
-4844171 39921
9892954 5804728
4032350 6491932
-6532438 9906595
1431313 6352610
-2965823 8048901
-9767758 6258934
7780145 5031612
-4598496 6885285
3827359 8678493
