50 3424149
3982027 6514837
-7783627 4692913
-2995182 7878369
-716578 8270532
2616572 9585527
3525317 9252236
6283512 4922972
2804339 4332437
4185224 7550207
7001654 8814243
-3321629 9025583
1424741 6065473
3907678 5934939
4588584 5151232
-5642639 2255897
-5866977 3699614
-6854255 7672535
216748 5714725
2446950 5222898
-557523 3557689
-5591756 6261260
1581216 970235
464418 8625318
-3748159 9397178
-1511522 6023582
5263992 3334726
-469475 5939756
-651932 5633768
3065955 7259456
4089348 44927
8094584 1862256
-9520376 3510209
6811075 621831
9837615 3271028
7923531 9683563
2979466 5541584
-6636526 8137796
9306299 839102
751110 905267
-4407409 1898188
5511821 7956958
7195732 36905
2252826 2093456
9463863 4779790
1484823 6129367
-4590338 5151580
-8093172 7218494
1167562 3290124
2470290 1498486
5099574 6624070
