50 4451292
7719974 2742929
7213042 8675248
-8116381 5707950
-3936199 1864457
8742871 4567741
8794171 2501438
-5648833 9734271
-1804466 6234146
-9050141 6058364
8749488 3234606
9040319 763417
1417101 4214988
5587703 3130190
1161322 206179
-7100474 5940691
-5285088 2530413
8731805 3770884
-8315598 2057177
3756642 5889651
-4205390 6338012
-9490150 6120969
-7708397 869858
1469980 9934438
-7589626 6118211
1458030 1154450
-5634810 5402052
-140267 9959780
-6663570 3944701
-4658482 7753967
-979091 5752351
4151795 7524437
9909105 200170
2477898 4508185
-2209477 2770679
-6314420 7408335
6118549 6068448
7934268 5654809
1651687 5577585
-9718037 900586
-7094956 5464263
-5074223 8250842
-8117665 9666928
8936973 3825015
615570 2454371
5325391 3872379
-7669964 6240448
-598567 7551810
2502113 6678928
6401699 929459
-574950 659054
