50 4392150
7808017 9300224
890502 6710680
-8171176 3522884
-1235067 9473413
-6042001 2541490
530142 8822340
9604032 9264676
183457 4010020
-5160973 4809762
1174252 5427157
9300903 9175740
-6648577 740742
-3991530 6245439
-5324759 5497824
5132598 4374921
-2294011 5876462
4776170 8909824
6459873 3923071
7396759 5636076
2936742 5121800
8490574 8771962
1837507 5795564
-2310936 5016653
6877513 3220029
-42534 7295513
653849 4802484
4897153 1123945
-6959618 7879760
9322940 420155
-822461 8046970
-3293063 2634783
8720233 9146919
-3540672 9265221
-7654815 614938
6372935 3248926
1648977 9553145
-1775195 9978972
-5646257 3250627
-4851304 1383322
-9145642 8701794
-9075574 9815094
-8922602 5615527
7043008 9603891
5679025 8345322
-117611 2738752
3899427 5779206
4462028 2043427
5841331 462905
5242345 647686
1287744 3826848
