50 4583394
-3221490 6674902
-6972707 7272544
-2616609 8208257
2301825 2022064
-624621 5376925
-9195401 4022191
6724763 4655987
9735034 7104883
-923256 1266472
4836452 8043376
9443663 4655470
8797660 3688859
9200750 4594491
9434520 2924345
-6321425 9779116
9913951 6742278
-2345077 5894651
2860803 2410107
-4369996 2780229
-6097812 7194444
9753565 4923307
9417122 4768451
-8194719 7424708
-1852253 2808728
3167721 1699490
-5119879 3758658
-2956267 4460424
7418353 5937369
-5660585 7439444
-5830893 8531062
3054255 8340041
-9750114 9221586
-9601177 9713387
4372329 5771996
-2783119 7877532
-1118141 4568094
955127 9247899
1120611 7457465
2044472 4145559
8397465 9063236
-9911198 5455560
-8214517 6690198
-8029843 610388
9023903 3878489
455132 3994113
5092294 2268600
-3979265 3752912
4474431 8676210
-1384234 2440697
-6522994 9872411
