50 3141158
-5016879 4649136
-7445789 4592568
-8360510 9638242
1857749 2200990
6242995 309191
7863080 3558678
-1779421 4519031
-6238380 5446179
5888826 5479343
4521968 9455133
-2387029 3676779
8305148 2870058
-1761790 3708728
-9621385 5539218
-8413563 6667144
3291421 4791099
-4178828 3785257
2651015 3110720
-5935436 9729604
-8443760 2796414
-9364945 8519331
-4045596 9471701
6807066 2962914
8078669 1708548
7532001 627583
-6326236 7488954
-9127556 8638230
-8266207 3434030
-929333 3511164
1569161 9087318
8593070 5265681
2616027 3757237
-4129083 1256250
-3260475 5988376
-4185753 594633
-7087914 7410660
6842163 5280189
9933784 1057871
4793405 6854823
6978541 5082782
9613161 4704879
-5313509 2736516
-5574963 3235021
4579639 8417342
3073017 3759689
2868442 3202687
-3648396 3847802
166858 5512824
-8859745 2299437
2980970 8151845
