50 1183461
-817580 7641772
-961666 6628540
3740760 4819684
2716522 8965300
7412630 575420
1542220 7844064
-3708535 7515442
4899088 7229790
-8971940 5304235
-1565946 5702601
7735684 8746955
-1187600 9361068
-4895025 1880954
-590889 5558299
3521777 6209222
5698881 7027403
-2009341 6290450
4685262 8610541
-7751987 8568175
6423505 8312183
9433311 3920942
-5095034 2051221
-1780119 2323632
459353 6868211
-9155483 135244
4382771 814697
9787756 9809917
-484625 2953766
-2974018 5736543
-3414351 3258610
-1803031 2949944
-3265309 7413953
-6600798 1656416
-5028215 4090077
6701885 5942965
9442566 3938476
3108820 288466
7176704 7900609
-9659919 193220
-8901038 3257018
4327414 549208
-3976101 5784423
3032300 6476085
6411368 5326003
9671509 9968489
-3049550 5688635
568338 2590355
2489341 2015579
-3154362 9894960
-1823681 4380175
