1000 1
10000000 10000000
9999999 10000000
9999998 10000000
9999997 10000000
9999996 10000000
9999995 10000000
9999994 10000000
9999993 10000000
9999992 10000000
9999991 10000000
9999990 10000000
9999989 10000000
9999988 10000000
9999987 10000000
9999986 10000000
9999985 10000000
9999984 10000000
9999983 10000000
9999982 10000000
9999981 10000000
9999980 10000000
9999979 10000000
9999978 10000000
9999977 10000000
9999976 10000000
9999975 10000000
9999974 10000000
9999973 10000000
9999972 10000000
9999971 10000000
9999970 10000000
9999969 10000000
9999968 10000000
9999967 10000000
9999966 10000000
9999965 10000000
9999964 10000000
9999963 10000000
9999962 10000000
9999961 10000000
9999960 10000000
9999959 10000000
9999958 10000000
9999957 10000000
9999956 10000000
9999955 10000000
9999954 10000000
9999953 10000000
9999952 10000000
9999951 10000000
9999950 10000000
9999949 10000000
9999948 10000000
9999947 10000000
9999946 10000000
9999945 10000000
9999944 10000000
9999943 10000000
9999942 10000000
9999941 10000000
9999940 10000000
9999939 10000000
9999938 10000000
9999937 10000000
9999936 10000000
9999935 10000000
9999934 10000000
9999933 10000000
9999932 10000000
9999931 10000000
9999930 10000000
9999929 10000000
9999928 10000000
9999927 10000000
9999926 10000000
9999925 10000000
9999924 10000000
9999923 10000000
9999922 10000000
9999921 10000000
9999920 10000000
9999919 10000000
9999918 10000000
9999917 10000000
9999916 10000000
9999915 10000000
9999914 10000000
9999913 10000000
9999912 10000000
9999911 10000000
9999910 10000000
9999909 10000000
9999908 10000000
9999907 10000000
9999906 10000000
9999905 10000000
9999904 10000000
9999903 10000000
9999902 10000000
9999901 10000000
9999900 10000000
9999899 10000000
9999898 10000000
9999897 10000000
9999896 10000000
9999895 10000000
9999894 10000000
9999893 10000000
9999892 10000000
9999891 10000000
9999890 10000000
9999889 10000000
9999888 10000000
9999887 10000000
9999886 10000000
9999885 10000000
9999884 10000000
9999883 10000000
9999882 10000000
9999881 10000000
9999880 10000000
9999879 10000000
9999878 10000000
9999877 10000000
9999876 10000000
9999875 10000000
9999874 10000000
9999873 10000000
9999872 10000000
9999871 10000000
9999870 10000000
9999869 10000000
9999868 10000000
9999867 10000000
9999866 10000000
9999865 10000000
9999864 10000000
9999863 10000000
9999862 10000000
9999861 10000000
9999860 10000000
9999859 10000000
9999858 10000000
9999857 10000000
9999856 10000000
9999855 10000000
9999854 10000000
9999853 10000000
9999852 10000000
9999851 10000000
9999850 10000000
9999849 10000000
9999848 10000000
9999847 10000000
9999846 10000000
9999845 10000000
9999844 10000000
9999843 10000000
9999842 10000000
9999841 10000000
9999840 10000000
9999839 10000000
9999838 10000000
9999837 10000000
9999836 10000000
9999835 10000000
9999834 10000000
9999833 10000000
9999832 10000000
9999831 10000000
9999830 10000000
9999829 10000000
9999828 10000000
9999827 10000000
9999826 10000000
9999825 10000000
9999824 10000000
9999823 10000000
9999822 10000000
9999821 10000000
9999820 10000000
9999819 10000000
9999818 10000000
9999817 10000000
9999816 10000000
9999815 10000000
9999814 10000000
9999813 10000000
9999812 10000000
9999811 10000000
9999810 10000000
9999809 10000000
9999808 10000000
9999807 10000000
9999806 10000000
9999805 10000000
9999804 10000000
9999803 10000000
9999802 10000000
9999801 10000000
9999800 10000000
9999799 10000000
9999798 10000000
9999797 10000000
9999796 10000000
9999795 10000000
9999794 10000000
9999793 10000000
9999792 10000000
9999791 10000000
9999790 10000000
9999789 10000000
9999788 10000000
9999787 10000000
9999786 10000000
9999785 10000000
9999784 10000000
9999783 10000000
9999782 10000000
9999781 10000000
9999780 10000000
9999779 10000000
9999778 10000000
9999777 10000000
9999776 10000000
9999775 10000000
9999774 10000000
9999773 10000000
9999772 10000000
9999771 10000000
9999770 10000000
9999769 10000000
9999768 10000000
9999767 10000000
9999766 10000000
9999765 10000000
9999764 10000000
9999763 10000000
9999762 10000000
9999761 10000000
9999760 10000000
9999759 10000000
9999758 10000000
9999757 10000000
9999756 10000000
9999755 10000000
9999754 10000000
9999753 10000000
9999752 10000000
9999751 10000000
9999750 10000000
9999749 10000000
9999748 10000000
9999747 10000000
9999746 10000000
9999745 10000000
9999744 10000000
9999743 10000000
9999742 10000000
9999741 10000000
9999740 10000000
9999739 10000000
9999738 10000000
9999737 10000000
9999736 10000000
9999735 10000000
9999734 10000000
9999733 10000000
9999732 10000000
9999731 10000000
9999730 10000000
9999729 10000000
9999728 10000000
9999727 10000000
9999726 10000000
9999725 10000000
9999724 10000000
9999723 10000000
9999722 10000000
9999721 10000000
9999720 10000000
9999719 10000000
9999718 10000000
9999717 10000000
9999716 10000000
9999715 10000000
9999714 10000000
9999713 10000000
9999712 10000000
9999711 10000000
9999710 10000000
9999709 10000000
9999708 10000000
9999707 10000000
9999706 10000000
9999705 10000000
9999704 10000000
9999703 10000000
9999702 10000000
9999701 10000000
9999700 10000000
9999699 10000000
9999698 10000000
9999697 10000000
9999696 10000000
9999695 10000000
9999694 10000000
9999693 10000000
9999692 10000000
9999691 10000000
9999690 10000000
9999689 10000000
9999688 10000000
9999687 10000000
9999686 10000000
9999685 10000000
9999684 10000000
9999683 10000000
9999682 10000000
9999681 10000000
9999680 10000000
9999679 10000000
9999678 10000000
9999677 10000000
9999676 10000000
9999675 10000000
9999674 10000000
9999673 10000000
9999672 10000000
9999671 10000000
9999670 10000000
9999669 10000000
9999668 10000000
9999667 10000000
9999666 10000000
9999665 10000000
9999664 10000000
9999663 10000000
9999662 10000000
9999661 10000000
9999660 10000000
9999659 10000000
9999658 10000000
9999657 10000000
9999656 10000000
9999655 10000000
9999654 10000000
9999653 10000000
9999652 10000000
9999651 10000000
9999650 10000000
9999649 10000000
9999648 10000000
9999647 10000000
9999646 10000000
9999645 10000000
9999644 10000000
9999643 10000000
9999642 10000000
9999641 10000000
9999640 10000000
9999639 10000000
9999638 10000000
9999637 10000000
9999636 10000000
9999635 10000000
9999634 10000000
9999633 10000000
9999632 10000000
9999631 10000000
9999630 10000000
9999629 10000000
9999628 10000000
9999627 10000000
9999626 10000000
9999625 10000000
9999624 10000000
9999623 10000000
9999622 10000000
9999621 10000000
9999620 10000000
9999619 10000000
9999618 10000000
9999617 10000000
9999616 10000000
9999615 10000000
9999614 10000000
9999613 10000000
9999612 10000000
9999611 10000000
9999610 10000000
9999609 10000000
9999608 10000000
9999607 10000000
9999606 10000000
9999605 10000000
9999604 10000000
9999603 10000000
9999602 10000000
9999601 10000000
9999600 10000000
9999599 10000000
9999598 10000000
9999597 10000000
9999596 10000000
9999595 10000000
9999594 10000000
9999593 10000000
9999592 10000000
9999591 10000000
9999590 10000000
9999589 10000000
9999588 10000000
9999587 10000000
9999586 10000000
9999585 10000000
9999584 10000000
9999583 10000000
9999582 10000000
9999581 10000000
9999580 10000000
9999579 10000000
9999578 10000000
9999577 10000000
9999576 10000000
9999575 10000000
9999574 10000000
9999573 10000000
9999572 10000000
9999571 10000000
9999570 10000000
9999569 10000000
9999568 10000000
9999567 10000000
9999566 10000000
9999565 10000000
9999564 10000000
9999563 10000000
9999562 10000000
9999561 10000000
9999560 10000000
9999559 10000000
9999558 10000000
9999557 10000000
9999556 10000000
9999555 10000000
9999554 10000000
9999553 10000000
9999552 10000000
9999551 10000000
9999550 10000000
9999549 10000000
9999548 10000000
9999547 10000000
9999546 10000000
9999545 10000000
9999544 10000000
9999543 10000000
9999542 10000000
9999541 10000000
9999540 10000000
9999539 10000000
9999538 10000000
9999537 10000000
9999536 10000000
9999535 10000000
9999534 10000000
9999533 10000000
9999532 10000000
9999531 10000000
9999530 10000000
9999529 10000000
9999528 10000000
9999527 10000000
9999526 10000000
9999525 10000000
9999524 10000000
9999523 10000000
9999522 10000000
9999521 10000000
9999520 10000000
9999519 10000000
9999518 10000000
9999517 10000000
9999516 10000000
9999515 10000000
9999514 10000000
9999513 10000000
9999512 10000000
9999511 10000000
9999510 10000000
9999509 10000000
9999508 10000000
9999507 10000000
9999506 10000000
9999505 10000000
9999504 10000000
9999503 10000000
9999502 10000000
9999501 10000000
9999500 10000000
9999499 10000000
9999498 10000000
9999497 10000000
9999496 10000000
9999495 10000000
9999494 10000000
9999493 10000000
9999492 10000000
9999491 10000000
9999490 10000000
9999489 10000000
9999488 10000000
9999487 10000000
9999486 10000000
9999485 10000000
9999484 10000000
9999483 10000000
9999482 10000000
9999481 10000000
9999480 10000000
9999479 10000000
9999478 10000000
9999477 10000000
9999476 10000000
9999475 10000000
9999474 10000000
9999473 10000000
9999472 10000000
9999471 10000000
9999470 10000000
9999469 10000000
9999468 10000000
9999467 10000000
9999466 10000000
9999465 10000000
9999464 10000000
9999463 10000000
9999462 10000000
9999461 10000000
9999460 10000000
9999459 10000000
9999458 10000000
9999457 10000000
9999456 10000000
9999455 10000000
9999454 10000000
9999453 10000000
9999452 10000000
9999451 10000000
9999450 10000000
9999449 10000000
9999448 10000000
9999447 10000000
9999446 10000000
9999445 10000000
9999444 10000000
9999443 10000000
9999442 10000000
9999441 10000000
9999440 10000000
9999439 10000000
9999438 10000000
9999437 10000000
9999436 10000000
9999435 10000000
9999434 10000000
9999433 10000000
9999432 10000000
9999431 10000000
9999430 10000000
9999429 10000000
9999428 10000000
9999427 10000000
9999426 10000000
9999425 10000000
9999424 10000000
9999423 10000000
9999422 10000000
9999421 10000000
9999420 10000000
9999419 10000000
9999418 10000000
9999417 10000000
9999416 10000000
9999415 10000000
9999414 10000000
9999413 10000000
9999412 10000000
9999411 10000000
9999410 10000000
9999409 10000000
9999408 10000000
9999407 10000000
9999406 10000000
9999405 10000000
9999404 10000000
9999403 10000000
9999402 10000000
9999401 10000000
9999400 10000000
9999399 10000000
9999398 10000000
9999397 10000000
9999396 10000000
9999395 10000000
9999394 10000000
9999393 10000000
9999392 10000000
9999391 10000000
9999390 10000000
9999389 10000000
9999388 10000000
9999387 10000000
9999386 10000000
9999385 10000000
9999384 10000000
9999383 10000000
9999382 10000000
9999381 10000000
9999380 10000000
9999379 10000000
9999378 10000000
9999377 10000000
9999376 10000000
9999375 10000000
9999374 10000000
9999373 10000000
9999372 10000000
9999371 10000000
9999370 10000000
9999369 10000000
9999368 10000000
9999367 10000000
9999366 10000000
9999365 10000000
9999364 10000000
9999363 10000000
9999362 10000000
9999361 10000000
9999360 10000000
9999359 10000000
9999358 10000000
9999357 10000000
9999356 10000000
9999355 10000000
9999354 10000000
9999353 10000000
9999352 10000000
9999351 10000000
9999350 10000000
9999349 10000000
9999348 10000000
9999347 10000000
9999346 10000000
9999345 10000000
9999344 10000000
9999343 10000000
9999342 10000000
9999341 10000000
9999340 10000000
9999339 10000000
9999338 10000000
9999337 10000000
9999336 10000000
9999335 10000000
9999334 10000000
9999333 10000000
9999332 10000000
9999331 10000000
9999330 10000000
9999329 10000000
9999328 10000000
9999327 10000000
9999326 10000000
9999325 10000000
9999324 10000000
9999323 10000000
9999322 10000000
9999321 10000000
9999320 10000000
9999319 10000000
9999318 10000000
9999317 10000000
9999316 10000000
9999315 10000000
9999314 10000000
9999313 10000000
9999312 10000000
9999311 10000000
9999310 10000000
9999309 10000000
9999308 10000000
9999307 10000000
9999306 10000000
9999305 10000000
9999304 10000000
9999303 10000000
9999302 10000000
9999301 10000000
9999300 10000000
9999299 10000000
9999298 10000000
9999297 10000000
9999296 10000000
9999295 10000000
9999294 10000000
9999293 10000000
9999292 10000000
9999291 10000000
9999290 10000000
9999289 10000000
9999288 10000000
9999287 10000000
9999286 10000000
9999285 10000000
9999284 10000000
9999283 10000000
9999282 10000000
9999281 10000000
9999280 10000000
9999279 10000000
9999278 10000000
9999277 10000000
9999276 10000000
9999275 10000000
9999274 10000000
9999273 10000000
9999272 10000000
9999271 10000000
9999270 10000000
9999269 10000000
9999268 10000000
9999267 10000000
9999266 10000000
9999265 10000000
9999264 10000000
9999263 10000000
9999262 10000000
9999261 10000000
9999260 10000000
9999259 10000000
9999258 10000000
9999257 10000000
9999256 10000000
9999255 10000000
9999254 10000000
9999253 10000000
9999252 10000000
9999251 10000000
9999250 10000000
9999249 10000000
9999248 10000000
9999247 10000000
9999246 10000000
9999245 10000000
9999244 10000000
9999243 10000000
9999242 10000000
9999241 10000000
9999240 10000000
9999239 10000000
9999238 10000000
9999237 10000000
9999236 10000000
9999235 10000000
9999234 10000000
9999233 10000000
9999232 10000000
9999231 10000000
9999230 10000000
9999229 10000000
9999228 10000000
9999227 10000000
9999226 10000000
9999225 10000000
9999224 10000000
9999223 10000000
9999222 10000000
9999221 10000000
9999220 10000000
9999219 10000000
9999218 10000000
9999217 10000000
9999216 10000000
9999215 10000000
9999214 10000000
9999213 10000000
9999212 10000000
9999211 10000000
9999210 10000000
9999209 10000000
9999208 10000000
9999207 10000000
9999206 10000000
9999205 10000000
9999204 10000000
9999203 10000000
9999202 10000000
9999201 10000000
9999200 10000000
9999199 10000000
9999198 10000000
9999197 10000000
9999196 10000000
9999195 10000000
9999194 10000000
9999193 10000000
9999192 10000000
9999191 10000000
9999190 10000000
9999189 10000000
9999188 10000000
9999187 10000000
9999186 10000000
9999185 10000000
9999184 10000000
9999183 10000000
9999182 10000000
9999181 10000000
9999180 10000000
9999179 10000000
9999178 10000000
9999177 10000000
9999176 10000000
9999175 10000000
9999174 10000000
9999173 10000000
9999172 10000000
9999171 10000000
9999170 10000000
9999169 10000000
9999168 10000000
9999167 10000000
9999166 10000000
9999165 10000000
9999164 10000000
9999163 10000000
9999162 10000000
9999161 10000000
9999160 10000000
9999159 10000000
9999158 10000000
9999157 10000000
9999156 10000000
9999155 10000000
9999154 10000000
9999153 10000000
9999152 10000000
9999151 10000000
9999150 10000000
9999149 10000000
9999148 10000000
9999147 10000000
9999146 10000000
9999145 10000000
9999144 10000000
9999143 10000000
9999142 10000000
9999141 10000000
9999140 10000000
9999139 10000000
9999138 10000000
9999137 10000000
9999136 10000000
9999135 10000000
9999134 10000000
9999133 10000000
9999132 10000000
9999131 10000000
9999130 10000000
9999129 10000000
9999128 10000000
9999127 10000000
9999126 10000000
9999125 10000000
9999124 10000000
9999123 10000000
9999122 10000000
9999121 10000000
9999120 10000000
9999119 10000000
9999118 10000000
9999117 10000000
9999116 10000000
9999115 10000000
9999114 10000000
9999113 10000000
9999112 10000000
9999111 10000000
9999110 10000000
9999109 10000000
9999108 10000000
9999107 10000000
9999106 10000000
9999105 10000000
9999104 10000000
9999103 10000000
9999102 10000000
9999101 10000000
9999100 10000000
9999099 10000000
9999098 10000000
9999097 10000000
9999096 10000000
9999095 10000000
9999094 10000000
9999093 10000000
9999092 10000000
9999091 10000000
9999090 10000000
9999089 10000000
9999088 10000000
9999087 10000000
9999086 10000000
9999085 10000000
9999084 10000000
9999083 10000000
9999082 10000000
9999081 10000000
9999080 10000000
9999079 10000000
9999078 10000000
9999077 10000000
9999076 10000000
9999075 10000000
9999074 10000000
9999073 10000000
9999072 10000000
9999071 10000000
9999070 10000000
9999069 10000000
9999068 10000000
9999067 10000000
9999066 10000000
9999065 10000000
9999064 10000000
9999063 10000000
9999062 10000000
9999061 10000000
9999060 10000000
9999059 10000000
9999058 10000000
9999057 10000000
9999056 10000000
9999055 10000000
9999054 10000000
9999053 10000000
9999052 10000000
9999051 10000000
9999050 10000000
9999049 10000000
9999048 10000000
9999047 10000000
9999046 10000000
9999045 10000000
9999044 10000000
9999043 10000000
9999042 10000000
9999041 10000000
9999040 10000000
9999039 10000000
9999038 10000000
9999037 10000000
9999036 10000000
9999035 10000000
9999034 10000000
9999033 10000000
9999032 10000000
9999031 10000000
9999030 10000000
9999029 10000000
9999028 10000000
9999027 10000000
9999026 10000000
9999025 10000000
9999024 10000000
9999023 10000000
9999022 10000000
9999021 10000000
9999020 10000000
9999019 10000000
9999018 10000000
9999017 10000000
9999016 10000000
9999015 10000000
9999014 10000000
9999013 10000000
9999012 10000000
9999011 10000000
9999010 10000000
9999009 10000000
9999008 10000000
9999007 10000000
9999006 10000000
9999005 10000000
9999004 10000000
9999003 10000000
9999002 10000000
9999001 10000000
