50 2679676
515339 463928
-9318713 5738946
-9311570 1025011
-1703365 8290012
-7484690 4468649
-9149311 4490910
3091232 6457296
-2433791 2525614
-5741987 335820
8171160 9191678
-1901001 360630
-412600 8184376
7081305 5781445
9493123 7807399
-361513 1408710
-9478548 5166683
-2003587 5381401
4435694 6561564
-9373799 7517651
9335759 3293899
-307179 6230146
-7836327 9769786
-2599287 9896438
-6335589 6150164
-7324259 699464
-8489961 1277250
9935319 8235048
310963 6805950
8867852 4091750
-6668708 9827033
-7436878 1646030
1321732 6486916
-9286038 1515522
8221237 1673800
4966098 8539758
-6391225 1519182
159376 1406557
7572110 3806219
-6175720 8740575
-2222557 2212203
-2170327 2776282
-8539785 252769
-8209290 2840449
114200 9733033
4321727 9489685
2946532 2119442
-7647670 7038746
-9383821 3480815
-7277240 7658299
5121018 9244152
