50 130798
-6194703 1106783
5342122 8797661
3812583 9106793
9367608 2416003
-1810098 1292808
-376716 4629666
-4379835 3004054
-3559711 2217776
-8223806 3665214
-824831 4689710
-1087630 4534606
549937 5818740
-3099583 2734670
-8462254 4719440
-4747482 4072815
9306619 5400391
1684482 2242319
6311670 6381418
-1647138 4660756
-7659585 1470968
-5115386 9802867
529015 453279
-9149354 8793045
3255725 3816621
-2127425 6147704
2369534 9124552
-8135474 3839331
-8772225 1834345
-6918859 6762559
-7890261 9724360
-9936614 720252
3169675 5310210
2952531 247387
-6569558 3194484
1999169 9017067
-5550862 974006
-6239494 821889
-6928374 671160
-3900199 1822168
3809792 8491496
4633915 2058266
2311837 650262
-1012101 5327119
6452742 1948054
-6308553 5143512
-137467 7384370
-7314593 1396797
-1840120 9332530
-9595548 7756771
-7493851 8396565
