50 7575283
-273632 1704087
2789093 5329118
-1747028 5703103
486811 4267486
6316554 2478098
9318011 1583596
-298347 6428683
5460881 9976850
6478745 4516789
8013679 5729258
-9449042 7066611
-6382024 3173650
-2573803 2424974
-6341196 4408780
-5742175 9240186
-945934 4442854
-7793335 5199076
3223731 4604703
4758199 3729673
7543335 6568244
3613546 4776463
-7200322 6989834
-2694403 3663383
-4945013 8139836
-4770403 4184820
2877494 3380319
90025 1346422
5912261 1543057
-1065076 3086055
-9140761 619593
1369295 3342892
-8478022 6393231
-7082102 5042433
3928230 4207696
-8135644 6991771
7653773 3746473
-5440234 3928349
-9733598 5039318
2814720 1663682
5923887 4748191
8520685 6569329
2096212 1725230
-3640335 9755173
-6560750 9772974
1936985 4910578
-9862520 9145607
-3194624 5669118
-6516718 564705
-4153518 3800582
5807955 1120069
