50 870664
8369689 4403194
7942445 1768163
-4236260 4389393
8635832 9676224
8535861 3520929
-3024286 298722
-6188617 7122018
-7654915 410912
462020 4298681
9144173 291308
-7855225 6062901
8093375 7232870
4441254 9504715
6988093 3988572
8140531 6770278
5917832 7332902
-3281660 2685625
7540077 4578501
1646461 7533568
6713488 5393594
7150884 6090669
3008285 3919812
-429865 1939456
4500088 1571732
4003040 8196141
9805198 4370036
1247798 5075643
8331095 3862487
5203497 8624274
4809194 7044457
-674308 7988040
4773240 5908891
-9893602 4784381
1984594 9820434
-4094620 3571657
-1064243 5587739
6125950 7659621
7349032 8450446
-5650823 7202365
9704177 8033085
-9427547 3821003
5765339 3258520
3411351 7106180
-6865596 9151136
-400424 6970936
-851592 2068557
2255265 2714662
6888519 2135360
-6620345 5101824
-7584259 7249372
