50 126879
1379307 7265934
9219813 6097826
7624705 6271634
-5936612 507661
-1538545 3412444
-5047181 7873259
-8903515 656845
-1274563 1944191
212477 3662049
6007170 1918782
957941 4737018
2388526 1536354
7756456 525296
-478779 3650722
-1521797 1915695
8647830 4216499
9526585 8770549
-5345045 2277419
-7026229 4728971
-7545528 2052314
-5136196 1942080
6710711 868376
-2665423 3505321
-9180163 2072992
4748031 3478187
-400560 5526089
-5669604 3663104
3162071 3477163
-1006367 223854
-4460205 5988737
8429677 6261504
2223138 5286127
-6052143 2665631
-4884336 978252
2882357 4985176
-6464451 9773495
5062934 9312160
5681044 1657116
2462801 2869749
-906336 5332450
-5330387 2301926
-8410571 5668540
-1461504 3764866
-814743 4834375
-3138071 7540551
5838171 2408539
5024700 6783332
5264829 1987725
8610010 5453152
-543474 7414719
