50 5567191
-8144210 8030740
7855117 4375852
-4389226 9388879
1685440 1626039
-429941 3412666
-4932118 3222968
4516661 1996677
5114165 5946700
6385739 7056304
-9691777 7051990
-8079309 1288636
-3386162 4634945
-9695344 2168763
9909141 7621560
-7189436 2939567
-239589 5559681
8522518 9434698
5125644 1053623
9762362 4242188
6292423 7187062
8840042 4315648
6567997 9933828
-8720888 6048198
2127809 937912
8206689 3949405
-3019537 9514600
-9090293 8347030
-6977087 7926909
-2271366 1443921
-8747100 349092
1880224 4098047
-9197963 1147062
8179702 1893445
-3209212 670497
6989245 4496431
-1863331 8430608
-9614039 7540291
-7767391 1880097
4163294 8979942
7529285 9847517
-9188232 9163842
-2008264 9618692
4338037 4973205
8457417 5595374
-5742971 6999099
-1786717 1069925
-9774579 5618108
-4440534 6889501
2782509 7270280
-9525336 6380319
