50 6894858
-427083 3230613
-2026313 1151977
-6064462 2464314
7250215 8887578
1873085 1600008
6293902 9574085
-8619265 9144903
-7371753 2662926
-4219324 6204083
1166115 5936819
4910427 2497733
3701154 4042937
4552187 4090355
2616717 6687007
-7603626 2215028
-9925300 7294908
-5157905 7657423
9524771 5605973
-5481550 7832012
-9911470 7168639
6395241 8282428
3586508 363059
3884452 8246115
8864226 6956981
-6128192 2048553
6625327 5671828
-69738 7373849
995560 3438138
136550 5367047
-9865372 5377133
4332429 561127
-1190690 9763276
-4949036 4821494
-9820897 6787562
-3315270 4927280
4175722 1620545
-5860850 8657702
5643360 616607
-9165135 6949940
-476427 336703
-2544906 7000834
-6694944 9007219
8546899 2287450
-7984516 8970132
561184 4102081
-676988 2288259
-950348 6087389
3764987 3904074
6734768 8700384
3469007 2347660
