100000 3636 55
56358
73974
48926
13048
62331
18118
3145
5135
51112
35815
39562
44463
96533
81218
74859
27991
19462
79097
77264
92358
85368
59739
97240
58515
52862
75428
94642
40551
70918
23575
24926
8012
2554
52394
74841
17620
80619
51717
6642
25349
41310
77487
65902
66339
98642
37607
82468
43974
10842
88037
86835
4146
91171
80855
29322
22735
51522
45091
19871
97926
59256
11506
59298
84633
54509
54495
86232
17967
78632
60744
52553
18971
29521
73222
82614
3865
36337
60375
81311
83470
65554
46497
84762
94094
77141
76175
75366
45372
60353
34660
95980
79905
95216
25520
88471
59539
40259
78644
37825
75004
10126
50657
72816
8658
46942
97836
95747
54857
45444
24606
7966
36348
97992
3535
93184
16909
36070
4510
78617
45626
59475
79440
33801
23659
33038
6610
90723
33706
58872
76859
86416
40645
85290
87281
83199
60750
22805
21597
12667
9578
4128
27919
728
5014
45510
31940
53556
3252
57986
38008
42107
39697
81255
2730
97778
93311
2650
10283
88135
77878
6687
19188
52074
24538
25209
84704
43208
71048
17608
26002
21866
30087
68816
3799
95597
14066
8700
92081
89013
40898
9683
70947
12800
4743
34480
79504
42799
39518
77794
55327
40422
29824
65063
46335
80105
83653
48455
22461
65702
771
31279
87314
41196
77985
83053
7718
40112
42564
277
43888
88716
4165
64310
91593
29387
46612
34954
95569
69147
28311
53837
80253
73868
34942
68361
78352
18427
93012
97910
42559
97258
46951
67739
62699
86362
66490
21212
5673
97646
52336
71858
63559
58087
65467
77612
65359
91126
14180
60097
47955
90242
72141
24206
55337
74752
52008
51855
3166
10565
28914
31263
37983
13204
42052
17373
10122
19154
56043
59968
53643
29159
45808
13774
2244
26008
50487
27725
91136
39068
71137
11325
25198
1174
93281
30138
93244
33281
30636
35741
2440
86195
8743
35659
50786
30908
80141
42774
62190
85227
45
62284
73812
86848
2173
17431
92645
15612
27887
36929
64137
50766
52865
20403
14328
44712
69074
20254
15473
51340
56299
75439
68352
64877
77420
64970
10095
80758
61093
15739
19846
61655
70668
63997
64275
84221
70686
84893
66933
11693
84031
36418
98653
17133
20975
18414
27348
6272
63451
93721
74252
18689
6774
15658
47187
33967
19843
26644
40032
64720
52034
48711
39239
71719
29337
53774
83665
4961
77852
44757
11979
27376
43956
77075
63657
60296
46985
21536
94537
48790
72144
96638
27980
54093
53930
51668
97811
64636
99251
47209
92045
78373
85590
80944
77403
50321
44316
32426
57184
50370
99114
28128
80139
18742
91396
49196
99684
97936
50730
49376
62707
20080
91210
14277
50004
23270
62186
59080
68276
97445
2016
27888
11984
33639
29917
60737
34973
85900
27387
35032
42606
95013
66091
56420
88703
61230
12981
74245
24376
10435
71458
42015
41819
84380
35589
14358
44730
67037
52157
80618
22062
43757
84984
46635
81909
1318
68681
69602
68999
94368
50326
98236
55246
78903
82666
52552
45168
28777
6372
2506
30608
40371
19720
48482
30184
99236
39976
8443
33504
83668
20628
73873
1114
86791
25033
39712
87558
69431
31914
30082
97467
99450
87353
2825
20645
73562
36345
21
40450
59141
93693
30429
65829
86080
17040
92223
98126
82217
56321
22668
32759
95636
95027
55285
88185
18909
4714
67289
1843
5001
79405
61171
88302
93372
39384
77435
98318
94457
21727
21961
80354
77913
49340
85008
36219
87189
71768
61364
89281
42453
44298
67046
83314
73639
90541
9719
89954
43473
25530
62702
87206
20223
88238
29120
46139
55413
95102
59257
20112
21901
19727
4001
14497
1932
82271
86979
45213
57790
88272
51681
93529
14424
47934
64734
81036
74359
79377
17283
22469
30854
13261
80887
41954
51674
70928
17903
38368
49222
47055
77384
62706
4767
43284
92026
80934
66883
37855
28776
72728
34410
43509
91926
94186
69454
71444
72536
72134
69382
41646
29147
11570
81188
32168
52185
75338
35808
53738
46152
26909
52470
47369
80536
30601
48197
96248
40840
47395
39469
98211
16802
94183
41548
79603
14864
96841
26025
27328
54198
44758
51566
87443
48464
83974
75593
83019
27047
96020
54797
6609
10332
60731
66741
51995
6393
85786
96049
71667
15913
92322
78168
24915
24804
62442
24015
89833
8927
6739
25586
7971
87280
1336
88107
23323
75939
41610
1471
72925
8432
570
15401
296
62798
64634
64959
37550
30481
38303
59135
31110
56787
65909
81865
39975
1568
56293
6094
86369
7228
22111
14500
84920
9237
55645
90083
68329
92884
67719
53695
91500
44869
65001
9208
60465
95810
46893
18677
52052
21458
68879
85742
71320
8171
61076
24405
19329
79305
64425
39153
98281
81081
72052
30528
75477
92052
48537
65182
24453
22654
67933
41279
345
28938
24122
26887
27603
66231
50422
21437
48959
38214
54221
67155
23930
59138
55713
29908
68436
91404
85760
46434
91424
67350
78510
49540
33094
68392
10909
94305
17671
52088
9430
53242
69291
33346
38986
95162
50638
15278
54333
17842
10632
59132
44996
43547
85570
12673
14646
64226
618
37524
45921
72718
34072
46198
70058
29012
90998
35683
6607
13214
12238
91158
80073
23578
71624
43103
87078
31166
67942
67970
75452
94712
7773
66491
9107
13841
30297
88706
66031
76466
20067
93929
45588
58822
33742
94284
22428
12787
72153
78293
62739
24964
20424
6567
31819
32156
62228
14275
45624
6463
25844
8034
11274
85245
11124
60757
28651
72763
69571
53170
86073
14513
1836
90859
34364
76463
5428
10353
4944
10709
53230
35692
96292
69001
33622
30787
69389
25394
4113
24645
4529
79613
41109
41879
19
50889
42942
14980
66405
6910
15860
66493
49271
49462
43136
46577
18789
44388
75716
76629
96922
12107
54316
53878
63449
11283
63172
309
32496
53919
55723
16358
22403
88422
83679
13884
36952
7872
99664
31332
26266
65030
6979
68415
24974
61686
60053
48450
55380
86972
8478
18462
98733
93545
53916
13931
50837
59476
819
44338
94171
1547
22212
34403
529
98114
94601
84780
71639
89086
40400
85157
83946
40663
31543
25985
14185
63758
78872
55682
28697
29458
53472
25090
48785
30913
48729
46564
91579
48913
6086
81429
98547
14658
49312
6107
27532
56139
27795
7282
7157
18881
80500
22525
73931
40750
91329
50823
48775
94976
68070
25113
24841
43771
92650
67459
49404
43514
25195
39556
72702
4967
50882
88100
81962
9774
11647
44748
3635
65644
48995
51257
50729
40208
61318
21372
22460
96489
19183
17434
14065
49331
10771
52291
62389
92019
39473
77998
61381
21021
87534
51867
5974
49953
28910
70334
14647
32385
95576
82299
93512
58416
12579
69478
17795
98380
45816
52824
51449
5784
94191
25361
10284
72539
85087
54354
7809
35510
43631
54348
42143
42012
35679
29493
74268
91385
79573
73928
76932
23567
69365
15875
65195
37506
3190
90219
46389
1297
4808
29342
92877
91560
9363
65912
46479
35267
72768
25055
80106
52756
45959
93569
25350
64735
66168
16056
10138
90466
44331
16995
31551
54959
94210
25994
52519
93175
11757
82316
76542
63217
58405
23849
49735
5925
86684
37130
33516
81317
2927
29765
92971
16121
29526
45662
58169
69947
55444
89418
61624
43190
28811
48306
3131
19355
87270
89119
82166
34043
61228
1960
57240
50803
14087
42647
43876
30584
33092
23301
67837
96434
24356
94145
88992
37698
45982
86132
82345
5972
72843
81137
68573
957
31339
82997
50186
5137
18342
69005
65689
55549
5144
79702
3001
33760
92556
78803
54384
8316
66588
47135
78864
59092
64747
96933
59243
14727
86966
33748
82908
14974
10184
514
36667
74638
5681
5644
22330
37602
29288
27994
72900
14304
98692
65335
68724
47260
83235
28962
22896
33558
80098
9920
68739
94598
8723
47137
46230
49080
21142
4787
45246
49926
49743
26130
31506
57406
22533
29860
5524
64459
97376
78880
39111
74577
55791
2043
418
73585
60029
28540
33634
83299
97232
89689
58978
43935
95950
11102
21943
32998
14234
12758
56789
88440
27508
28220
60631
93364
27594
65788
63007
86499
22398
52422
47437
57739
66063
9895
51082
50042
70817
16347
65248
29176
49568
54706
51172
70470
9617
62600
4414
99012
86154
91474
68500
66350
44518
91527
49377
45478
44344
44580
91169
27212
99732
20426
78966
38190
67400
80203
63420
14911
80647
59650
96243
33270
28874
48153
5893
40760
69729
18537
73396
83409
89887
35691
23103
84005
88379
77285
69934
67345
7713
80607
50214
55188
48211
99626
58318
64052
62544
24941
56077
36575
84064
15568
70166
58344
14724
90391
37620
51052
8036
73491
58303
66652
78268
21827
11820
20759
46522
55165
14415
98140
76271
35849
77227
44613
79379
96473
79819
48558
63387
75875
36585
78788
70562
42547
27506
48795
75679
49491
74602
83076
48420
40757
8649
58760
9629
7666
77955
94692
47193
44666
26027
19374
41980
52143
14809
23197
80857
952
9188
71082
78635
31649
55314
65619
55690
88561
56816
25180
41201
4033
26019
46134
75375
53614
35451
18699
39039
8382
43283
47643
30756
58730
16580
23081
64421
75281
31544
94104
62705
90436
20115
15736
50843
19489
38692
84364
3013
17208
15245
10789
90092
66058
45254
35760
17880
80273
40618
98139
12377
58265
26695
68904
1321
29475
45040
58451
95635
83728
68852
53819
91677
87288
17097
5730
85062
33690
55395
42025
13445
35504
67559
58870
72019
79687
43148
78737
71174
51949
58893
2591
11681
16224
28304
17973
71038
72310
29555
60466
32235
63127
85772
47751
37010
77002
25555
96186
42409
52368
37339
25371
69173
85268
24828
55416
86800
91543
86264
84105
27333
99332
99199
92568
47513
42489
81920
91062
97314
30962
41159
42910
89840
30824
91943
20372
74010
61733
33586
66275
66027
32003
90136
88428
9607
76582
23956
68503
77763
38056
27364
55040
52482
58857
4908
52973
82871
9200
13353
54618
19893
11650
9000
53886
7186
92797
13535
84875
5961
75041
97059
55404
88707
48451
57030
47054
25287
41761
56740
6317
37852
52498
59316
1295
32160
34833
30748
98599
45008
67784
86326
73531
35454
99899
62632
90032
4556
55293
25466
26165
50126
82235
82127
16017
53164
73082
83436
83797
87648
3860
51749
53763
39383
54925
766
87386
89763
29683
61670
73229
51439
86174
58624
35500
52613
13291
90848
33507
30602
97570
54701
59674
71623
42770
48986
60802
88634
79085
41911
72402
61405
64854
76098
74683
29544
75333
56128
20929
69536
51737
4268
13022
48258
61716
7345
77743
8222
89044
42822
41778
16166
99569
73658
5739
2095
34084
22047
95202
6836
90649
9326
37163
63490
16932
63933
94995
88402
13235
96529
10914
58278
38411
56665
28236
15491
98475
23119
71977
93016
84672
52478
75802
9912
24242
89697
18251
45457
36725
22399
78608
15410
42968
61467
564
9836
83480
35795
19440
40819
62179
63503
52295
18155
24514
77694
7234
69886
3152
47338
52870
45686
56795
5876
16936
48563
89048
27600
96692
92988
54548
28336
56935
64982
42812
98846
34493
86457
19518
50963
33065
57316
7323
94783
77586
54734
63
5139
20414
35479
44762
7207
19274
51840
15470
69941
33317
36327
15707
10893
83965
40275
8932
89425
96711
4801
1586
75739
20860
65593
98505
85400
7318
37076
4467
26956
24850
96695
43237
50597
43186
67243
84321
70397
12254
27330
25943
60231
52675
874
31168
53545
98977
7674
97239
15550
96626
11499
51529
95088
26747
67074
58999
76476
89564
27227
13845
73687
95685
53284
60387
9491
28565
68158
96920
81606
26183
53046
14281
87751
23493
48462
88264
8367
27042
19653
12891
96559
59129
37998
11661
7678
56954
68985
38405
22133
86946
34981
35605
30875
56606
21694
54916
33780
5435
61005
4860
14389
23380
36623
21835
34795
94286
96184
57234
54659
51953
98835
27550
35729
5247
94063
77084
63914
37820
44227
15695
57966
94469
18519
57170
83210
14872
99951
58011
10935
84018
36186
47574
58185
12627
7715
24906
72281
98508
87911
46867
17246
85186
38055
87643
46797
20670
52933
19007
2191
40162
21910
1329
83189
47403
18668
31477
66757
89779
19120
26913
87797
16380
51249
18378
52767
98627
67683
51488
14019
52743
77825
10589
76584
64625
843
37301
95448
24530
97732
64597
33253
69560
46538
17230
35680
48338
475
67807
45003
52978
50981
20903
12678
95239
3736
11491
90512
42365
81587
54174
75008
34329
19426
78198
2459
78794
71708
32740
37180
25317
56434
47095
82364
38946
93974
65203
64573
59560
89483
96997
37378
89143
18932
35952
97734
79479
80880
98768
74358
98204
14927
91528
89467
21872
16789
90869
93354
44559
85706
19035
42674
66541
60154
6356
8202
23550
10214
49695
40335
25112
42787
73305
48446
56481
97726
44245
71136
71965
54510
5717
37095
2
3658
99949
87708
25398
99993
11061
19480
73785
57333
87656
77461
45152
69810
23766
35266
99823
44856
89019
60143
27315
13798
25141
97493
78462
78347
28131
6395
54882
43953
39475
6811
94460
67995
90584
38819
85970
16551
11121
95924
85615
27694
92326
47421
90088
41994
22701
60998
68382
97384
6934
36184
42924
31524
74781
54405
91541
71189
59205
92981
68354
66228
10765
71538
93772
92000
45426
41177
72722
65638
37249
63312
73920
10363
46236
88005
50906
40756
59721
45536
43740
8392
56706
32140
56289
39482
26228
56518
22080
57844
70051
30927
17477
31187
47525
35058
46772
15601
16354
56275
53448
31565
41212
52413
25861
59506
75732
87533
85797
38934
29511
33876
23395
32825
56579
99462
71830
38769
5565
48273
76599
96573
53827
3956
85491
34558
71551
26988
71101
85519
79606
95260
54448
79939
43365
98066
58739
25891
89270
30149
21143
19598
11308
85470
88534
639
9410
46941
33194
94575
43908
28759
35594
41567
11334
90168
84289
31361
22953
24258
54948
86728
63413
61356
20518
13584
1741
75208
57771
66182
38744
60597
99108
30114
85751
65427
5970
69553
50812
18485
36574
4020
45141
38721
47763
4775
39114
43424
11578
33130
81896
74541
71670
78992
29157
25490
94077
14799
90914
99349
39251
19808
46833
44721
56860
85045
73995
62670
67956
7875
75825
29095
88152
75317
88405
37013
74604
10311
8545
95438
64675
78978
37589
71630
57315
88483
85125
63435
23932
40624
41509
89105
3412
50366
75649
87441
67871
49092
85042
19906
57407
94084
9041
55689
68269
15357
16508
35422
91449
85969
28570
60942
30487
54556
32776
1030
4474
79285
56282
30208
4289
84171
7597
26830
72881
9698
75690
32275
81546
69635
81368
25992
26433
63524
6253
64261
46089
52197
9459
2711
80183
43823
69323
14868
40420
86156
27976
98358
31117
31807
48787
45865
43372
66572
32257
44832
2946
34105
43934
55312
97872
85670
40468
22644
62776
52584
96902
86123
88552
16455
32315
97938
39372
12791
52544
21785
45266
85385
11210
17429
44288
39463
74698
67421
40441
62479
37154
73150
34371
73191
99555
48825
55716
66872
17128
9930
56943
54191
74726
16471
58551
19986
37710
87466
24973
6324
98230
31619
62928
3639
28038
3521
19769
39954
82269
30407
53876
3720
19568
38708
24316
70808
20834
58037
2990
35014
30836
25340
88717
92867
77504
88111
99572
80336
65802
98067
7607
28942
26368
42492
78752
43620
69012
34152
69216
52154
94053
17525
10355
35126
50644
6035
79745
14177
17761
26554
16554
23570
84304
66824
84985
43287
35060
53527
22780
98485
10568
58499
70506
60738
63391
99463
26107
73708
43717
13916
26283
4580
72192
84072
55015
17910
47553
72622
7223
2466
7845
89758
50912
39807
20571
87686
43589
67902
95469
22296
97999
94845
17979
33278
61632
58136
80406
57168
3682
469
18523
93505
73583
60487
35629
16609
64862
18786
44200
46013
46223
27906
22000
94579
18250
49682
51228
19839
57660
12177
96389
22678
44469
60045
46110
90079
95845
10903
62747
51424
14307
50384
19910
84092
54774
41325
94978
42410
97165
18627
59303
50361
89217
30753
34644
62651
84767
28257
2225
40173
47918
45354
54817
8995
89471
66215
90531
79229
39529
84837
99713
19179
55189
89498
30474
65027
96481
24586
65214
9749
98828
2094
7815
85118
21273
93976
69929
69883
47660
95583
17058
46748
51585
44928
81413
8803
93265
53222
57589
8355
68200
16275
53047
62675
52391
52812
72515
11017
98172
49959
23599
23389
97859
59959
26195
1238
59715
43851
54068
7508
3772
47196
96407
45120
29569
609
55468
54649
3941
94308
8804
33674
24261
80019
99879
29619
77187
85909
8161
50773
26592
49293
54686
32154
77025
25404
22342
77782
38803
76468
74578
77131
82350
70552
79172
86013
74941
68300
88564
54353
36874
14829
23906
85685
48245
57885
27298
83870
10270
65727
67044
966
72207
11041
21887
27451
20879
98840
35282
83629
55571
44413
63595
33340
71926
6661
29241
61048
2234
48962
23709
41190
17870
30668
20906
44873
52260
98641
9309
20657
38958
74607
98186
91945
29804
20924
59011
14365
76761
80793
35555
86711
98659
60147
19853
63830
61573
2565
10175
51149
70743
71290
37537
47261
2272
1737
89299
70924
83327
71380
64750
54423
83219
22852
80760
84187
87473
28608
10910
56296
37785
32548
14189
46466
32375
19530
94095
77214
78087
11259
92211
82393
59819
9047
48223
98251
72317
50954
11560
14369
54777
86351
16505
71622
29264
78532
34282
81519
44385
17203
85798
24507
65594
75573
29820
78174
28384
93917
7561
26587
21221
39320
75502
44023
7099
95989
32886
22171
22537
8199
65523
85211
45360
58139
6441
78330
42082
26930
1461
79220
79303
36102
40322
6452
90359
22762
85582
82540
20920
6197
70034
28994
27903
54723
12069
73877
99305
36441
96129
97342
87949
4636
63192
95404
62475
99047
91130
55784
6125
3781
48781
14411
87297
85188
98291
72678
41234
34764
91311
38322
99368
91510
77876
68738
90235
67366
14061
31964
98991
48281
99878
72534
89932
10927
6751
5872
79645
76557
13990
33927
66552
85997
8504
27833
45590
1801
88381
46811
94132
31595
77085
25603
10930
22189
64457
19576
6786
55941
65227
35305
18451
32439
79213
3334
22942
55754
45089
92440
4822
71805
31426
89151
2821
46140
93227
86935
61221
84282
14357
60604
53605
34164
69457
68644
16819
10370
76502
96339
72309
12409
17073
57981
98002
93105
10045
8617
7152
83561
72886
79137
9389
72743
92854
68516
67156
236
39079
68811
13656
40272
94015
47923
14990
52835
41192
65931
11344
75764
43031
18023
78200
14775
82561
4085
67549
56051
22640
13780
87381
77567
88556
23631
61020
27242
39243
36770
45627
7975
19745
59396
40245
8938
95648
23887
50809
29416
48114
5142
14339
93847
46611
73181
93082
75529
32738
15072
96536
60133
11534
97500
54039
50274
1735
27359
61114
58064
90623
71638
41083
55997
45826
84994
70776
67365
80928
49303
782
18534
55541
85221
80873
47230
16900
52523
68428
46753
88838
10420
29218
16969
66442
27447
12858
38865
80474
75882
12112
97932
22317
72005
29326
82585
19511
66007
58047
96242
1483
88855
28506
30176
48380
50507
91354
46563
28221
383
21747
62393
98259
14459
37535
23633
15839
39804
26317
38473
90554
31071
23125
20985
96738
61579
434
80741
43533
80272
60012
29904
79619
25391
19416
93672
45331
90291
31005
30396
59236
55023
93936
28303
21072
92711
50856
17957
24494
66504
5716
10443
80356
84000
5713
98181
51450
59175
79559
88088
67259
28473
63573
55353
55743
65483
7112
4818
39081
93126
59532
21107
93663
44
27200
75122
25934
70951
54973
20037
41906
23484
90901
75623
13327
53704
29174
85025
357
39933
23409
40567
96100
77550
24229
25670
64967
84881
45898
61611
42649
43346
53248
91823
81226
66332
92456
17238
31822
96170
34730
20573
81915
26924
35632
68903
73257
72439
81153
13416
63823
19220
53450
78278
10794
24976
82714
28857
70092
95046
39699
78375
71223
21896
81735
62663
65810
14182
46916
27745
72049
52659
53285
61539
68978
69468
67303
88010
52486
54211
52
28283
3603
45416
19913
35942
70102
41904
4108
58122
47743
94010
51756
18293
72343
81091
455
26950
54598
41219
93385
1780
39159
28621
40070
75869
41728
70853
30795
79813
92602
61589
58391
50430
26
73716
10629
81125
52224
27588
56535
39738
79624
79754
46674
38557
71375
80691
82506
40027
21163
36905
1917
43242
3421
76973
92734
38689
89810
18608
81726
41350
73937
1718
55140
44922
866
58905
61725
31612
56236
78367
96856
31808
53670
27299
4261
68182
28086
59755
66549
40288
63210
35730
27246
10700
99491
3927
51557
48323
54103
60975
74885
1116
64980
66893
77526
28363
53979
38793
50215
33084
2295
59717
92424
95947
77549
48529
112
78139
25569
74068
14528
20893
6294
62096
69780
47021
57614
90825
41000
15244
22933
96386
16011
80197
64883
23989
41060
95424
37194
90052
38433
71627
53923
86802
63406
84057
86534
5650
76220
60175
17493
66297
7403
78260
68687
72423
11227
59095
14996
24944
41241
33569
50493
83190
66285
49138
36028
91519
37085
25636
63193
72540
38242
56680
88144
12408
33182
55473
38222
32937
59376
74667
70341
9242
25958
58239
59511
70370
37900
61229
42284
29130
41320
60430
8383
61817
88557
68494
75993
79682
33710
5825
55386
53055
27668
12431
81450
12606
13882
36664
9723
27266
73511
93492
30544
56870
11956
73243
71427
82385
62524
17330
64755
5264
40979
82511
44021
78284
64600
45118
61188
26626
38052
64211
56140
53671
56589
23707
48817
10110
25016
11747
9403
66968
92165
7375
12227
47556
48761
24165
16851
85439
88306
84896
93670
25365
32406
55539
21307
32505
33931
68378
5919
28252
92926
88507
86279
4440
14563
83614
98173
53787
58232
9829
33357
84543
38446
25592
75205
98915
47281
47586
59522
15390
44145
7388
55935
60492
1985
5405
37925
67399
35835
71832
60590
64541
64733
61227
69919
45914
93145
47764
53241
45575
75558
91022
75713
44750
90114
78387
20226
47922
8686
27711
74176
92102
11664
71095
11601
16956
41684
42480
25535
18368
44760
71214
86727
13787
99530
62097
62730
56400
18478
81271
72873
49935
94798
22244
54216
58563
92427
88563
89859
59076
85840
57143
63742
9623
24014
80863
32302
60892
51673
14757
59967
4504
3097
86360
51738
1310
65742
16604
54645
71955
49623
86417
90119
75534
84575
65684
88537
25028
27153
51373
29145
23058
30566
27464
67971
88921
85855
68284
49833
45713
32739
66296
82928
34456
53023
42075
85391
93958
60641
61855
90811
69388
34639
3526
14604
73573
36896
24549
29664
99489
52396
87162
61631
68468
92665
51507
67265
13869
5127
97371
37370
99432
52039
17785
62411
90205
64972
23965
64969
29444
90080
9244
91516
56742
61777
7753
1672
62578
67153
76515
77416
53664
95963
81712
99644
56931
91773
26054
51157
43517
42392
44221
63858
14331
91871
54521
98058
39433
15865
31552
54429
99129
83380
31007
96207
80205
35989
83420
55610
71862
67027
67462
54399
24837
91772
89754
89925
12143
99191
23029
64778
35935
61512
92087
64312
50295
61009
70425
28534
97820
42982
2196
73704
18093
66619
52287
58247
88419
63529
12657
36428
68123
48473
34413
38453
38656
87552
88709
80013
8931
85549
98391
48914
77092
74626
42089
23891
81752
94671
82744
90399
8307
32132
43530
34947
16169
52811
39089
54914
23149
2920
26790
85999
73297
11212
60060
63459
50677
39769
88927
63461
72257
23835
12706
39005
79742
45034
70724
20950
57083
91233
11574
16890
58568
68589
72708
32919
9336
63951
9654
