100000 222 897
71365
28829
58309
6428
61194
98471
80337
14874
56194
57663
45572
15063
61659
52578
14898
35057
95627
3683
15027
46855
78805
70207
4314
2889
9450
485
3414
87891
64672
61990
47087
94183
49672
95725
41348
55026
44328
66282
78752
65753
36489
24891
60637
98914
48964
81862
49613
73512
54911
6078
68336
73077
77895
61994
25690
59400
8700
33709
81956
92267
63124
16032
17534
17759
1840
14475
91479
13301
35226
50362
26766
94471
19362
19740
38092
71961
92528
81752
88664
55478
9178
25205
77057
750
56925
73070
80533
85208
24480
70880
22654
33950
59118
73876
60290
40011
72266
2198
56833
78856
33689
96496
97425
86855
27764
46599
20059
95009
20116
21990
59359
3361
16756
38960
92725
76892
59713
9807
20268
1651
38269
33998
18621
79749
50432
79941
66529
65567
98584
34049
18103
63119
71551
47047
83221
58472
54214
16640
87952
52088
18542
12236
19482
67146
16261
67807
87329
32431
94692
60194
47044
96230
51493
14353
64815
2529
90588
66737
45869
17205
26489
1045
90210
2324
45129
95120
73584
6083
80400
77226
16579
27541
22475
48128
1298
74774
79115
41388
12983
16041
58179
47421
27357
12540
99073
41972
76395
62404
24728
31593
12752
5959
12451
47973
52481
76687
41814
60
17141
98553
97182
83898
69264
53818
9873
81167
52812
84479
74957
70222
15118
61171
76787
69786
15440
4651
88372
22648
73103
83628
57114
62207
