100000 2150 93
52778
46701
10853
20469
80749
23994
84417
43942
33141
38157
63303
77812
88607
13914
13718
94674
60968
48278
24439
55519
70168
69812
18300
87716
50919
31820
65639
23277
84251
2028
49748
24220
17234
62162
62285
48413
64038
57492
75170
4378
21418
82421
31555
20019
49398
67257
72899
4121
55581
52578
11940
14109
23106
30415
26422
95634
58107
70537
78932
23082
24624
80543
21144
22325
31830
10413
62492
82643
40200
66484
33915
81565
36585
52272
56269
29804
71274
80546
93571
51789
57760
74151
85927
16731
64508
84060
82279
24528
10410
39366
34561
86892
46246
12821
42097
66429
24507
39970
6822
92390
41801
92998
48887
41554
71078
50682
50223
94292
75699
61952
16661
69997
31251
6666
42024
41405
42830
67734
99360
85337
80665
43264
93172
67209
12469
16084
64275
80447
60193
26135
16935
79466
77189
44385
21513
98885
30645
56159
59234
42579
86939
28314
7329
37389
63842
55105
90063
68818
14892
68792
35623
73911
5405
25231
10999
41342
86144
64394
51545
25192
55630
28821
42469
89234
62944
47492
43908
68045
53960
52147
16266
22827
20864
51196
98962
29320
19873
2385
13751
16150
69152
78539
7123
60943
98408
35752
58232
92597
65487
65385
66350
68485
82082
30461
91216
29790
50470
64154
61135
54374
32613
99025
36547
50056
80383
26777
34438
70186
5653
81045
83860
4103
68111
32137
11404
46356
89646
69830
3390
87174
51587
85805
78352
82215
5944
3992
37821
49347
96724
18012
68227
34429
81505
98662
3705
74637
7521
19569
54651
37714
97754
26
74926
7142
59869
84841
10656
28138
39613
21586
13720
96762
97555
75907
45347
16352
17231
60913
60986
21825
29088
82670
91978
75799
9626
1572
96923
21497
42141
29958
84311
69205
84202
76517
35469
36930
8811
74563
24636
35638
79054
6445
21600
16844
89314
42650
16442
99917
95968
29430
59202
90631
54380
81166
7500
46371
41222
6627
9102
50019
37301
35581
65000
19722
68555
22889
61728
8966
95445
20764
83359
77307
24078
897
6968
30698
8026
21740
7493
18898
66460
12674
94984
20665
62008
46782
39544
63054
37362
3362
6047
84650
81255
56522
85497
22242
86878
38699
24906
42435
35371
9676
89552
52899
16666
49838
45764
69110
24165
98492
98818
21130
89463
76994
17635
8503
71261
95180
98586
29952
67881
6855
76664
66207
76093
94346
59370
99756
87601
57777
1938
43254
67394
15849
40873
80119
40565
91483
74381
15777
73228
27527
5170
98116
42240
20333
14510
805
72744
57861
1679
15992
83730
35179
24171
73892
23025
94951
99834
79320
24273
388
59770
20320
60781
10027
61894
85729
62579
49866
20141
8428
63086
1287
67973
93810
36504
70686
40814
70915
13952
26958
28076
22005
39702
79440
48333
68008
64298
85257
41869
58063
11201
80478
43156
84966
91654
3353
95860
11106
49243
44913
47782
85638
62974
17392
19831
90351
24261
64620
77898
3663
78986
61351
59607
87258
17560
16390
68705
3376
31766
33718
61613
71146
91991
17987
15969
83617
38525
77903
6196
82249
8892
70092
71958
29348
24129
94808
71297
20743
41538
55896
70081
38376
12407
4120
55834
85444
99548
13617
38891
63456
52084
84663
43012
11676
70964
6257
6028
13650
46971
53547
37796
94248
9125
87647
85761
53088
82059
88863
69907
58505
39999
4145
89986
20092
37233
61316
13963
60119
42296
77313
1824
65173
58561
16466
41739
52568
57474
84497
3441
72459
13454
41136
88068
19647
91402
55256
85904
90461
55072
81488
34252
56458
93639
82391
8971
17075
92065
63527
49598
1116
92625
36053
84448
59639
73544
96381
20372
73113
65345
62465
89717
38274
32023
37750
74551
30516
87149
30027
1989
36771
11803
43718
29247
70279
32133
36593
97911
12417
59998
45830
51299
54686
6577
43058
52421
14017
22182
36887
71034
71808
67499
56878
92850
97670
73902
91486
40987
95768
40613
19744
46013
89365
51766
41965
95901
98665
79789
37293
88377
81031
96013
28163
75543
80129
3574
25567
72393
62422
80188
40286
17632
22805
3425
38869
55707
85056
82988
78173
14636
52447
42995
86746
4160
26390
52330
57382
55219
79844
58170
43989
74415
72536
22361
2775
38807
28476
23486
6896
7462
66012
70374
83666
60045
6548
72149
51446
80436
71401
42516
61071
8836
65006
44091
4638
70868
96245
34671
37273
21209
94138
89323
48896
84887
67101
88061
20625
46431
50527
72305
41308
88859
1424
47867
44424
66594
73445
7121
44354
62562
34751
37571
7680
16312
45122
2992
32899
61267
59693
21745
37725
2240
72924
14933
63368
33898
8281
65645
9882
14774
23098
75383
65377
94995
62458
51245
97778
57616
15529
29163
43512
89272
8883
76243
69380
94804
96878
6362
57516
19331
63627
45091
88499
29351
45494
45556
82846
29429
79998
59231
29208
82827
25659
23251
40381
51208
18414
27508
61542
41012
1004
54488
23968
20894
1115
47118
20838
67164
37357
4290
47622
71718
96460
50459
30195
61517
73795
89933
80319
90174
77664
73918
5790
63280
17364
60011
35695
213
79050
80869
38176
49731
21686
7805
36363
5593
29239
63089
9185
85893
42610
13726
78161
77330
52275
73678
17866
25064
14380
78297
20581
23442
96520
8152
83037
64471
64308
3215
93253
16199
95376
4091
31216
3333
90497
36918
77254
27606
41498
62949
12136
69023
39492
68559
22559
13975
86918
31768
86849
32353
82253
49303
94094
75649
37621
3723
63190
68155
72880
92788
51955
92017
81368
96228
38801
28867
53877
70930
86583
72352
70608
10764
59130
75
62870
87413
12252
24660
14845
73203
62366
92949
23501
94882
94597
82298
84956
51177
88441
42704
96690
58661
50892
43874
95746
45895
75062
24482
27526
59789
15401
75758
12400
59836
50108
68483
47771
73204
6367
98531
21527
48858
56838
54676
84284
53122
66067
28781
18127
77532
15983
94115
79628
6945
70843
75883
86088
9876
37119
58651
52705
41509
24145
99753
91700
84183
40646
3740
14481
21012
52338
20022
67223
40239
41242
40095
6681
84690
20421
29696
34643
90021
73827
49078
49798
34093
72759
7078
8578
48803
13894
4015
70847
14770
82574
38564
21635
72629
55480
55041
30982
85256
63145
61935
35578
80231
62092
58592
88466
87392
53578
14811
37286
72725
98587
84343
13383
6397
42432
26217
69773
2793
85320
12166
17128
36487
33671
20494
15414
86580
89758
39604
71859
48448
91079
12321
31053
96128
85372
56355
72971
89235
19710
59169
32813
17972
62720
6489
41081
30499
55866
3247
42194
14353
73502
51326
69115
22877
40758
78855
34439
77548
24759
66376
94776
5960
47218
83010
75176
24912
17433
54245
19023
70017
13710
7332
91977
42504
41209
32078
97129
64916
15353
7386
3742
48548
95836
56904
489
4062
67808
42028
22745
14455
8053
85137
84534
16809
16606
49766
51631
50805
52826
23554
955
61428
11853
41772
20880
38405
67715
18198
60898
22584
6248
81868
50953
60433
70075
44957
89855
82171
42958
92675
77768
70691
48131
10987
14710
70457
19126
74100
50163
15094
99105
49660
88705
75662
20663
45399
93659
8800
30167
93400
91068
14415
24455
25311
36066
59761
21353
38534
34620
42967
55233
46087
7438
20949
73468
74227
76871
19627
66089
56712
59327
48203
28573
33562
57983
12554
83987
8222
96488
38316
55813
39023
82383
83869
24606
29734
77931
22939
41161
56913
19953
70986
34465
97666
23605
97816
6054
45634
27365
29133
62517
72576
58045
74052
6982
81314
80524
95223
98269
28165
32922
48310
35723
70913
64983
82544
38953
25218
96740
2268
48271
17726
92830
18192
64419
89563
21789
58135
99373
87119
1693
90729
5132
37668
56013
36665
49190
31351
44413
84240
86024
56015
40561
86859
38745
71529
96311
36782
16955
81196
22588
82435
1622
1980
91141
76148
79125
46441
97259
9130
90832
77781
46457
53966
26046
57334
32917
99053
51771
69697
54492
20303
77520
34509
69040
3527
64914
22442
95602
55287
35572
14396
27862
34278
15155
31961
77896
1705
92406
30388
47443
44298
18652
65352
18888
23079
32162
6297
26490
64356
52570
83071
62847
45432
50662
81566
69356
58879
88312
87223
70953
27761
30265
53418
33453
15815
24596
12039
30488
46201
10613
64967
10663
39069
53200
93032
3950
69873
90266
90305
19390
69260
67224
99881
79363
52680
79079
67660
44516
18780
39385
94722
88962
64560
96691
9950
38808
70536
56199
82350
35050
38179
78567
78408
91198
56224
92787
51710
99024
12634
7830
39423
74910
99669
52625
69109
12371
14361
38411
37330
11514
83447
76712
72740
36950
27352
13108
6631
25795
72963
47444
35383
35885
69625
8698
15941
20678
11089
73908
7581
16168
11056
59521
82957
71514
78650
47343
27086
38787
20805
24832
24639
1269
98222
82088
27768
809
33484
11550
86409
71478
69678
45449
89968
35711
43385
71266
5803
46483
45940
55153
51961
27181
9402
56032
86204
76639
38996
2160
7793
5526
7609
13935
10108
17398
41874
1039
97167
55302
1301
29387
24298
78411
2719
61038
76537
78064
513
87170
12392
67446
60297
45643
74913
2353
78847
87797
76709
93919
8583
7248
65942
29177
50271
91849
62030
7098
25780
10170
43762
50610
34072
99192
80123
57398
11407
10077
11754
81545
52215
75279
35761
85716
24031
40765
80468
194
10153
21279
12509
65353
1759
70290
23880
1655
9443
47308
49695
43864
77790
27594
61562
30660
28552
48811
30740
58002
74113
68071
18449
74545
86829
4952
7423
23985
67888
41906
63573
65585
75859
14875
4684
37396
77068
52581
44494
62999
2282
62776
86195
52309
4520
44582
15085
59263
36661
55946
12215
47603
13198
39133
937
82797
4057
11318
88127
29916
78824
44695
58833
49677
83764
75488
84591
67358
81132
5005
64596
50687
7966
50808
8370
95810
49846
11581
7048
46877
62102
65859
90548
77422
99913
74916
86702
93319
72452
97215
49923
46962
68963
98239
50902
27651
73294
81370
94948
788
12149
46112
77473
81398
84546
18079
48922
92838
24614
88636
18389
27689
15716
12931
24574
26316
56409
2449
32174
45324
5688
28313
12720
77010
14094
36476
22013
33715
88161
48274
36070
42183
74317
57344
87739
25123
34810
4566
35156
62076
62352
71898
63372
15569
41066
84491
66496
63674
82009
44997
46830
33082
1346
72634
14137
89762
93814
93131
52689
37704
87839
48895
86815
77429
34317
42359
69449
26590
9608
65966
27897
21922
27440
78531
64971
35986
30672
23129
89939
58410
43621
98700
8615
66004
885
62687
34286
72063
66565
60811
47680
36977
25863
22190
74537
810
72199
10763
76542
50334
73368
87892
9241
17887
73263
73608
52312
93049
79562
64202
54457
99064
85946
76651
50820
7436
48957
35039
55133
93125
27702
39814
84234
35919
63503
12876
96800
19430
58058
75466
8250
15515
53460
24223
83009
86753
25844
95580
37175
44580
24609
51168
97168
43437
76480
82069
75364
45589
74436
7588
59627
754
76920
11799
2570
44107
17080
4705
66151
9110
37661
51799
75943
75889
29616
518
60607
68205
24521
60054
59519
73443
18377
4678
34172
80338
40788
63887
96378
12376
15471
5767
93068
24109
29584
84892
58695
29971
67699
11496
52159
46946
6161
54490
46559
63724
72724
43982
92707
49231
80307
17417
57681
95893
50698
12060
69178
60209
70192
51761
17031
31693
13417
90485
62161
86448
40681
43677
37941
83314
7670
71928
52340
47318
21541
42487
84380
79775
64614
21819
33875
98745
73939
87602
17854
73429
82785
58379
94666
86460
77224
42532
41789
68010
8814
591
65651
63029
2280
93269
1281
50187
56948
75403
81635
49128
22522
68358
56726
66863
26147
52108
2111
18858
89173
16257
26120
53852
31856
76625
12101
41321
63518
31900
82722
88045
68439
11342
60255
16265
55584
58850
2283
4816
57844
47178
94295
270
66092
77177
95179
20228
43721
22323
31795
66443
8861
53575
73080
70548
62608
28320
80199
33002
2156
82198
26791
68274
44176
46899
48687
66847
2900
93792
46702
21394
85855
70626
73258
72784
10134
32355
94284
36639
7834
27208
71465
65277
54216
43473
50376
62734
68288
21483
14138
41633
95759
92047
46456
8192
11197
90025
57754
38086
2536
52520
51989
25175
43572
32986
95121
86704
48301
12184
92651
61720
84248
19018
8090
3028
53892
47752
31430
95280
98867
1470
5629
87217
19879
66458
4323
54150
47545
80595
79234
94015
72526
11509
66567
35998
14355
69122
81907
4807
25618
86442
52598
25273
31276
24756
5877
66135
45623
5214
27550
64147
25829
21118
92300
31204
47781
82073
8700
43564
46451
69734
74710
27801
92002
96848
36903
64683
3222
79915
34929
47083
73830
73083
31697
90152
21058
11949
64098
15851
50669
88217
76589
76262
9645
57862
45703
57499
42263
10974
95335
99062
19660
2995
77305
8603
33381
34175
49188
23998
40456
77048
89393
99897
77176
39791
73485
2954
47254
30028
4083
43283
59004
51202
55369
55914
77491
38768
11371
57864
58422
81541
51322
28492
98518
94410
55224
4023
24904
20710
65545
4167
26936
68913
76960
58728
26278
90457
23200
15772
73684
9586
59165
57528
37960
36871
76165
44652
18346
64612
49832
49121
22677
73169
17873
61183
99694
23450
56908
35502
27942
11044
13939
62039
26164
53443
18592
88178
67113
59333
65746
51529
24312
28664
79702
91880
82712
16577
5798
91829
45590
49788
17803
81649
13377
33205
71887
79715
47378
91101
31353
38729
24659
94599
45041
80834
61158
98724
17415
3807
91585
61785
55775
52050
5716
48386
93019
13944
82139
57828
56764
5030
3145
33645
10365
30020
38686
30238
87357
22809
30108
87599
18475
88405
70635
94999
70303
74530
87027
86012
82701
82661
50848
78434
84789
51994
46795
58467
57921
67644
65541
65228
90768
22779
68567
92114
73432
8959
49155
20415
12048
26698
98585
15399
84414
8056
90723
33775
41400
10119
28827
86176
80944
99890
6396
33725
89159
93187
62879
78884
20383
89051
98475
46180
