100000 231 863
93622
6462
98561
29036
7275
54956
35661
17662
16060
79440
50261
97361
8737
90077
36208
31888
54538
28358
59594
21280
24863
81204
72156
12407
76873
68828
69591
53397
71709
6442
32346
56252
80104
90699
14347
58552
56051
88446
13668
70187
99112
51365
55253
67637
43649
59141
90207
52093
895
15071
8949
22444
81399
10825
30603
66178
61177
16164
61447
34809
47054
79799
68259
22628
93521
89564
34040
93225
25264
94345
14299
15032
2815
42702
90955
50531
11911
20100
91553
52178
64767
39713
56124
17439
30084
52814
59336
44766
90950
30942
37028
68381
474
40968
93442
72119
24996
88586
37266
38521
46599
68878
83504
59166
29664
2811
76299
53773
30982
94698
10766
39754
66833
51715
24769
89268
12246
17107
73310
68778
42837
83259
6878
95971
85067
39493
32906
72684
90141
37577
17462
69979
15026
11096
67924
95550
82966
94085
50753
64566
8626
50849
30094
6259
39312
49323
40245
61098
65077
1509
19446
81232
44679
18748
64638
21743
40929
19262
11357
66681
43881
8463
83542
44193
21246
77047
92390
54585
86453
21356
28432
26676
31708
48690
87513
77341
78481
46212
89285
30089
44904
45274
90267
37490
89064
28034
5397
93360
31022
95231
39577
40972
83164
33188
90078
17991
78284
95263
22178
95032
4273
3889
93218
88229
61633
10475
65188
10082
43185
34424
69601
69012
47280
59641
72271
83755
10079
78875
8683
78975
23067
23991
87569
71700
45991
25816
92218
93585
60037
84364
11388
