100000 3773 53
78625
55830
5491
24045
9516
71906
91800
10366
8317
29074
84738
60395
92995
26519
16942
80167
13057
71783
81692
95396
90625
82805
6704
20672
71072
58260
76757
98314
18443
28760
5196
83687
70913
52333
82273
80391
99469
44241
96852
23767
52887
77217
24054
87720
89779
67255
45890
43669
86149
81385
64658
35150
8467
96618
33982
83611
78119
78387
62822
4505
45185
77156
776
65002
86411
3877
34682
40247
43989
99234
77168
41917
5130
64114
6743
76235
65491
45705
89596
96963
27179
46722
27954
18311
10644
36222
5134
42048
42118
26754
38876
89212
48950
51419
81798
49161
15167
28899
79551
14645
31498
67582
86218
41414
7092
161
54568
92361
84955
96213
41724
20415
37005
6383
63691
39695
76471
2275
73884
92466
60516
90742
49548
59235
11448
69942
27666
83125
34219
22623
10024
97191
76203
95310
40663
97344
64130
21286
72329
94494
65796
11788
70168
90717
90520
60275
28182
46787
43628
95804
88424
66265
44456
45772
85060
96178
63890
57962
79981
755
22418
14885
97223
75044
50545
97937
97853
34740
64526
18357
1976
10092
67245
90167
61048
31271
89178
36233
1620
73561
31432
71786
5044
19683
32325
24751
99584
37646
22852
24280
28918
92919
63138
8038
20426
48100
11787
75967
18084
19491
99481
9173
17719
83470
85568
3700
59976
64518
26395
61721
1261
7520
83244
79055
11523
88190
28704
55103
95624
54133
57782
86820
21876
4553
84883
44942
75760
6367
72745
41717
61624
38700
33506
3027
12173
44297
6151
43071
60582
16234
15853
90601
98125
39923
78022
36537
10283
55322
18697
13372
24409
71628
40150
97004
44385
8674
89778
57017
13414
15561
66661
7459
70502
20502
75198
7852
23504
46798
62216
84839
90310
21765
32687
34983
87218
49230
61012
95817
11317
85973
7657
47405
52305
89908
24238
12965
23285
7348
19956
42393
53361
60890
56212
84905
85064
43332
98415
29944
53599
29651
50179
32812
43476
84222
17565
52161
61261
67738
43581
40029
84875
74143
36305
16114
43233
46551
9569
71579
2168
9612
11833
24120
29602
99045
36665
46009
45295
84645
63832
16261
27245
46600
51656
83246
11593
34630
93660
36612
37944
81429
22186
69074
23917
55131
21228
96815
7117
76636
34975
9335
39085
36346
88274
38470
12923
68403
83168
95104
26906
59093
90898
89299
42332
17760
12094
63877
60964
44024
46513
67090
90684
13016
66495
21176
66335
32191
70786
10147
64334
18160
54312
82024
76524
2102
38650
3310
62166
7420
92186
2364
62185
96148
30169
24556
61065
51630
26064
96776
7538
37509
16781
58781
32912
38193
26633
80749
26937
67630
26389
12564
76192
13148
43811
33262
33644
23880
36785
16552
54017
31236
67075
48591
95617
7190
86050
20559
92192
87810
79172
35035
39030
60260
55882
70552
5867
85089
9580
22610
89202
88372
79183
6416
91411
54472
91067
61837
70783
6865
46794
34691
41313
16478
97793
31341
24269
92032
39912
11482
14253
10416
96630
23279
34312
45485
94529
17268
19907
66928
74709
42506
6788
55964
12114
17592
58632
28368
15675
37892
76227
57110
66812
81405
89857
44272
84760
82363
72935
34913
23609
72334
89835
82206
48455
32009
30063
34338
74155
37189
99333
97883
98456
23979
64826
51041
17387
90757
54930
2666
71505
17923
25248
71177
60614
36248
43758
51450
56856
46381
54058
39938
93381
66730
20857
49403
61314
15772
84693
97782
91221
64448
80740
42143
58142
91551
50956
22243
39318
52157
80354
10707
80610
8618
61407
52732
27123
53416
69276
39970
33549
71192
62403
55967
54148
87239
94852
67222
87006
45156
89522
10412
4431
56604
14868
46181
84926
247
86151
49582
92574
90006
68472
80981
48787
29517
50116
6084
57812
60584
27194
94528
81184
59101
54510
40965
84199
38305
72283
96102
77593
62618
77233
26222
54819
27278
21979
4218
35907
11434
65289
72268
5803
2453
62940
62456
12772
24502
54478
56689
31994
87836
23696
58383
13391
29675
62902
15800
10265
11758
64863
18642
17161
12138
77590
6335
48742
33857
50748
6900
35359
4999
57503
30986
40654
63118
10081
95611
69070
72114
83379
48599
6
76657
89766
17381
85649
43838
95066
57497
82987
4887
54894
27235
60226
92699
70415
48681
53752
70289
90666
23173
35110
77848
16286
74620
36192
54220
17483
79182
34440
44701
61860
68871
4279
19016
39102
42180
33987
39282
67193
81942
2774
31106
5621
32408
26783
85600
85840
69623
57368
14946
87963
65358
44064
78737
49373
81440
28703
17273
28611
82596
88006
66390
73740
48920
88300
76520
54543
38681
7818
27210
22687
66041
46051
73191
12605
41871
3995
5592
1816
87549
38731
83571
15042
87438
76860
29430
98377
44736
96880
71361
63435
54123
45017
19892
26515
92831
43470
29647
53015
56662
46925
411
85443
59331
41899
29094
46105
60259
4519
25847
88893
58404
3154
37301
43435
66539
71673
82183
78201
72905
82414
48995
75075
74719
12248
52130
88519
82626
43846
7059
78990
6614
52578
2657
97885
35050
49079
338
34483
59582
31472
26748
52265
13185
29564
95765
70268
17623
27155
63562
26209
53994
35965
99548
72456
7582
75035
28700
48352
10481
18772
44995
76463
34783
2801
9434
93769
30649
83461
72991
38620
70380
48
18518
21077
47381
80827
5268
48246
91371
8517
54581
11165
34697
38531
10264
58989
93402
65957
87155
46569
87894
26732
89441
6408
61768
69997
55760
27766
45827
41212
67345
43579
65762
87664
35004
12374
26975
12045
69150
5287
72754
57174
51936
63796
48198
94846
37258
41322
65156
39123
29641
81810
87164
52142
40955
47171
33352
60754
7765
21651
76
23386
83890
33047
9342
17262
78089
58787
31312
90600
50856
57988
63006
96994
95964
50072
22294
99627
29725
65596
82300
71246
76179
27699
99957
87305
40575
92845
8807
99978
92038
30043
51815
20825
53351
48861
28263
31060
9850
81786
49419
77115
77861
76708
22062
12540
7499
84648
64919
77315
65457
17957
70180
94956
45421
69583
36464
44223
70455
97147
58588
73849
81045
91499
77340
69056
81165
31268
84915
11415
43653
18341
91047
57944
45331
48002
75008
80609
15601
77807
49880
78314
82856
65680
19959
95070
97989
77023
18179
40593
99882
47788
18322
23824
74102
3182
53014
31681
92609
95357
61419
41055
22351
46431
94898
63187
81652
31006
28083
71910
60243
69002
9631
98418
65354
88047
27220
38909
89052
53400
89667
78350
40741
18912
45328
28771
48094
35024
86823
3308
96429
71077
18673
41184
36208
66302
15331
24559
57777
54228
80036
68173
98781
55844
11351
91500
82354
4632
14106
32898
35066
75097
70195
57142
62693
10780
47789
77029
61767
39541
56139
30765
66072
98344
67951
3114
27779
82980
25626
7144
53915
94175
63545
76541
34794
697
55105
6019
13840
90584
41915
82663
16674
26431
89429
31717
32257
25979
76194
88407
73263
26423
96900
68940
64191
2773
10443
12951
32494
89661
58478
74689
43587
31607
71652
87558
45561
33670
62677
10531
95540
47572
34977
62445
75615
48236
58893
46135
72112
92707
44625
76490
64349
13776
71609
30232
26216
60371
81146
88898
90607
27700
55361
16233
19395
13935
57420
95855
93056
34257
924
11497
18790
24795
20246
19760
15029
81241
86851
91590
76213
22821
32184
63811
43750
20365
7335
83878
97925
16161
9202
70494
58503
27193
97296
78405
7601
16681
93671
8968
72665
41228
18645
68236
76925
2348
49375
43408
53081
17102
67907
56322
48346
58545
75461
1988
26919
33750
14663
91426
2756
66508
49645
74557
40925
30033
82732
11769
31214
49035
27482
15929
20908
22505
41577
81767
54281
41099
44122
21295
90314
13828
84117
4643
95154
26152
87770
45925
18797
81633
53503
67677
39899
8074
55989
19035
99715
67148
45757
69939
6312
39693
41495
7114
3258
38499
74562
21905
95232
73040
24862
96183
47662
58619
65235
13949
33906
29674
81949
52164
17788
60755
60254
68227
53535
83031
13091
52129
51582
25164
94178
90493
13892
54025
56766
84706
41905
49631
80851
33671
83581
9536
5552
86172
22048
37952
32367
61606
39671
64393
48171
49368
79961
43550
94967
15222
1305
83202
53709
51631
86153
8966
30898
12691
65886
14841
34530
22668
13307
36246
97255
60228
73589
69466
72904
13604
71813
8066
72884
10799
86165
65567
73050
34429
84774
54971
62689
84280
29433
32889
5089
98597
78458
30171
65008
54484
15311
55997
40286
50802
69736
10115
22198
16039
28893
82770
38007
56733
90753
86400
87183
67197
38836
2319
33996
2091
2884
52575
29420
83441
65177
17617
96831
82248
16966
18003
72596
11173
17724
99536
64838
63590
54870
199
3347
80743
295
11063
49302
62971
58664
56897
15382
23758
61311
33127
91432
22626
77944
19625
56608
80871
59652
6781
90352
54485
43334
81643
28222
3131
6183
30383
77305
90030
64735
74859
44184
82510
35967
15012
97247
99692
76601
42701
97106
95373
63974
6497
73237
39208
89310
78901
92291
6392
77923
28245
71255
39465
95673
55769
5533
59848
25958
85497
53512
81055
24661
9766
92219
80244
63924
98662
6868
85102
30646
87058
25427
14823
37323
1087
59599
7873
55747
77212
68881
76836
86360
44897
54574
48275
5328
79312
97013
90311
79023
7478
29782
64532
32251
51515
58839
94595
96765
80714
68214
49192
34199
92416
44937
40069
20090
55293
18240
30052
30165
90610
57581
95229
87261
83155
52924
48663
97174
57408
2882
89707
28306
12619
32112
17828
16373
26940
20800
37816
8677
42760
54690
74772
98783
67731
43960
22875
52121
36280
40042
27684
35358
313
29453
73812
50739
63425
57527
39868
43429
56553
39127
32456
11703
23422
30740
7971
62162
48137
53362
92435
34708
4469
79289
68574
83360
33976
90910
88751
62025
98470
25059
10908
90771
89320
73118
30873
93877
82515
82144
82511
20980
82968
14683
1572
15862
15556
70108
52034
45063
88764
42299
75725
38708
12446
72168
37850
64788
78232
39596
81479
68923
88334
80273
9741
19102
11421
57145
98003
19880
33574
22223
94155
27743
4353
59731
29279
24206
29143
72726
2582
44130
31229
25089
35721
95360
44614
31075
23697
29816
99475
42986
97514
99642
69883
10951
70825
20816
81686
28088
64553
62899
36454
69427
31222
24394
37874
95303
27320
49970
38344
71350
86536
23536
68983
89002
47273
21022
92438
13620
42197
90654
58220
14777
12222
12913
97687
42189
47441
62272
72185
35012
16097
82606
59091
17351
59941
73544
25121
30156
40590
79428
36897
55696
42657
40482
48467
35884
6762
18490
45805
73134
2931
88082
90975
69027
56761
30118
10746
1923
46155
51502
36508
87168
29205
50906
53183
71414
98554
31535
15780
31363
83828
48032
62533
23802
11650
47286
95319
47565
93239
21040
95683
71612
39244
94644
62192
10237
52212
75861
24412
62980
89305
90890
5830
19528
57516
68285
44630
78118
40787
19109
34450
12215
88825
36719
24799
21305
21153
65971
17958
71384
92876
7450
56159
29498
92860
84788
77532
17873
37382
75171
47278
20558
83675
30594
84242
28230
8083
53882
96174
84165
76766
25408
80082
21194
26198
48003
9004
50619
73035
15900
11917
70047
84709
53420
9373
8406
73396
78320
20511
79116
76225
48640
35564
92658
67088
58862
6587
9331
12651
77387
54332
33538
53602
11574
3779
49892
17397
55669
29363
36097
70469
10465
24383
10993
4602
58731
70131
61293
46843
67616
7944
55955
46638
56301
52563
91647
53776
84951
95038
235
71118
68129
46805
94373
76001
3699
68998
79475
21663
6083
9349
39880
87240
92665
56866
29085
62941
53899
96860
94147
71256
34083
23812
9717
11209
37283
79777
94277
24126
69695
97328
12194
94538
50152
92414
912
4102
25607
99082
35394
44744
42504
66711
75308
77860
96733
48496
29105
37711
19365
9222
82059
51174
27713
15017
96673
33093
38559
54318
77241
49604
71417
86658
35894
24537
8371
53657
58971
32832
89340
43317
74043
73613
79715
9002
25441
90234
84682
44461
22970
60733
9591
62120
26862
58122
4856
36766
72710
55805
56500
28507
46449
97544
79694
9531
19138
70618
33316
85704
33611
73106
73447
35681
6713
11531
65015
51473
37451
53417
76425
13869
40439
3377
15031
46582
35563
60142
90200
76255
56907
36400
54295
57441
17424
503
4157
67235
9239
98076
81128
12493
94238
77533
85844
41463
64999
23640
95178
93423
34167
70937
97960
25702
50993
49220
39236
12471
89515
8070
10716
38359
4382
79723
49024
546
90792
99317
99939
5622
89958
92973
67318
31440
95105
8459
27588
75512
61954
41484
14094
56624
32750
1177
50391
15968
24017
78357
3062
99607
80582
62645
74238
62149
97823
55794
12334
80077
70093
27132
92160
78647
98833
35251
90182
73541
24533
14170
9805
70855
85025
14519
46102
58704
37903
67472
75719
75823
60871
37012
75661
2613
55169
54988
12709
82735
7759
53460
45769
52809
36902
76510
52224
37075
28730
7425
31024
40019
20637
26483
76633
73048
50563
61016
12257
71158
86376
17596
8778
52264
16176
37616
59352
54654
1917
30428
34212
26131
8988
62481
53026
27963
78287
96710
65056
17584
90342
92410
22564
38618
23949
57757
95635
73128
8035
94642
13093
4427
64808
63943
60126
34705
37510
80217
99657
74252
37563
71403
62503
6770
67103
91238
17733
65463
14747
80990
56072
68836
58983
50824
43998
99036
57437
56959
45536
76509
71619
91786
12012
2865
81603
92527
99259
38045
56815
8643
57926
93790
25954
61296
14768
48197
83935
46166
32615
46267
3395
4656
24811
27445
99447
24431
19937
29819
23485
6802
28448
79550
23349
16511
70025
49801
28695
651
43449
75347
57903
2614
45613
46088
15068
55887
47280
45337
37583
85977
19741
5195
19939
85190
97025
13742
38761
40625
35716
92735
57361
57153
60381
8885
46230
38678
35631
24141
97036
20407
79739
5397
10301
83496
10810
82181
78021
48213
38018
56577
32166
34303
73597
68121
94986
10096
21737
51
21336
62804
14914
40749
66962
3617
26379
10616
35534
57878
32106
31637
82018
7178
27144
82193
34903
3037
28820
14109
57220
56246
39611
54164
89039
45888
89226
30250
29772
34638
48943
51400
93655
51206
59056
15051
3431
90680
40583
29805
57708
10087
35592
88241
9542
98714
41681
3965
67890
17569
73331
8321
6540
80502
75702
2365
30410
31747
39168
11572
19379
82639
50850
10934
15123
96442
39670
76401
17132
76877
12723
51638
32383
69937
71856
50252
58490
5748
2893
92423
89084
8607
28020
50170
27103
45715
9900
66983
15341
56199
5419
28633
34227
79780
95899
11479
35306
52839
55774
43556
15543
53402
86274
18100
18457
53938
5880
66326
40783
81226
45065
32228
52766
62064
13854
25269
94859
56333
9813
21764
91918
64273
79983
81183
58508
2210
1247
12494
85908
45352
35270
3135
95442
89449
27489
83715
64354
38231
5896
83321
12956
60374
41120
60940
26200
9732
21498
19366
43240
73478
87619
99741
16522
14292
42755
62062
32214
40589
86489
13457
18500
60912
6851
99293
2857
18865
54850
26605
29291
28200
22798
80828
36991
17366
62560
95686
39957
46195
3389
31566
80351
46076
75831
79849
30192
81755
82405
60165
39026
43086
84899
12611
50106
72421
67914
79940
77564
60596
58617
96526
78494
48600
42790
88864
98747
5841
34225
33528
94413
3612
85016
76723
81491
35288
24163
8231
82465
33628
33439
17133
72957
35828
33645
32679
56107
20702
63597
87117
75108
1452
26462
18689
54307
77678
74159
79782
70456
96709
29088
96196
52536
25811
64879
84012
90718
11517
3435
17696
72523
82401
36200
30283
22453
8130
53398
38921
85867
45972
8375
28336
99683
10354
55881
94157
32858
79948
66233
77284
55097
87551
23067
90929
19747
12252
84671
11578
88655
41546
9454
33255
15242
87887
57350
65209
13232
74539
45287
40133
34330
58287
12761
87494
8
7858
32737
25416
17296
33302
44931
90004
38928
39310
77229
58435
40681
98394
43320
37514
43644
48951
1961
91248
11888
59157
25974
24467
78976
66593
90501
21527
38474
18910
15130
3051
77782
4828
99419
28563
25577
77698
39192
41269
37069
42069
43699
39618
6989
80116
78498
24172
84585
23835
93220
27416
57348
41677
10161
97082
68156
67372
21867
93116
64163
93163
92228
36449
33071
20417
64607
39998
74681
36488
73940
56380
68760
67269
97095
44926
31547
93976
92405
1234
9237
58771
9128
29685
12656
17535
58570
39270
4872
69364
1111
48672
71765
56634
64499
29400
35380
77880
92128
32276
39347
88302
66578
3634
34244
76991
34477
18763
61854
7681
66405
33228
74245
76121
77528
19673
16193
67646
24933
15497
14650
96647
93368
75970
78126
21291
51600
82074
33787
71415
34409
34101
38315
30591
72345
75221
20935
89410
1014
88644
13444
69615
86436
14781
15328
9499
99563
58958
93331
63265
86062
91383
49534
97901
7314
74993
20232
63422
84371
5802
82015
95330
39460
48884
16153
14016
41809
77105
59706
8068
84746
44092
10177
57224
10320
21309
30441
82485
39757
49256
6117
68931
23699
62592
4460
29158
86147
87093
48250
82642
17547
7078
14912
47507
44434
19375
79246
37411
10876
24085
55753
46894
97586
23036
45689
95587
51577
69523
25957
94991
27659
23116
16885
43828
54644
42080
58261
49691
37015
94536
96009
99166
16812
84420
13106
46985
31972
86551
19137
90807
74209
28824
74025
23933
31224
81303
57374
77918
80618
39533
89375
53228
23953
70983
60005
93815
23130
22506
67188
53873
43293
26929
2492
59261
57407
44791
21038
39642
38346
32148
67156
54984
56317
22968
87477
35295
18384
36441
74385
26699
69014
75595
88693
16973
10917
94129
66436
41790
35614
20005
54548
76032
82687
7820
97211
12244
33965
60776
91134
37503
52306
58051
17590
23669
81358
226
48451
28564
90201
63593
2242
78121
27991
42548
91796
24675
21664
80470
87531
93294
23054
5368
7774
77285
78995
23038
10647
43389
92446
70909
78072
44477
76516
43612
49391
74289
59253
79331
39743
71190
56091
41974
73149
69655
53700
90764
37056
45840
32379
49772
20231
8276
50073
25603
97151
8249
40685
74446
3225
48446
22451
6191
21090
51155
42012
4952
32149
88313
17464
76523
27680
65102
41772
32225
54807
66361
24954
51738
80456
15828
38270
9984
69264
5593
5002
72448
31438
31585
52518
68553
43561
23978
43034
73266
33522
25535
56289
37671
42977
40344
28084
54860
94287
27182
2976
68474
39854
30767
37369
88227
48044
67486
75729
5281
90943
13506
81110
91026
90027
31189
18034
59424
51168
2105
53418
87079
28941
5836
95868
87813
72297
76882
1003
3969
70100
76414
75217
14610
23392
17087
75295
65512
78156
57050
37991
60691
4775
17741
70082
63732
29102
96378
19459
4323
33820
7016
86090
50213
18817
39167
17715
5271
55029
17080
39064
12646
89563
49583
50468
49378
70834
4826
87680
80382
3525
28072
90413
19964
15033
47116
83885
16168
797
8670
32051
4834
6889
41524
90170
67755
28117
6455
29989
3263
30658
28035
65798
72686
14244
95854
1631
5988
82676
9765
97130
32328
97996
39736
5578
83106
16123
91465
35998
97114
85813
56457
91185
29649
92191
73439
14450
33917
27115
7458
64389
86734
15638
35480
24197
78659
47770
11550
30285
77351
92539
84768
12477
74680
43674
53872
70160
98581
80859
75627
38157
17778
55712
26955
12133
87309
81410
74405
75057
49663
64839
41440
99524
63406
25917
35362
37651
90933
47043
5527
57339
60204
64791
92273
88727
14924
16712
39444
22060
28289
1592
59405
12670
37820
76405
37701
50848
25304
92213
33907
72877
71976
93606
89447
67588
72537
98101
21178
89071
66488
28311
64747
35761
69496
64641
76345
26102
31629
10418
63326
41614
60236
25593
80612
99389
69333
16932
42015
88995
13403
27453
71560
26196
85925
50292
747
25640
35245
98257
22594
32188
4335
98859
31269
45631
19923
41286
64914
56741
18549
24194
85587
16705
16647
88589
92204
47945
81631
40603
9130
12954
5684
6984
96084
20298
69145
90573
59356
63042
81211
58349
21790
66681
14060
95505
12077
6570
70096
28125
42053
56547
57852
25939
83989
39254
59820
23079
19886
8503
37243
33915
25814
96984
62336
51728
70697
9993
44021
62084
59949
2705
71523
39941
82192
55016
67095
73609
28858
26606
94842
58869
20144
47598
55121
23539
25341
52895
24060
93835
45128
4060
67889
82355
57698
95025
64126
65818
74981
96866
9883
78693
9757
13543
2161
76240
57343
32892
27478
15852
92075
27167
28719
23221
5731
40710
46258
50260
3283
96420
45501
19653
89090
4971
92045
81221
54934
5463
70255
10828
77717
60956
25649
75141
23313
70813
43645
25296
32782
52588
58926
21789
87037
27510
14875
62908
53091
300
18744
84453
37242
13409
60853
90420
9830
57410
89196
49185
92875
57763
97458
91807
87924
28584
1636
5313
65424
76718
44598
59240
88920
64975
88996
5828
33992
57771
86574
78670
11443
1954
59221
89584
71441
61831
96684
5094
56603
72178
84168
21154
70192
83704
75606
54280
15228
9319
44928
52348
89681
86736
60132
55892
22308
95746
12928
94340
58529
59822
2358
2378
72058
37300
37326
47787
72477
19135
14275
78476
69675
54474
79232
78985
31400
73389
48683
37096
57324
83160
72670
14695
57068
22699
77473
80129
26403
71796
94656
58914
417
1692
745
37094
6640
92378
18578
31264
70561
38405
65884
84937
41056
80793
33485
70680
74751
78610
99046
42532
53218
26702
76183
55850
29527
81354
93308
14129
43942
355
70645
24738
96814
4987
3528
29713
14553
9752
44841
39657
45976
77345
29774
13311
74383
36068
23851
37341
82488
21255
49068
10811
9144
56471
52920
87191
48748
91820
7928
79639
65732
41097
43045
68917
90942
65196
17960
39255
86505
2047
13062
97639
77342
42547
54692
43594
56574
54021
61643
57082
48090
97372
45841
11410
18562
40237
49601
74247
99612
49390
68220
88823
66869
13704
35582
4765
95713
64140
27572
99366
49751
89222
14116
84065
10261
85778
34185
32234
7546
66050
91900
30008
61867
20082
69203
9957
87672
8796
97950
72317
53639
91512
43862
54481
22972
75093
27961
64870
6870
44415
29687
40142
34900
44089
1823
55539
83550
2642
80939
74253
3149
13397
87095
8720
28663
66098
986
62742
70035
41392
29553
18205
63026
60677
13309
80242
53985
45831
62096
59442
15627
22178
78991
54242
21165
20363
11820
45294
78084
23254
1225
70778
12392
57622
80611
44211
97944
37449
22767
39258
93384
36985
30737
67052
8211
63011
85992
35968
97517
33529
8415
20109
36932
52591
86974
61616
71578
79797
95808
48579
60585
82810
64746
28754
98498
87113
5007
2973
29955
39763
67619
94632
71487
66839
97899
78139
15059
35512
15894
1798
41089
68866
96939
57257
41913
50522
14551
76567
44699
78321
10242
61498
40809
2460
1608
51914
45830
46770
95978
96427
52566
56362
43365
55671
87
40883
51528
57660
64633
31731
73449
24090
8390
16420
16346
60341
10894
4291
5050
77822
87332
35029
33111
73451
91436
10480
72964
94033
22487
46999
69626
96631
28660
97714
8941
27586
77570
45712
74691
69357
62519
86041
2866
96781
25359
88831
14936
82573
7687
11631
94649
49922
27696
26597
39315
80998
14680
69510
11732
11114
93975
51211
83276
15455
86834
98034
52773
88911
90163
82876
55605
28929
5514
50857
19328
19869
53723
37913
47497
37499
83443
14232
10504
93720
82223
65641
97824
36693
40698
57942
35835
19954
59460
18908
36605
77000
69858
50413
50140
97383
81721
54203
11555
98500
44163
68622
89933
38176
16235
4587
37901
11409
63588
75056
67053
8934
60191
96822
88324
31981
20561
32891
27802
47025
77621
59508
51714
63955
62052
68425
71926
21723
25544
58884
15306
77483
23346
10113
48276
11380
63791
61208
29905
59428
82787
77294
73495
3005
6194
59359
96056
24139
6859
24519
22977
6210
94718
95903
45530
37597
16094
42305
39232
64002
45059
84235
7138
39197
7285
46552
48972
22665
83018
57717
4001
10670
59715
44255
21562
98460
9999
54283
82325
85586
76644
3823
87854
64795
64560
18758
39383
30077
47832
13126
68852
83991
6411
90357
20895
22012
43844
99204
54831
38424
10706
62327
57236
83174
51136
10026
84096
8816
86523
51962
6284
70779
61964
58697
22035
80057
70278
75697
47854
85170
74177
73488
66732
67981
10477
37727
46314
48220
6150
47367
64090
4099
70028
86176
28155
89122
25670
74657
89485
66876
6633
16928
69733
64964
48846
