100000 4878 41
22481
92566
85008
94447
36050
80467
89985
6475
61039
79481
94547
75147
41403
75939
89626
51845
74088
36095
89122
29017
39774
20007
81854
65155
21705
21915
76474
90760
4059
80948
45649
53355
21383
56796
3728
86194
58501
91683
20652
80366
40250
25962
70959
16544
68038
13714
91156
66441
47938
6034
11499
8748
56552
62444
93308
56333
26782
90002
33393
55081
27683
40034
50161
66922
9531
54413
87663
75231
86963
7586
24479
67611
16426
43022
53294
34456
67246
29750
67559
30081
93288
37715
6358
42582
40774
41692
33860
7984
10159
49723
71196
40319
60669
20930
25840
71613
66085
91990
35334
51740
12249
94665
31155
27863
59786
87006
46565
44768
70303
76995
15281
1501
28232
23488
622
95114
52273
9822
36579
40276
25582
30
70889
93359
29309
76258
57997
33384
13447
84135
27826
69726
7212
65985
39811
517
60112
71037
45077
36586
17542
98312
11248
17010
1150
48268
91671
64852
65496
50530
35254
89538
96741
59165
65318
17146
65643
96732
391
86339
32076
11318
30450
58001
59183
35356
96520
56162
46359
94432
86528
49333
47146
72540
56865
40880
43231
56153
7012
18048
92777
32708
78020
98191
30824
34111
57534
51871
43327
87883
61606
2841
63209
57780
22924
39359
96568
32825
56547
87493
6652
14687
47133
20536
90589
84385
19277
17672
33879
22114
17464
55728
26746
50355
50750
69137
57459
57611
5168
51868
45139
95613
13700
90569
49461
79511
8065
7960
59576
31497
81381
89670
58676
12042
27757
54328
24711
68132
19897
76531
29011
78772
53864
63927
51877
98815
60215
34593
43050
42783
20826
8211
12129
30574
73109
66535
63318
52320
48999
14920
65091
35688
20522
80134
20452
96627
81070
60645
30439
75196
20202
37420
2248
48250
77280
97131
75185
37337
27001
89385
30498
5295
38500
67017
24410
41375
3833
58049
73525
49968
84891
12095
15683
80398
28037
7878
31511
8185
29709
15130
8145
15486
54791
69322
48995
29100
52750
44912
26054
87972
38205
38694
54323
3132
95990
93450
63583
86622
92872
80642
99359
2393
75180
4081
2761
92125
63882
2163
74453
58372
25464
89739
99647
22613
61711
50379
3413
88309
76524
31778
75209
20788
9882
10251
81162
43932
83344
31430
6812
55782
47935
42939
2796
84001
22342
58402
53867
60992
29986
10697
46899
65631
99477
4050
66852
92916
60047
79997
18276
8390
6838
216
22834
75422
9270
80991
25672
9906
7318
9039
2534
88875
67418
28484
68569
82042
23158
23915
74107
74212
91111
77261
33831
32657
53455
47274
77031
48320
24783
92899
57730
39540
48187
26946
5823
68957
86774
68154
91813
50332
21846
39641
77807
44994
32638
4523
22113
95066
98504
7410
31730
60881
30462
8788
30327
41898
20974
44749
73020
8916
25129
52928
6886
39122
22374
74173
40124
67716
34845
89530
91629
74527
68695
27308
69658
72341
7735
35404
11449
51656
58417
37837
98094
90074
81900
64682
40806
95347
52480
80421
73995
62850
82015
70571
22800
93566
63247
86525
79838
53853
60043
76816
15012
19125
16277
33963
10987
49472
56916
70689
18006
5107
12209
70241
28392
45966
38892
71923
1756
34642
29012
95519
15349
1051
58079
44325
54305
45636
8514
74833
98055
84658
23064
77177
51715
44096
65302
71219
34706
20212
42625
12104
88676
65905
41020
91463
38540
68048
23176
67715
15088
26203
2507
14416
76483
65958
58904
19141
95542
47991
48391
28184
76965
8370
52478
22478
45809
67114
45452
36962
87981
15278
43768
35183
3288
69500
63458
10866
49626
14807
4168
72651
56816
28316
15142
42866
84088
39176
74953
58457
95331
73684
36624
45757
60507
12806
89482
71183
34579
45625
62803
69069
62081
93492
21150
64261
46404
52113
62120
40935
68494
12755
41640
36943
46085
78445
95570
43136
67975
49921
57341
64295
89801
71543
55961
30216
65940
15717
51989
96495
53410
25160
92604
3866
17613
37972
67762
36241
1619
59416
97693
50505
70635
39518
15497
20668
71556
75851
65766
90727
30741
45560
60246
90100
25057
66824
22454
17393
16250
95547
82845
16752
73170
13093
48653
26106
2438
57281
41384
33670
36941
1590
95264
23623
78404
39132
43378
55054
79452
79091
87978
1182
70490
97156
87350
75186
64781
89181
74966
1612
2826
82791
15366
20389
55121
46672
54806
66627
85165
66375
29169
81294
65966
952
84567
23830
40973
1924
61669
71105
61131
27781
8723
61740
14584
69365
62862
39690
84260
67633
68375
45544
25248
54633
22993
91604
97916
47265
46286
68021
78165
32466
22605
71974
86303
86158
91871
96719
31608
43719
91292
14154
22845
50368
99508
62507
2692
51910
46866
9462
69685
66586
16118
23225
33591
4391
48971
57716
98929
54612
75770
83160
59480
56788
51215
78578
11572
67213
81326
70756
85778
71780
84515
17034
17024
31260
12593
56453
2042
36608
71732
67240
13291
42008
16005
14948
87628
67405
67952
95758
53200
61233
29825
36336
46552
40173
43191
12646
28008
12978
26977
14041
54495
12634
17105
59516
12233
4067
46262
90672
38558
34262
51284
68911
57445
51549
3949
92555
95492
98868
97937
54195
58748
33773
26154
57715
1349
28997
82433
40370
30694
70864
63214
52043
20746
82587
11528
96991
58753
6359
33478
35403
40279
22070
29776
16675
82359
15466
58467
93966
19545
27750
73745
72257
27597
78968
46924
18302
24909
5444
54062
10706
93180
47049
27933
8492
42126
62724
95786
45169
94681
5677
16603
17252
60516
5503
58742
87844
88850
49718
19720
99998
83593
37308
41161
25858
32386
61540
53337
26818
48857
27250
42367
79916
77664
91660
49441
25462
32965
49530
23211
1234
71697
38847
74627
66760
77533
87250
56577
56077
3987
31094
70165
74277
95539
36382
4530
19245
43986
16006
49857
38559
8659
41926
93523
47898
19462
79421
59783
42983
21775
47601
84591
35364
13401
24420
12337
62995
62521
42873
51540
50930
98935
59438
55861
83453
914
46665
86920
56041
89308
63764
30749
89807
16951
75814
52896
49999
53044
21520
93074
28026
2528
8127
82137
38907
33255
41046
57572
95443
68096
12460
40506
14408
5658
23271
20129
74195
5437
8195
34487
99897
33844
97070
9918
23314
48643
81099
42990
99406
62243
23282
3876
28524
8387
74150
79187
76340
3110
60428
38794
21866
60149
12645
33236
72453
69488
20520
51182
77710
34322
58782
74325
9363
5931
596
71301
4137
66595
28255
35165
64768
10374
91466
29895
98834
22259
40396
10964
34953
83636
44429
90612
75077
51282
76990
48807
24560
97021
13116
41468
38116
24052
19144
25322
49635
25648
64715
27287
32553
43891
16451
10590
595
55359
72466
81678
87311
31746
18174
94521
88021
59636
21904
56344
30920
62287
8230
86102
8008
64111
2923
90460
85256
74957
7433
96048
42113
32274
87891
78452
2894
80410
97487
74954
18238
31043
81596
64197
29520
59101
70405
14354
53644
87718
90574
80453
19991
20748
93043
7103
82920
28720
19058
39813
15258
77993
32609
17753
90365
83459
88579
2723
16355
30768
5193
87340
17481
29733
60290
62480
56590
40800
29717
50219
48975
67765
62242
79308
96718
23661
29330
59780
13398
94830
90486
30891
2695
58238
37938
60386
22082
66212
96699
46386
89079
58696
1949
88748
52630
85212
23704
66321
94033
7540
97735
56108
61313
27100
85563
24705
6603
6868
79723
90755
49364
81925
92821
17332
48470
22234
90443
27573
35219
99675
13856
16428
47223
43695
74491
41523
52416
47912
19198
41130
63691
16769
64626
35376
1172
46808
77322
95695
51990
50137
8517
30580
29411
57563
42943
37675
9763
95108
53232
17926
86002
48689
89091
96750
7305
47380
47698
41790
20083
17982
6283
60236
67761
40731
16407
74741
36592
27641
15981
58912
13431
52372
66183
9798
87808
90141
59307
1610
29519
46516
71315
81190
7850
76997
82624
69263
38466
67041
8138
91304
42715
66570
21280
83232
68050
67277
41122
6281
68814
77441
92721
68505
25870
4146
97370
70474
78531
52269
8404
54188
10560
12958
69025
48177
26478
50342
28699
30743
48207
26574
44149
16454
73559
93832
97901
49172
56163
53550
62461
25144
75063
52731
134
91158
65864
83849
28739
60548
33691
46494
71136
61183
81289
47886
93732
97843
78767
86603
85800
51718
10324
14866
30120
3910
38831
83608
16814
10808
82569
79806
89345
57061
94607
25863
97727
59030
55092
24078
83065
50912
92713
5611
46850
46651
52097
620
67890
18605
98765
38015
72481
53774
11089
5734
96754
66724
27306
72536
38094
61413
13587
73169
86369
13319
63849
56408
82318
39586
90281
16609
22632
23748
8483
68379
40936
8009
19800
57800
89619
289
92065
17188
29290
26059
98837
81275
77332
92206
95582
66545
52683
98215
52541
30446
85470
218
80681
39475
93760
98070
45567
83692
98413
11520
69956
36638
85254
46515
48825
13681
92599
29329
99246
75614
14164
27857
14717
38303
51699
54398
1042
21084
19070
91399
14517
17409
7204
35020
68028
29517
36216
65389
95567
35966
92534
26734
88838
76149
21892
5299
23096
41303
97220
93314
44329
66938
28817
8993
81698
69787
34464
36534
1955
63673
42370
57650
24916
6566
90093
63818
48299
66491
88938
83195
77850
70962
90076
55361
4842
13068
20492
17369
9611
22872
84905
85260
82734
75718
77231
9676
84025
98492
96981
32329
22742
31101
51322
15204
26485
20622
43685
37808
95164
10592
97190
41156
77204
2989
97270
2140
42619
51074
74241
31691
17625
32694
82935
12435
85381
59337
86134
1944
38187
51909
60918
51481
86342
35379
35848
43592
2181
29966
73490
70149
17165
39579
86480
57837
87821
4824
13979
49134
57552
3416
39956
91780
92651
54071
23586
82565
96152
88237
59067
178
27870
71463
28592
53581
35268
71954
18675
47408
97875
93844
24532
78343
12344
46010
81287
21505
45558
71818
3525
79465
53245
38285
84664
78973
45492
815
86929
68737
30803
59970
25055
87182
76985
21486
62353
47741
85551
55883
79528
24696
43781
74463
29710
61093
96028
45765
29747
81129
2616
97608
41467
61720
4525
81113
35300
55521
92253
5114
52589
58543
35705
37417
56497
23216
55324
26373
50138
46093
53997
18003
36848
17301
24360
34114
45181
35925
51041
71809
60646
46297
35201
78847
19397
79749
36568
29482
74579
35126
2152
56487
43910
59825
91375
4858
63991
7333
13590
36581
91068
23450
29391
92177
4169
23145
84159
69587
41254
55250
7399
13341
64958
50120
30240
73482
46264
13505
15535
34034
33048
71012
19112
72271
48425
4908
79513
72727
30410
26893
78995
21993
70304
35888
6323
72380
49674
52691
47138
13424
83731
58044
9240
91091
97632
86994
76163
84913
38840
20273
55033
94967
36593
28296
15078
13654
83896
50770
86566
4198
39978
65827
30685
79180
34941
18410
87352
51602
33314
34697
37551
8989
60601
64859
71103
61822
74724
32275
60267
22939
31902
56322
98978
48935
40011
85566
60432
90411
49510
76956
49973
60388
16626
77808
22599
2244
1557
74761
95755
65974
78068
26588
8359
38042
75143
60296
2012
5699
55476
55819
78695
32845
97377
76731
32913
48474
16534
22921
73827
71218
44828
89171
85015
62745
1981
47338
24362
70402
91065
85541
40856
54106
29894
23172
81522
51641
50904
89047
55992
51126
1046
75193
95304
7946
7922
80487
75001
76882
1776
45099
67835
91223
68131
71372
78513
48322
71279
91050
80030
96221
23291
98726
88876
25836
60778
41700
63533
76585
36695
66406
98534
55760
86724
39007
84218
50258
9327
14938
62195
97105
50292
88350
51591
44896
62101
11595
467
63324
29332
38016
65730
8546
19881
11847
25637
58719
28529
37212
65925
59920
61890
7018
69473
11284
37276
79153
96812
69205
35097
23123
72624
27068
810
22020
667
10504
28272
43338
14147
55012
31718
50203
77939
43067
7733
51777
46558
1711
95536
3506
17069
77290
68843
28989
50630
84455
21496
55231
61021
59592
84046
80381
42233
65918
21740
93059
19419
88322
38449
52964
1759
99988
53803
26845
45272
20507
21819
23178
51095
82616
74981
74820
96475
80888
40963
18795
27420
47328
24473
23687
3199
25469
35035
20722
32335
43588
85558
27639
50210
99219
75371
83364
71676
99253
95820
75048
84030
73369
73770
71320
91275
67249
31017
58867
34164
93534
34902
57009
38225
50045
58975
42349
21997
56105
37270
23690
5095
24038
35143
12373
87507
62823
1952
86621
52219
29854
95987
89748
39536
6095
71106
12134
31418
58318
646
67818
8777
27180
52063
98948
55098
1056
47852
19868
40457
88824
82547
30915
3426
27828
60012
87904
59630
70158
63417
43506
67862
96908
35872
82222
23402
58538
91848
41355
77273
23592
77604
50248
85874
8419
77589
72228
22086
28968
18140
5201
53624
60900
40265
83987
51835
66126
10264
40432
2220
69233
66639
65429
71896
74222
90211
93641
57574
55360
99320
6374
42180
95423
66689
19847
30481
72755
36527
25787
73253
98649
51353
22200
48663
77679
33810
60603
29281
18691
59119
71830
26676
3628
84685
34639
99220
81898
3994
55518
36996
12693
55972
80330
37877
41317
16551
49522
91782
89483
97230
82407
77934
22681
78211
27430
78026
86299
82000
65545
65382
87323
24126
96534
51046
66793
69594
109
63140
73737
32297
15724
2101
81510
96490
93987
35927
1752
75968
46216
88389
29975
89550
66623
11880
44946
35341
59766
3042
14984
13446
61956
11576
86033
32529
63328
54300
25539
52720
83109
91198
23731
61886
16404
57087
49792
57533
507
983
78617
49326
62752
39936
37426
1373
32088
30113
27625
76233
71637
35551
2122
8883
19367
94846
82062
46311
85478
54223
79031
12421
26332
27964
12438
56951
540
35930
29662
87113
69501
44500
14875
60674
65211
39134
17118
95893
46934
91239
8502
66736
66447
52140
58333
48343
35608
51011
38148
89137
96772
40221
30296
13369
60392
85192
75413
29610
28990
94072
82825
33905
34915
42907
81340
3339
61519
65658
88823
36913
70511
47105
26975
75910
70746
98821
4954
84995
91118
62406
42615
87755
72160
75079
62609
71925
27222
22646
32549
23702
13707
23419
38245
63713
51426
77637
93064
24170
94732
80851
50160
55191
59298
34765
84858
3822
95136
75160
99938
26036
79560
90880
34121
37211
84849
98607
84717
86681
16578
75020
89766
63987
13165
28283
98229
30375
56541
69016
79967
2369
96391
99975
46989
83732
13230
68923
3492
98826
62979
47942
47424
38478
98419
94659
39917
92603
79056
67353
37489
590
86689
82826
87523
37787
18327
16579
51916
32453
81531
46106
27203
16017
22718
68896
73653
45286
41275
97400
41745
35413
99566
15094
80649
9708
34803
83403
68141
12833
58204
55709
66176
12244
41125
80403
79713
16902
67111
42693
36167
34240
82693
48007
50815
13224
94379
22096
33106
14295
4658
26245
90681
86972
24207
16771
7260
82821
60816
34041
92023
25419
16064
14512
22273
2386
62317
45962
94403
97984
29441
71271
59562
66042
69051
35842
602
50553
44966
56470
46050
95328
32455
73626
79688
22174
64944
80659
31901
54522
27728
50400
80444
38282
64313
37491
37686
93829
5691
86887
67373
66948
12351
81437
98879
12342
52200
80524
2847
16793
23028
8019
25885
14065
98041
51897
81700
44517
90901
98198
66613
40471
54845
4618
65097
65782
15555
22842
68770
41809
94893
60506
84549
59731
82134
73013
15582
13653
9588
39551
74612
13391
63250
86934
22804
18609
18161
17116
8505
15984
8422
90342
27183
72217
88156
44462
4738
92576
91234
53344
66935
96769
72279
62900
44836
61487
91491
93928
53332
37099
62395
76742
92296
10562
99936
25990
59169
88356
10769
75738
31184
13646
46456
58010
4637
7377
71110
13750
49105
50511
69209
97443
4087
66431
67503
57194
73733
51007
61742
5453
48138
61007
8047
14130
34741
57345
57909
76784
34819
1713
21812
42859
63621
87198
40293
90353
30645
4469
12661
17522
62796
84688
86829
87610
37998
42882
91581
97401
72363
66358
2458
87707
68682
42014
70319
6523
37906
4876
17889
41261
73708
73469
80632
36055
44467
75945
57722
71052
60239
53574
79703
45810
8988
67446
15356
79374
5232
74392
95938
63107
46061
23228
77343
85048
48666
61146
9519
43716
48843
16649
92707
29853
86182
57387
25293
10761
81806
56575
82306
2053
36258
83955
23219
97939
6699
40694
34316
39840
18197
36851
16874
69093
17698
82184
25343
75114
55708
43062
33257
31927
36184
71367
60558
45103
77461
91548
12031
17568
56346
80769
85379
28104
47749
53985
64905
68564
66056
72163
28124
17174
84741
12020
43725
69870
22823
70207
84873
37553
89097
62937
65552
2108
58428
44624
23188
99041
31722
31874
10404
98261
74926
46335
48350
79623
8918
76596
41164
24659
68742
51945
92966
39393
74901
95181
32672
51159
35210
34668
43416
7720
47711
93024
30667
17192
16513
13280
45117
18799
80547
92358
88423
96114
10475
59328
48448
69657
67773
53923
2352
33335
74992
66576
96250
86112
52065
2127
28789
95904
91147
28356
91651
64463
84552
90584
25387
20046
75999
83397
45911
87021
65319
8672
61382
88990
78321
49758
95957
63144
85490
9165
45050
59801
60987
91238
24316
91751
64095
31993
23764
85028
72218
50926
10350
76087
22985
9849
22332
42630
34588
42546
91039
71335
67614
98668
95943
35447
11814
11952
67463
77572
12368
54390
85350
67228
4661
96460
91080
25113
21361
95171
22100
32572
35513
90456
38590
39555
44590
36360
77188
91831
32504
5223
60927
79897
54547
22628
88684
81333
11936
42161
74603
36698
92473
96234
40055
33613
94608
51119
39733
77707
31194
27912
92857
22480
61964
90839
27302
45787
75586
13356
61073
67596
40350
56287
90675
69884
91369
287
95911
33553
23233
3898
20618
70509
46928
50491
42151
73676
58624
13493
14939
35871
85172
25085
12629
88355
94206
78934
87734
73652
64692
43111
57573
45879
94277
17122
68203
24612
92368
86092
56624
60471
71687
59934
91488
12062
36213
15237
40268
92011
99890
68047
36644
68673
21406
6577
61727
38085
14091
46946
19939
68359
3197
70585
61147
90224
45172
87846
8330
92533
32907
3104
58011
14243
82907
50599
77618
2380
61693
12730
77874
51079
36089
74986
71209
71572
48787
35706
9430
10636
862
85392
44687
4192
6242
17839
15734
53956
95001
12722
28390
14557
27007
10806
22141
64233
98403
33567
11155
47568
35282
57978
38647
7284
49089
38961
40184
37961
32126
50241
10486
40277
35870
71111
85486
60523
57742
86728
58485
19091
49258
37953
29980
53899
99516
62269
96632
21265
8079
7164
23437
22260
94051
3138
64572
41805
33014
89006
96886
36284
91882
35707
77857
12792
98980
54729
18806
78899
15662
55806
62079
76971
14903
78953
34373
5096
80126
48959
39621
52310
41895
53582
84687
31892
58438
43887
68214
86943
31096
31175
11388
22629
17554
81293
66173
86642
91563
5916
90931
51022
88728
2893
52325
35956
97906
61838
58050
90164
88446
86393
79885
97531
69574
76922
18596
99567
31920
4491
39449
5679
27797
2967
63104
45071
69257
26659
95018
96138
7060
8414
76495
1464
53036
1346
21396
42994
9362
66730
89071
55659
15264
53194
31303
5807
41594
96469
29241
49512
91538
4964
16175
25316
69027
10817
19421
75653
80739
87080
75948
44400
51219
14186
3101
67156
69695
29080
79934
72538
557
91340
3286
2440
83974
36684
83508
56591
18211
70593
90370
80477
48357
45836
23381
68519
17457
6740
80919
8213
53499
10774
28085
71506
40122
21700
97968
82033
28937
27025
9625
79974
8318
61244
98100
38174
16796
12216
47308
86098
30709
74723
10950
93196
25451
67670
85686
207
1366
42689
94911
17865
42537
99662
78306
51501
66658
56623
55436
14191
22638
53912
60180
3981
61533
53117
74950
8342
24764
49855
54238
2103
60185
15491
23566
44442
72282
30878
89980
19485
40931
73768
14766
20756
20642
25640
88830
84662
26884
61161
96819
71872
57397
28258
94011
98545
58856
11917
44541
53616
78106
57520
57615
52439
72606
94987
71075
57438
22518
25666
55982
42136
37230
48218
89229
36046
10472
45298
14132
47383
62209
45390
47002
4034
42078
50264
86808
11425
18136
55035
47466
29961
80068
58449
83246
35730
75608
95099
86688
38848
22386
82164
24832
91732
58508
54737
70607
16422
55832
58968
41889
62799
24633
5995
30980
29577
41071
45384
54531
22053
58134
67455
28612
84942
284
42887
49869
25210
42468
58575
98163
20999
3918
58298
66076
59420
74127
41213
49005
91469
68159
96085
19573
98434
98912
37611
5170
77209
90010
39350
38704
32551
7081
40348
57860
63389
5783
25937
87505
16042
73800
27055
61615
47575
64137
36113
86533
97914
99528
11717
27188
82100
22517
13179
37152
15650
88847
80623
80084
24486
78516
76166
61328
35032
76779
51065
43096
91278
88971
16990
49418
93898
89204
2011
36755
75266
13848
93381
52165
1767
29032
27843
96959
80525
26582
53129
35315
33896
48280
83104
53524
63783
37865
58573
9508
44332
71664
17864
22321
20680
19423
38397
10745
75924
67059
71737
17243
20147
80550
899
37187
97597
40725
63206
62751
98847
39921
61813
63118
96841
11883
15638
81838
47461
10885
80296
18903
9541
89414
82259
89427
45959
38509
82773
94304
54338
80224
89870
98442
11675
11235
9337
59839
13632
98886
61472
15959
94807
77838
62848
13769
15798
5147
92804
78187
77245
48353
93856
27868
69370
48682
99205
92760
96493
19686
19905
16159
67015
53782
55416
89336
22927
51077
24907
60897
35853
19609
78620
64409
8448
46414
63112
55882
99543
76639
26163
4515
15890
11764
97079
81862
67508
47999
26469
85211
98683
22515
23376
23315
58335
89296
76175
75605
78921
60057
90080
64177
78641
80986
51218
27445
7192
95955
32507
39224
43312
63886
26678
69651
43157
74177
27538
85561
89888
52739
25808
77067
29485
60899
98573
94632
86300
12743
70259
87494
72794
61830
79140
71856
14442
73050
72368
15062
64971
77672
6673
90475
70657
33510
48096
67234
92693
34558
40672
61373
30011
81498
63078
32002
9495
18802
16674
79426
65971
52582
56692
35385
39407
12842
45935
36053
3927
4250
97101
35134
83984
95891
54732
45841
80607
55579
10968
77801
79158
89662
98370
63710
12143
76123
42624
65518
16804
91364
39584
84429
47336
84016
21249
40686
86108
79371
97598
68865
46942
71965
51670
3854
20669
53413
18862
19107
5747
26324
88560
18209
29726
23104
37475
83588
68291
7404
95396
1657
33078
13986
81798
25179
35804
34841
57453
3556
60382
91593
50649
26718
35812
29763
30263
43755
7253
13534
65022
53054
40445
1522
82860
25263
62956
7168
99387
36482
74657
30926
38539
18693
37450
36200
10413
3269
51350
94190
24976
56574
19187
63325
10339
13021
6833
92228
20238
68689
89284
38082
77254
39748
87099
98454
21562
35778
2556
39117
55175
53070
14907
69719
38276
21392
78326
73095
66700
31270
31319
33383
29188
54557
30653
4054
29305
35304
14627
95125
65772
9761
87835
92818
19522
23077
17497
83463
93392
16169
3887
33357
34860
83571
63893
86721
11054
35333
80331
45122
78111
44424
35882
18413
13366
42393
58331
43535
86395
48652
82511
43436
26261
75576
52353
72042
81768
37028
84806
58432
20486
83154
11481
57005
12708
79329
43739
19809
50995
89459
48752
95773
22944
18230
49454
81702
50296
69681
62204
68188
30466
23553
99505
45491
23774
50785
98867
29646
60573
46215
95706
96295
44568
62672
61080
41663
81945
75365
42654
38619
8611
79478
18291
96705
40586
44484
30064
33337
64012
84720
66879
72850
2654
81208
73236
65978
75555
62936
5865
65697
36647
94345
1372
64564
26137
21304
88593
46358
49283
76610
93162
37258
66782
55329
52952
94337
66537
58650
71733
58075
48074
65268
24205
21415
85771
74680
72445
88647
24888
6154
5059
57329
17475
59968
85485
72292
63123
43020
10959
96223
32207
17063
56671
55810
67336
19571
47998
45877
35830
28578
46646
10262
28549
64004
79018
10612
12631
11050
71875
49774
74618
14779
81975
31302
71007
78963
23310
21065
3011
33495
63877
80265
76944
41224
9854
74793
9192
51840
40165
36224
1569
83729
40657
71296
97701
7452
1627
45095
40840
1129
42790
17969
77574
59620
68765
6074
87782
28522
8990
83236
98952
39845
76976
9281
50665
89487
83943
82965
83477
84637
45026
91190
14133
20751
26951
89205
37557
53958
67103
34546
55747
33876
68205
14580
1833
3948
46169
45639
49396
61866
14968
9874
22549
33711
26100
4718
76662
14959
30488
53275
69363
78099
46795
18158
34174
30086
80796
16681
19383
24975
72069
95056
15521
75696
44485
5813
10083
304
36974
99225
57893
28116
23668
81934
5773
55556
60193
91370
62350
78092
16637
43706
66846
73273
81109
79909
14073
24538
77232
79284
11239
49328
28659
54715
20594
85097
833
37222
20735
39374
39492
99436
59196
85297
24657
34939
75756
81312
43454
81231
25909
76438
13347
53246
98793
83029
25507
98132
95467
23871
24770
23366
48910
95243
54947
23705
34069
1957
15485
98900
37525
72965
45144
26292
54957
50522
19361
29172
65919
70023
55812
82171
27907
14185
50001
68195
17095
84987
74547
16076
14806
66524
476
1114
63797
81462
56445
19199
54678
67251
94371
97285
96073
63627
99819
88678
15674
56462
97721
78431
75382
49575
4170
36269
30286
49664
22138
56653
23673
91502
51555
42077
11700
99081
9675
36750
66102
89338
69154
91072
89093
4140
86017
94398
46464
78561
62107
32369
80621
74450
13061
64640
3895
67807
76183
47363
52314
26842
88568
43472
28628
28973
7617
11506
14622
16421
56536
5235
10278
53443
66873
1894
62118
51752
99696
82404
27642
54639
72823
38562
20219
56325
5024
29480
8518
92029
9660
94136
15324
43606
84517
83831
88799
14294
94822
60484
40942
14770
14947
78292
22496
1519
18027
46966
50804
54258
56355
25692
52565
81527
83669
4599
71334
57236
46829
78626
55499
90787
55257
57802
71785
56465
65751
5246
68080
64347
65681
93921
54577
97483
45979
38289
70546
6161
8719
96238
75260
64460
16930
59243
36320
76444
48996
92454
29426
31141
50188
68308
96986
87934
10985
24391
80316
1203
53618
80724
22169
84307
56020
77552
5645
4994
4502
4911
74032
62482
52805
84617
33555
9106
93750
13960
87602
22951
4084
8597
93433
79584
5793
39358
41322
25064
14656
4698
63637
92117
90063
75747
51813
49689
61701
10177
92597
29242
2021
59035
41833
29209
98857
47580
52108
38565
66346
96361
35255
19877
90515
25577
30307
56054
10208
6742
28171
76305
57145
74878
49653
20362
92648
35819
98251
9534
61573
58873
39949
68135
41948
98252
71235
98164
68314
99894
94204
30017
49071
22032
41159
37485
80932
88563
33661
455
64065
1780
54615
65869
43048
3359
57754
72449
19785
84227
58859
68681
89629
49541
12375
37884
50664
69517
61559
33964
71434
90733
51106
74523
6047
88559
85881
13629
22777
5158
3584
65306
59686
78946
78758
84305
96369
25673
57570
8206
70508
80757
70796
37229
6208
49151
35904
20398
43657
93257
87769
44986
89591
99971
60202
91891
4158
87518
97845
35316
70021
27935
35043
84007
50691
19294
85174
78681
20703
75370
36193
90959
89075
72788
92640
59906
22760
19257
49001
3958
43648
14341
54464
72912
81971
82019
32323
53283
61864
14467
42945
64658
22432
1278
11740
71892
96134
72543
63489
41714
33023
77242
1083
3398
27311
59105
94331
44915
3139
67679
21694
85603
69266
26230
91753
29851
30791
25189
15796
2613
9746
17380
15290
38280
77451
74336
13925
2932
35016
7725
17656
41498
37115
88888
69349
84020
94302
78362
97180
2547
19830
61915
7194
39078
50471
51882
53712
76925
5826
85655
36205
49206
84288
78298
49392
36033
67889
37252
62340
8329
3086
55715
31934
13820
84933
82160
2141
47212
31585
90654
227
42564
87209
82953
91365
74420
26316
6233
43788
92239
56107
34381
21672
4866
46734
23988
80163
19676
61591
6333
52323
81914
27481
73382
55282
50497
37898
38026
32325
76560
14312
42226
44607
40662
99297
87120
83320
79223
45437
85232
11919
66215
10425
82358
16365
27998
17338
34649
5064
35940
7113
8808
70140
35100
5420
77713
49022
38820
41901
22357
54645
85339
49146
56341
83249
64321
96881
13694
80304
17689
23558
53480
73360
52517
23398
35159
43105
8361
60006
57325
1663
99245
53845
67713
50303
83647
32198
17697
62560
75563
46617
75075
68877
81108
96935
26325
36348
52727
53199
97037
85029
20636
26584
38009
10245
39147
31670
69498
78581
71743
41129
24794
60114
97498
40633
74863
74751
48629
99250
29035
90483
74408
16401
10852
42787
26351
62758
2227
43403
54953
11532
17330
7912
30209
58785
47395
93156
72191
9510
531
16890
4161
94716
5481
63137
47640
36936
11304
40771
53302
46483
56006
96088
93668
84900
6479
76471
91506
31162
39141
26966
50009
56765
48714
83259
41850
79304
44077
19024
10579
62492
31659
61990
22340
50933
53836
18023
63067
27941
62042
25631
17236
17040
70354
1849
51395
85704
78016
64763
98373
71788
15831
36844
27810
34004
7571
49779
63490
87631
77523
30043
36271
96858
97427
33749
9830
67788
2611
70575
90802
87783
63216
79348
82570
23528
36878
88935
74167
89226
29236
24012
59675
62643
76634
64632
49501
262
6198
14360
6578
465
47035
15463
28399
580
33128
92817
86690
61058
79764
68412
72766
34650
31782
73795
59368
44876
77490
70613
69235
92467
19874
44938
64390
32309
559
76032
81943
43510
20376
78556
93981
36130
46267
86421
20241
69921
41896
95909
50317
54725
24456
6058
83585
21761
50469
62260
3528
9450
66939
20690
91686
45197
51455
87449
69628
26211
30624
53186
41062
47297
84501
77102
27552
97012
72192
8202
57855
15378
90036
27409
85496
46162
64383
94940
86744
83894
82135
48433
49442
66450
98954
38079
97363
71460
67369
46099
89057
63407
52312
67810
26411
77374
31929
35421
93998
11046
90247
51852
60877
59466
45550
63653
26990
7052
3617
32095
88374
19335
7490
77463
55215
64420
60939
25722
79536
29530
16062
33147
52921
64674
55455
57502
27163
68642
34409
50043
22763
62171
82893
47893
10772
16999
12857
46804
13606
5546
98960
38787
57974
44132
3686
25197
9607
89395
53108
20588
95657
86067
99891
19529
46423
27145
27945
8852
38302
31475
85671
14918
75837
9000
78076
39290
35036
46251
94531
41865
94505
91978
86110
80966
54825
1800
79038
91444
59774
3195
48660
75867
51399
54272
24427
73810
3750
82792
31215
63671
66868
67700
53784
10020
83919
94862
61827
66310
35890
24867
86258
76387
42543
83846
32280
67376
16252
92142
77235
63896
92298
47488
8875
75607
21020
91694
91592
3394
60723
32556
31925
78544
45159
26214
54156
22133
83426
59373
68440
4266
95603
80833
13538
49929
29453
74334
82689
43447
41111
16857
27934
25094
66979
27593
36034
79177
99475
73725
60848
1932
1304
675
40793
15784
48008
88959
43786
42351
99112
82272
76822
59812
46328
57409
69119
8007
48341
17615
92885
88318
64813
58520
56503
42616
88618
22572
58706
33519
11682
13288
56187
33775
45101
8081
43903
72672
2280
98046
65230
99733
69052
56231
8612
34840
52899
87760
93298
28416
97364
87638
1456
41453
20269
34060
89581
76788
4518
85226
38610
98552
65347
98914
41099
94857
360
44827
124
50130
12080
55002
40487
97146
17025
27606
16053
68690
74204
61597
81683
19916
2236
30493
43030
31852
61295
17240
68836
87976
97067
67366
5036
90304
26299
63966
90366
94225
91335
72684
83378
8952
68551
78992
57681
22820
96810
56401
66508
72033
13089
93379
84678
80708
