100000 3076 65
65917
17519
48346
69571
74671
23871
86552
96480
52645
10066
29912
19679
2741
27757
71730
72459
43738
23535
7395
51343
24475
23569
73296
95026
98790
64261
7601
95076
15146
25267
1719
8963
54981
72020
39147
72564
81694
41578
86969
4351
2103
51620
1350
70003
59891
91499
82815
29998
68241
75485
9833
27481
90398
31185
44345
25665
12791
35188
33309
67659
47396
38358
83330
83760
96974
85209
7143
96907
18528
86060
91335
93790
3736
53141
13663
12528
38146
38821
8864
6187
8640
87181
96585
40818
57186
21187
10293
76056
61327
73904
7518
12440
92473
41125
69020
11913
23106
87192
66185
53974
35852
98905
64985
59704
20438
22632
52821
37456
19272
75890
97593
98140
16328
30760
41157
83387
25785
76996
71101
7870
72070
87270
23444
56874
8407
95662
26623
4007
70328
28614
75192
31462
28880
80777
5195
89240
97168
37378
56587
20710
56589
11294
39699
93045
35486
83422
50010
93640
74255
26153
89953
11440
5137
13941
88638
96969
21476
14656
54915
51276
96152
38479
39805
4374
69808
45582
18680
13244
80557
73355
68616
1029
63770
2094
12855
18553
55605
94048
22233
90268
81043
93899
6880
95691
66640
93805
43358
78484
62074
38112
70002
95710
81365
62062
42576
54196
34404
35964
83851
97163
38906
77219
33579
27756
10275
23718
22975
95104
76887
54895
62729
39240
67393
43080
62150
42528
47634
5019
44944
73818
32217
58902
13959
27118
70633
28892
51651
46278
72741
50128
47843
21410
32573
30870
83300
29342
73433
13676
92743
40221
38553
28372
98914
4033
8892
50388
79426
75672
38448
18610
68208
4613
54696
47152
35743
57141
992
809
57992
15429
74066
29985
8299
1183
84758
58599
63904
52537
97160
39102
47405
74748
60023
78883
50941
29073
66168
68920
58691
93955
68410
20657
71848
60053
53858
94373
20217
68238
50112
91094
9696
75812
60636
29930
95725
2667
26810
53985
22302
7315
38130
47829
81045
45004
59767
5427
6374
84718
27073
28934
19060
20964
52053
80871
60867
18046
30857
34368
51508
81199
17773
63228
42364
66752
31173
45836
57054
99075
86316
23792
72409
33706
85093
20832
63133
98455
5298
42707
75384
13881
13765
10607
7722
74174
15849
35034
19041
93661
55830
83459
91765
53903
1733
92202
2152
34291
6818
93594
68131
64279
7224
85423
96752
88727
29553
36769
58798
6455
77771
67598
6034
94955
99980
37842
78381
16623
2164
53299
43225
60876
47855
22558
69163
85631
25277
52629
71607
5899
62383
36107
20490
38438
56387
84041
71360
52638
59158
84392
53641
28947
19669
93675
14984
68446
46648
90438
2279
88696
80687
64306
39848
40991
87999
78004
8077
78871
35491
5717
3711
34687
27060
17226
81319
34303
67440
80104
97110
15492
36324
92969
47085
55387
60905
31074
65081
50465
48848
85610
9027
99264
10747
52862
59936
85419
56253
86062
14813
45150
81786
57575
6683
79119
90542
2131
99993
60347
53414
72610
13151
25692
58755
51674
20338
73275
31136
27799
98014
28265
66342
79512
56607
67747
18969
72439
41632
96325
47708
79696
90297
48764
24511
96027
86990
26874
20469
52483
4063
94273
11927
13356
31018
95199
93776
76240
56300
99580
27169
14549
50174
24915
90435
28511
15838
41574
94498
73698
98417
28895
87565
47607
19717
38401
23642
55953
557
12832
41202
86340
34692
56919
72950
62219
39463
11373
36511
72878
61432
25052
85432
3063
1717
83114
97164
60239
19296
39038
51814
99021
3038
25251
94960
15531
89109
16645
57542
63136
62182
81223
23926
72832
71552
36558
39159
33442
29982
5458
41874
49462
39578
21431
9529
87980
8831
18155
36815
4410
24680
67529
11113
93060
17139
30010
45636
99810
78906
97383
21808
6629
63155
41893
38086
11615
13575
68857
82946
93043
27707
80398
23977
67730
61538
2875
2207
69206
90016
9771
33391
42636
67168
46275
79306
16591
37474
83425
83224
84436
1089
58192
89637
47075
70731
14138
47077
50719
35553
51479
86654
35022
79151
67890
80241
23759
2267
56403
75816
70704
44601
78682
62554
79031
29832
50404
52664
62530
30571
63087
13377
38012
63601
8918
93881
4221
67643
67319
21291
92731
25674
59826
65843
49998
18908
20877
16092
80458
41354
48445
73237
74120
66967
60385
41688
43559
68951
38059
68094
90819
46870
21617
10157
29244
29173
12688
62072
78147
34683
37898
30578
43869
89963
67417
7313
14689
74078
67571
65342
71666
57147
85219
73844
46608
93647
18357
61562
12358
50412
65037
10866
41469
87653
68561
57313
15686
59435
87061
39141
60428
68599
20333
55049
42492
55978
75446
72171
33578
51228
58576
87893
61819
84320
46189
4974
54585
30575
78377
1399
64604
8403
41019
20236
10582
6093
3804
4901
21534
20982
50209
28104
48069
25386
37553
13528
94280
93382
63830
11265
70353
93495
31440
81769
92552
59282
15971
32856
79542
33181
40716
57596
38521
44861
35164
85213
81280
65975
70277
5857
74554
99695
74857
38450
46505
51093
38385
30341
22748
57546
46830
61563
2416
75324
12477
54729
53770
46772
87762
95455
76856
53530
70564
55586
75671
45903
91803
27794
68984
81278
1562
28901
76718
22173
44246
12779
55578
75807
42148
87558
5525
37991
29107
91964
99763
5741
6602
10323
55260
30746
41723
12719
19126
42296
19088
97569
65327
97080
61405
93880
56603
74430
9591
85776
74328
13989
3172
13287
14620
6020
1831
86727
91611
68267
17606
3580
41788
35612
89206
48242
39174
15893
81536
78078
76326
26135
67666
91362
46247
74742
81730
41114
44982
36550
80501
6716
62577
26329
31357
85324
13992
92583
44140
86247
93244
65307
74731
42167
89494
19461
66384
25573
47785
89038
29665
31352
68811
46042
38870
56962
39478
63799
88762
49843
51157
16731
84138
63225
66808
39056
51060
51802
26562
15295
64280
78787
58477
6715
83651
97049
75204
12953
13003
5794
65737
18381
19280
87550
25824
2080
35777
60310
41418
80387
80363
68947
41546
66370
33834
16473
53695
43728
82493
47291
24162
68525
46898
34981
44458
94019
11200
59909
53835
7305
76851
46307
57093
25194
84597
43737
10164
7215
49917
8792
26556
49935
11512
64446
52698
56149
98497
77077
45799
59652
29789
5384
74223
98995
97291
96922
97337
62690
66553
78543
28493
53418
92003
62895
47725
62661
90804
75961
88577
9590
10146
16222
80936
21189
16923
34317
19975
52587
14633
8139
11105
57399
71173
33019
11989
66444
20704
20750
93369
12497
23620
88420
23571
23915
2245
88310
64272
61592
86201
3177
3579
48941
63356
84421
40900
17779
64548
75865
13985
29289
2251
94970
82870
92398
52603
43188
77271
30457
91265
38374
26511
92393
4670
38024
4116
12943
26893
93684
64053
65320
40032
18071
30248
30633
3293
89133
34839
14320
87526
73793
19757
48492
21348
51059
8172
28544
50197
4520
81346
86230
57234
51142
28150
13273
46035
72355
61256
28658
79351
18499
59656
58360
59817
4978
22029
43203
20565
2407
21693
53667
23198
20482
89800
10347
83876
81318
19284
45785
25430
90051
54476
3722
83965
14284
88457
31625
45503
37592
36938
53182
4511
22043
1328
87976
99358
95309
86372
81712
66755
28090
75494
99403
31155
28385
72157
8173
71735
24331
29856
40028
55887
48459
82708
88113
85508
59755
64297
86271
90019
38085
50154
64791
48161
83313
52509
43568
73933
75698
18393
84116
62151
23681
3600
56221
58234
13588
80997
54616
4640
8104
77622
11196
65705
18349
52104
13220
43893
1176
23230
46175
56954
38726
38763
8785
22651
88662
76669
48690
70420
70850
4016
87872
86302
72588
46997
24616
94045
39781
32187
77003
13743
1614
4712
54565
61884
96320
29472
79958
24015
54191
49632
45013
22870
43438
28254
82778
15829
54456
83206
85721
78460
61534
86916
58185
35659
65177
68187
57013
78985
79122
58034
98131
68665
94193
33047
15386
17564
75560
53533
79381
18288
44193
78037
73131
25198
59731
76857
84522
82288
77172
13746
95605
82898
49220
23953
10271
15527
9542
77570
75771
44493
8165
77224
82522
67946
1599
28653
9842
7268
88837
29612
63346
99940
55985
17691
90095
76609
61883
79560
78938
6741
93715
64391
51375
45603
13281
31865
19556
28438
33529
52452
56318
50798
32219
24275
62516
82903
60546
69582
80992
71373
13448
75193
47595
35162
33595
78393
67438
10454
50069
13946
90495
8652
47090
2932
42505
34609
98323
11826
54532
51307
32956
55146
63409
50322
54604
79465
13267
92590
60851
5769
39597
64731
96757
34111
27570
66323
70833
24917
97796
11998
6654
68958
29414
28587
51597
79097
2524
26381
9108
75952
51684
69972
59550
73391
17896
8400
33387
68395
7108
59252
70253
98177
61472
27878
69658
12912
39666
54118
99656
24374
72938
35941
7241
23135
75933
67782
99246
62025
75649
71496
69509
22064
62557
31162
87726
1397
54074
16642
9356
79785
2233
28001
79849
55463
52376
375
78394
18605
6836
52566
97222
33311
976
7440
10691
16935
12942
37157
15526
77058
2830
9400
38822
39498
81665
14234
15818
48853
10970
6224
44881
71514
88211
75277
81241
84837
15972
74656
62750
50242
5350
41001
58930
34492
52640
59206
93679
25117
26685
79469
82921
49020
87759
94888
60442
85399
28543
83744
78974
58249
55
30195
37928
52917
77978
50742
51582
95393
79287
95778
20998
82238
56322
11659
51882
12282
65315
92639
62719
27907
33034
10057
23335
48572
71524
22699
25471
67212
24204
74216
12577
71641
62929
5844
35859
58729
5263
22972
84469
84841
33576
87602
68139
85896
77600
60177
48377
55327
5952
67923
59746
96591
26225
5013
69245
50662
86253
92414
34584
80942
1778
28816
94548
75829
18145
20976
94220
35543
89696
25806
85929
87490
53115
93127
23061
90210
77381
73111
61944
5960
27583
64855
11411
75244
93830
27620
69933
81176
51126
86526
79626
64937
9302
89238
13766
32887
78285
79563
64225
27594
35824
73621
82859
15750
28790
32589
57535
4076
78079
12261
31001
17091
41714
27932
37063
39124
25977
92136
71694
69903
39918
96074
25257
20109
18106
2127
7257
96766
46305
23826
79683
25880
67948
53476
11435
27449
47278
91968
41598
80279
88769
57885
29480
61675
29516
57958
64324
66532
72050
8732
1660
23537
54665
67118
63408
81677
5018
1543
69950
51301
75922
82167
95635
79434
24912
95317
51224
977
34380
2967
35312
6209
58002
4061
93719
12072
66066
58539
72026
12620
41337
63492
53010
7691
78936
62162
76606
26734
71268
59493
49824
1973
37857
80735
20639
47096
5332
11592
35762
2983
30627
20537
44663
54827
55652
14731
20140
59711
63289
81941
84481
49992
90590
41158
6833
65756
27656
66345
45331
84406
61080
70766
71922
42895
94224
86313
40290
19028
17343
43650
41148
54023
97040
38176
64081
55670
84169
44792
32537
36828
93559
45297
56378
79934
18493
37521
14019
7100
2214
69742
19702
5155
81693
59736
88491
53712
43107
20272
96196
25561
20838
84909
59450
36064
33165
55394
74848
70944
68097
28447
49214
99220
16081
91590
96110
4868
35523
49283
38704
41922
39490
78954
44439
23732
3684
56379
72848
8382
27085
99086
70925
94999
76877
80361
28903
25954
31779
73431
67935
19466
5128
11577
76339
77743
97477
44154
25668
14653
53758
37633
66402
1698
4212
36495
94244
34942
35819
77056
45748
99017
8442
77137
61940
2563
88820
4742
82883
36170
93294
91050
47185
51554
38245
98297
63690
69265
13736
84940
56024
44591
71905
7209
26052
27140
32290
81974
97663
15546
1439
72572
16806
47121
18161
66952
15870
36671
59683
94678
15744
8583
2782
61234
15290
26870
88140
61662
3179
34155
43099
31052
5061
18822
85710
96688
95469
72854
85266
57627
3540
92879
51097
7541
78443
72708
56101
77963
67518
2968
87946
62505
93246
24428
68349
28078
97911
20344
18531
80769
93631
99796
51739
24654
4587
40757
86508
88863
94713
76850
37493
47593
22845
25649
14933
79904
75886
45589
54902
10317
74552
51238
86981
791
83863
17712
95150
82047
58067
20703
33699
84025
5777
21810
59791
56912
32808
54134
45676
35408
46791
51487
39111
48402
36682
8524
73614
86671
51863
48010
59045
24481
37597
95805
46584
22957
57106
41400
94451
88665
73873
60763
16143
99056
42602
44280
71179
55389
82622
52653
29483
65451
85599
91333
69772
64199
50019
74434
45471
35484
80670
43868
99552
26632
42881
21742
33655
38309
1735
33802
33440
2054
97077
30115
38258
18828
29769
4256
81063
54342
45045
33395
46660
65411
59548
15005
30538
49936
62033
98888
75045
68982
29007
20189
7773
19640
98698
45541
72626
42911
85524
92962
86214
46270
70275
50289
62157
14927
67181
29666
9969
49784
4563
59500
12250
11041
89764
66153
38421
44671
98448
82951
73938
56259
29008
71746
95061
82429
49725
7720
16958
63944
89850
33288
88968
43968
31475
87712
23673
81656
1502
24864
43785
28994
82911
93988
17409
45889
79406
73327
27078
25160
4233
85143
16146
69151
70320
91074
13997
58909
89003
55555
65062
72824
43553
16362
76770
45930
75214
29247
61795
24534
47545
12521
1810
67547
53578
6088
2196
25113
14150
26348
31270
38785
41873
28742
408
64598
85967
44241
70654
84891
71591
25239
43589
60333
53263
54798
8936
8420
76329
26866
58003
98637
83608
88553
56
34929
82879
6655
32789
88393
12541
6279
36132
4740
41982
46625
4401
55782
70759
43385
97622
41076
86583
22583
22545
4289
60281
33292
67842
83560
89532
50905
38198
11158
9254
45412
7031
55324
11353
55416
37488
17089
20292
16055
82811
63000
53039
13018
48401
67241
15608
33860
83692
25375
6246
27809
28646
78531
73740
65304
158
88755
23843
65173
2489
40689
47263
70363
43929
14884
17461
49702
51938
6713
48646
63602
90136
20734
25506
93765
83411
92129
92313
21745
69443
8550
85033
77197
84860
81835
84926
25232
7555
49272
83940
42787
60275
38354
63086
48292
72745
66164
7102
78627
15956
87865
79754
1381
74118
11831
11720
2502
11365
18979
65113
36877
67407
16796
55984
68030
23694
7915
79032
4394
51535
72211
53728
68944
69147
78498
29879
88094
97548
86287
45854
9714
94703
28877
62747
45552
48842
54598
64697
29005
49409
86934
76409
57185
2904
18200
50493
29469
1869
98428
11074
35202
23046
43622
92007
34736
87494
61479
80283
54730
53909
99008
66621
61417
18985
64926
45591
37352
64784
29903
4371
73212
73632
732
72469
1083
97930
63570
59935
47447
54883
54275
87282
24018
22339
66890
62576
12118
42300
4326
37778
54239
23462
47599
95714
6522
61397
12085
69944
54072
35383
38720
66234
62196
73204
53447
40837
59830
10719
15194
46929
94710
81030
6489
95253
623
40248
15828
43026
36818
18383
84685
37148
34901
15695
22114
92459
4918
11769
68633
95097
50589
15157
79917
69735
31723
59465
33599
16237
12086
28466
4169
30660
63012
93044
34646
38706
75534
99933
7724
24183
44650
59641
71503
19474
95736
4748
38487
52884
57126
53882
40305
48214
18903
78244
77066
2319
38628
46713
75122
82881
15986
32204
63466
47899
82061
41170
54261
67534
83749
20215
13202
12805
89722
59375
90809
81866
78109
56683
55713
38733
65755
9470
88839
99646
9533
25953
15588
84825
7830
98060
38167
57261
88139
80182
87690
51917
18976
86299
15191
98057
92228
52443
40928
1566
98087
35847
55116
63371
48108
5002
22288
2314
83354
54752
61705
46949
51374
91781
22626
89273
16711
32656
24748
15856
30190
38735
8829
67340
69361
49770
22533
28061
49693
36206
23120
23217
18554
54709
96872
44522
83271
93263
99624
36900
93994
32523
1621
41919
31252
25628
50710
99423
18620
26195
42122
81114
50471
35995
31245
50361
52953
32348
42629
75947
69205
98369
97541
45980
14830
65095
1544
37166
1114
76532
39625
56902
87045
70699
20146
37088
39136
90800
80375
72757
44272
80125
19529
52011
5681
96961
3161
60557
27614
6572
92569
91462
58996
56601
90794
83358
70236
30742
72998
16005
7252
58997
32927
36289
30736
67833
42062
78684
61673
1326
86469
22275
77176
34718
99063
67951
46153
54163
28413
34962
57935
51962
93387
91201
52987
80147
62135
36562
72433
33651
39577
93916
24161
48163
67709
2361
52451
97034
51546
38612
14359
7983
36678
68817
73224
221
73786
67306
27839
48719
68540
27646
24888
46972
84177
58478
83867
98598
77062
71777
9386
10698
38857
7605
12240
92314
25122
66231
8520
25985
32117
27650
71390
95780
96472
75479
59410
82615
59514
93846
5713
88607
28259
87674
56621
91550
68517
62820
30071
32941
53590
86307
49230
26359
54639
62342
81626
50288
61612
20990
29967
56608
58970
32104
17509
86428
92164
57000
42301
75272
69326
8948
33998
43965
69895
55989
91358
87036
26440
6080
54089
71892
7881
25916
29806
67065
38325
66740
2078
13942
79519
78250
83087
35675
69412
81876
13643
14261
57545
31141
59106
33955
87983
68343
5472
93886
31476
55092
24880
74352
89529
86968
40613
94540
75641
71557
25024
74894
70329
80506
10231
14396
82885
86433
44760
78631
50158
58817
20741
85750
72855
65613
15082
68084
75921
13026
12268
97470
3223
40244
96784
36302
62736
69611
77640
75482
21015
10359
75385
52519
19386
65645
21563
25936
64030
44621
37930
43295
44947
17586
78629
63224
5623
96015
79583
17482
66957
40958
95287
18783
91562
30903
97719
6267
95630
1745
62839
78256
89285
509
14101
54301
68402
34697
30286
81273
33598
9618
46860
5041
69348
6280
89841
56507
48306
87009
21989
92626
4904
19960
60077
16709
46778
77454
35326
12510
92485
97213
26908
31069
66098
56078
50263
93550
71798
18877
25615
69273
12472
43879
35335
79964
78382
11648
36218
57850
64121
94777
6341
41096
80906
82020
53372
73334
36589
39559
20784
8517
20650
17923
53070
29974
91322
11736
25101
63568
82196
93772
3906
13751
91023
16769
28547
18777
41296
12923
76947
2827
67280
90021
85485
56905
61998
13232
95416
30611
91345
43435
35527
18312
11523
50249
87544
3435
36208
57431
24980
35440
91802
50718
86333
54098
13170
83758
87084
13316
19850
34410
79251
87047
51486
67004
5661
85355
4131
43647
55841
15894
78987
81709
9877
42656
87318
39497
99069
6736
62692
93432
31493
33825
10119
40187
35864
212
74710
59946
97611
17203
76642
32744
71649
16110
30596
1956
29523
3801
62452
99038
15528
41295
26968
83357
20265
79949
6339
1792
19913
75798
91200
41389
89357
41226
66716
63728
11779
69667
36014
57379
98044
78697
18525
88084
71927
59186
50568
92046
8649
11638
79999
66351
5080
80548
45626
1933
58644
34305
89586
89755
59835
94990
93906
97401
50521
74060
29551
75397
91902
74497
98537
1006
27535
40167
22932
32315
69312
67270
28005
88615
2157
54436
41035
14171
76061
14930
12692
7125
81609
83181
40036
14439
2392
86887
91126
71478
29358
24403
41486
792
8464
50498
94452
48821
38686
47605
88154
74407
14741
97916
95414
22086
96584
86773
94799
94098
41881
19314
51393
52415
82327
49289
86400
58633
57352
56011
44049
85872
66579
73277
6969
41212
84307
39622
40660
51429
42200
75015
44003
4957
23131
75772
34286
27630
36939
55466
75102
9255
52171
73943
92900
37789
62193
17649
49296
51032
77704
76884
63021
84971
76726
15886
49500
99530
56539
32550
54717
52204
26530
40697
60752
87394
90113
86039
23002
44358
30646
67056
68709
91490
65703
8369
64097
5451
68225
13423
5434
56644
15867
43278
52215
39601
60662
99093
97729
39477
77105
36172
19805
93930
12919
30783
92539
78415
72348
40820
25605
25237
82595
71003
84709
10400
7051
76957
79242
88256
85612
7814
99587
39305
32669
57216
69819
80227
61763
3818
64663
87252
43454
69194
48687
11354
74537
85673
44925
60972
60951
99234
77617
48080
91857
80842
14785
499
51808
70347
73815
3252
95422
81213
42972
36573
3690
91790
17450
71990
82282
86466
90911
