100000 282 709
78903
34495
68738
85257
47467
59501
3871
35056
29433
97284
66292
26681
44441
91205
50826
94712
66043
30629
31414
25359
81259
54947
87962
95800
24147
51274
49600
49182
49860
64668
35637
38370
95700
90506
3446
98073
3586
45339
81024
51
18284
58560
58088
22657
93405
6272
83974
19778
24859
30016
13382
8937
33040
75823
6094
50348
50833
28146
17239
52301
66656
43608
67677
90414
68648
51478
5760
53961
37868
42081
22375
49252
21738
16824
60102
73497
62046
497
27905
80906
59483
89575
47469
62224
85259
21269
82546
48236
32733
34291
44178
83884
72634
61173
91852
41984
95463
46446
22444
1499
6560
48053
27731
85089
72317
19631
19339
72234
90823
27412
42934
98352
94062
61617
96340
45712
50678
12696
8005
89905
73399
97372
40915
5467
90766
8069
44844
58060
92100
87478
57824
28093
22940
83156
41340
64729
97110
46316
47097
60125
4246
44855
44951
58033
66017
68119
28809
31675
78133
48875
66956
21325
39343
44790
9643
24772
88097
6777
46770
7573
27505
75454
70951
89773
43036
29392
51535
37376
37405
73066
3738
99679
64086
48939
96497
38639
56835
76052
23663
43513
5809
60910
52085
83504
45895
38345
1250
94986
94874
87604
29501
26675
98229
28293
36267
25893
14575
42269
5974
68544
66607
40453
42751
42775
13562
11198
84076
46337
94002
51703
52201
56751
84058
12601
53465
64369
3485
33703
74270
5868
37386
35747
37954
10573
78101
67401
76600
36938
2716
11578
65981
70604
5371
92117
58444
19554
88766
16912
98355
43101
70102
61650
96355
8795
77561
68334
83589
80128
53939
72962
34428
95147
64373
19012
88165
25311
40391
79147
76463
80222
18608
31936
66770
98881
30040
97716
12902
95122
16696
66426
95822
83605
42217
77703
81510
34587
89903
81314
92556
98488
16639
94607
