100000 298 669
40884
19358
83037
95365
64046
8020
52182
65265
33767
52604
41730
82719
12073
44956
259
95830
25519
12999
49942
47896
1644
32323
63351
86422
22426
15045
68377
85147
48669
32285
50084
49657
49376
77389
46193
3715
97991
3729
1474
48530
37382
16909
42385
63688
33049
80263
7731
72337
21771
13806
63899
27870
64440
59607
98269
31410
47691
25633
14907
52967
71043
50500
9579
81304
53135
93551
22878
53222
92467
8959
20836
29749
1333
15039
31382
70141
74795
96933
35544
62983
64150
53882
27019
73050
52959
13350
78971
51991
16043
20446
98421
96970
12548
80005
75796
63748
84155
83109
8975
96665
11433
12953
70132
7738
14295
65155
1723
58687
57356
73793
50946
93789
54829
40520
44840
66879
31430
74630
49949
63742
30935
66503
69164
61017
19496
5548
86100
86483
80168
81862
45434
63147
63384
64031
41169
73551
47007
54696
98201
71653
72336
92082
64164
80849
88773
86075
55855
39212
41195
68644
18920
10902
28263
62613
91722
57524
6446
62473
8799
19648
99467
3973
19927
69078
33798
23757
35195
61937
71883
69796
71503
14185
71688
81522
72404
80720
6251
74586
91184
149
23981
18288
70444
56304
89923
8822
63383
48655
92074
13441
29529
84139
23620
79871
97036
37349
11724
82431
25152
42251
83003
67266
73331
2034
63153
90195
1110
42749
58249
33467
87760
7063
64313
84067
89320
35758
82749
43444
98516
23217
66678
73981
59897
48672
98073
24240
26942
74719
60516
85912
52705
98813
66509
39163
42540
30053
62342
28268
92497
13364
34767
60280
5031
14839
1061
40328
43744
26891
72853
97659
28967
19256
41328
36875
18391
3793
60646
84080
82634
57399
82703
23770
10028
50725
71380
19935
32287
11403
51451
35530
91342
42317
6007
54589
95182
59308
58133
37823
78229
82441
65343
17705
70463
42362
28654
45360
33562
62848
7915
16845
75639
74846
28999
28761
56365
61140
30604
86140
