100000 4651 43
36273
46585
69281
25804
79032
13932
83400
65813
7166
11579
32952
43908
76160
99469
42212
89037
42387
53570
96698
83826
49218
65207
59089
11733
12165
59076
26536
64862
69491
48771
10690
45523
44832
99474
49640
21170
96227
94125
29547
87420
65910
45399
89790
70413
62867
74889
59936
53559
97859
2143
69545
48452
92166
79034
36950
81744
17154
44003
73585
33337
13886
1113
93431
13451
38864
90846
38841
91760
83798
73821
84643
8591
609
1134
61362
81592
5994
71971
8976
29655
47524
52221
87308
35253
41826
38844
94445
55763
77773
40942
86013
30398
48268
17397
15404
51729
94208
65359
86772
26779
26115
16970
1620
22378
21912
41964
97800
11103
74125
9873
2771
28207
93653
71739
15779
45346
39086
31669
75385
24857
75698
93181
77444
58206
23735
53955
66412
15964
4945
50706
885
54257
64583
9100
77852
76575
35030
62848
13525
40827
19895
72670
10240
12675
43808
96201
66204
88762
14448
51166
99300
71253
37548
38299
88341
49978
72131
80212
79706
4910
98216
15445
47858
52029
30090
11479
32652
25169
59349
19939
41353
77957
68794
55411
99780
49477
63355
95286
54958
18278
11301
51187
75068
58270
48441
77613
4372
51180
41917
55410
18364
30575
36936
6900
83775
66911
69595
76617
69528
19253
48423
2568
27616
2797
14599
34014
80526
60325
40880
44555
16726
96443
28328
85694
24305
84708
90935
13204
40785
96417
65676
54161
83933
15288
60399
19150
62821
92088
16864
75080
73212
87386
60366
97813
18296
37252
71454
8974
90886
26511
16478
52214
21213
45815
31060
84990
64523
53683
59363
2523
42805
32038
9262
90829
97344
65709
12773
41087
74491
52698
57333
83643
91446
55408
28630
97638
86179
84031
32592
72917
84327
95147
22951
90971
43355
32403
82565
18286
2052
5920
99557
80577
52038
34433
52593
92734
2087
73797
9480
34561
59315
49623
37129
84769
51538
55709
83175
98624
49020
86552
85690
51963
62441
37363
89884
84964
37055
32304
43282
92593
84728
67498
23964
99685
88903
74041
52076
72192
39655
94732
91479
92594
53101
66214
27416
61687
75949
72030
44260
28728
59542
34870
70934
5268
8451
60615
1767
62433
31548
89992
37941
64352
62046
52154
36822
1065
75053
34678
47382
47250
51787
17424
27678
9689
4817
65686
99167
47065
97235
33247
59828
1560
40354
79342
92381
48885
59965
72101
99478
16590
9146
3932
28928
18901
37398
26712
18535
27899
20826
73639
62034
27759
18154
43729
40150
52231
52515
9205
59698
70675
71745
67237
29857
89341
10973
98686
79438
60266
53776
47665
78881
17888
53342
78052
92597
84524
56692
54528
13437
30953
54996
95826
53954
41993
25727
42507
16644
2968
10387
8574
85564
88964
89812
59507
68158
41687
40734
94767
32512
59402
28077
52642
90686
93747
61063
93403
52641
47285
23477
42284
40444
28298
70718
22369
73188
50833
7415
8624
41543
51985
93450
76322
92211
86457
3783
30438
59258
99741
40308
49793
38691
65344
62911
47856
21956
70583
14680
59934
44682
53995
44481
55625
67755
41079
31046
44111
13782
26920
97380
40990
41818
11609
35200
71975
79674
37372
75521
19490
8011
92989
84085
61596
29587
12248
96319
92995
75500
77372
54893
59395
26931
57095
68976
29032
33957
31528
75062
88617
24449
34190
68217
767
37206
35514
64899
31747
19508
94366
5815
32962
74481
65186
62774
88532
66524
1521
56995
70832
20903
83170
59183
43174
28014
87702
31756
25911
64343
59601
456
81763
15397
16202
42140
55870
64525
91331
35466
24187
43442
10257
5689
3705
12073
26283
69436
73504
98099
25772
42558
55774
20089
28247
57784
40172
96488
7910
69215
77884
98974
36647
19911
68529
99940
73409
65163
53947
36365
85682
77940
78601
26229
3213
90785
82698
28369
47707
28640
37534
95521
13267
64209
84535
85750
56874
38114
91883
36072
95258
62981
32756
69251
50745
8294
24486
70331
83658
2391
51301
91966
39999
1899
47811
99855
10559
56438
14552
63451
79292
28234
9415
8327
55645
29720
43848
40243
65995
86022
64570
5984
85011
58932
20057
90491
37738
31498
66115
45859
99645
21200
21888
76618
74551
90022
32241
52518
82023
53142
55591
9239
36916
57742
79196
17366
37601
39310
63258
27991
87105
46156
47768
31058
76883
11611
84165
20526
47970
6914
9953
43211
73318
12313
96399
99577
50670
36781
15335
62372
62447
12410
84512
19848
10845
3421
25490
35045
18520
44412
62982
31404
51324
51495
89109
71614
56224
4031
34999
34314
58731
45553
30567
19109
57234
98759
81409
20487
21182
81290
60298
16037
13941
73020
55624
62958
44775
49942
66612
2841
16054
19335
6859
40320
87685
71998
15483
3104
79654
92865
66304
64572
82402
25799
67357
35199
32873
82729
8619
14333
39037
84276
18171
61868
27500
57656
44661
62197
35575
38721
85548
36079
41667
95808
10371
24950
4611
32412
90525
55520
75151
91499
58411
20302
48810
30186
95217
15899
80320
64161
64891
74152
99209
97228
48002
74064
49935
37181
80547
3744
32888
78747
65978
38124
10423
53743
62353
4613
49213
58426
62563
6592
3672
47114
2
12237
25558
53839
4410
88380
94171
47994
36715
88445
87558
43708
95160
45041
21828
9534
94756
84557
38894
78745
28959
68931
14963
50126
66414
82172
36683
24078
70585
52749
69509
13801
49250
31761
45506
51309
1235
7956
73983
13368
75618
19080
28196
83867
54218
32272
61471
52413
10774
89926
34764
614
53221
9738
99625
18851
71348
54840
32141
19541
57290
50738
87610
4923
46483
77126
76932
15912
11314
43965
14944
36373
87686
19912
70943
77363
98547
97465
51367
86986
70203
90956
54987
62245
92584
91685
79130
13766
18710
77533
90297
6847
10209
53915
49530
72720
33157
7951
48887
22231
73657
90520
44029
65562
46797
11139
84249
31974
1112
81061
46976
23598
97755
71210
82046
28449
57591
46706
91724
56650
97930
90034
96764
67120
14929
54238
24848
82059
38582
77577
64798
75886
89154
6536
44198
1655
80661
87149
47018
29632
46344
575
5698
13059
39739
672
94593
28899
93884
4788
61075
25705
90356
47697
50699
26034
3099
19066
84099
1751
82657
11141
97712
62136
41327
32715
66487
57321
85373
32580
34574
13793
26771
88373
16249
40505
43549
80417
22256
99887
57840
93177
71051
49122
66815
85352
66588
65599
10196
92426
47087
63462
44620
79344
17175
43299
39352
35484
79986
47035
18483
96578
48765
88137
74418
18912
78421
11841
28181
7982
57100
99920
39475
87545
3396
53736
88694
64417
45173
72265
93055
10721
6599
38185
47822
17922
97759
55018
33347
27880
9706
57013
20580
75253
42213
76591
76975
75430
83237
82758
95757
13441
71715
49137
82613
65100
88298
18748
62528
53208
63518
71367
57170
82903
77502
80301
10510
42826
59224
51335
51920
17396
12341
45235
15392
52353
86696
94682
28722
6088
43498
80333
34065
16186
93950
42559
52322
9661
17839
84528
98114
90461
34216
97888
43753
85086
21234
89220
12624
11098
88324
48611
11990
30775
39916
21528
38408
48122
35678
82220
66233
19567
24719
67201
60120
52400
88295
87161
99610
18676
72342
66501
20131
82044
83740
26569
19623
95684
38586
28615
77458
92254
18257
50868
65758
41331
57746
44001
26379
30977
47303
38831
70118
26451
98311
54736
23251
93888
12780
73398
62200
9611
24105
83279
80886
99924
277
68528
88631
80466
23077
76276
96585
33731
78310
30608
19788
51793
78017
41082
9786
3574
71659
63819
82062
64004
20257
38115
13773
69178
6844
29745
43820
67053
34831
40940
99
98600
39861
88044
31971
27579
72776
31588
21109
97727
33826
64618
45662
20135
79068
7264
53330
18561
27313
16475
63749
549
63187
36452
32459
93218
22936
88348
13540
26701
23341
17343
9306
30129
85165
79678
87461
85114
59583
45302
39830
16102
16545
84142
24033
30635
31534
26001
14232
54573
4806
60967
79620
75294
89555
21551
73605
13176
86305
93116
95657
33254
64177
80481
87309
77460
68848
60431
24402
11223
44473
66259
70733
21413
23515
23105
5944
35454
50673
85314
51361
79077
99798
8000
49877
49479
11057
34445
79143
90332
34193
28443
35177
19160
2951
24770
95679
74976
23528
38934
36291
60067
95505
44488
79044
36106
99909
92274
22870
52196
60336
23857
26100
68942
39004
94989
20184
5377
70633
78423
39112
72766
34845
63350
78073
73419
53684
78091
89179
7750
82727
45672
62302
80465
51627
21021
69725
41746
38830
31599
8135
63682
23144
48478
98289
6145
95659
88191
35844
9590
75467
744
83456
13585
56446
11591
99981
57841
66450
91104
21291
562
32504
89430
67492
39176
55409
42159
48194
92847
41303
72851
40997
28552
95188
27480
36089
57196
18690
94277
23694
11886
22306
3682
16067
51998
32726
19821
8072
70304
40347
93350
88854
49129
28087
51444
78618
49771
57514
23667
18511
88208
64981
1128
35461
62133
62127
73522
17735
38644
10040
96163
8943
79321
83577
82763
78979
87103
95695
64556
88671
76292
65649
81275
91980
38483
89264
92667
34876
50304
74176
2666
15382
16983
3309
43357
74741
94157
71579
57627
37780
80528
34778
72236
11885
29313
55385
71848
16600
42032
82072
93257
11112
93970
78191
74098
70426
56057
10949
84472
20237
33404
72401
67510
74999
58494
1961
77662
77258
30487
13575
31674
9619
16274
38312
49329
73443
56120
14110
67019
31335
83426
95764
49055
69374
49613
8581
67681
24244
16650
12102
65893
8388
12969
42305
42737
57831
84867
23000
40669
32928
25162
47490
95317
78035
73190
55424
57939
18184
68607
75437
74751
60935
8268
87739
11432
21408
17276
31261
28468
85510
57649
43973
27985
27847
80559
72152
16445
59758
89497
12004
22541
72353
44726
85401
15116
77948
65799
88459
22523
29502
4705
58158
29968
95801
82164
56700
43748
94462
32915
87387
56454
85175
60357
98528
21996
21866
89015
55471
77374
70100
45928
25098
4475
50568
34683
14630
61556
52000
62589
88014
83617
18470
80908
81615
33446
3509
27445
97699
12021
63461
61817
43048
16111
47506
36756
32868
71789
14060
98629
11346
11227
40801
90584
72298
84140
96484
90148
51341
68747
50397
36515
18072
35893
23633
42037
18491
16262
44304
77561
8090
68237
85879
26132
11035
18601
7444
34885
20220
33574
43203
40467
70574
47779
7628
97632
44458
26819
47796
67381
71605
76339
64805
14736
15788
29326
82183
33074
72394
66226
44956
15498
34947
40086
57953
41172
2158
76855
90706
11095
88840
89069
18391
8123
82643
82344
92353
17458
66517
71356
12568
6583
93433
24018
65660
45766
57836
12928
71490
54207
55323
92460
88991
59011
22
12161
25084
15112
60998
7591
20170
19224
41545
42291
4162
44998
22698
43069
66990
36631
59536
69154
40520
33884
59205
728
60190
85228
85378
28823
53874
80829
90941
58191
83455
84470
96197
89034
65434
21298
65723
53011
2182
45955
25979
38314
29887
59117
35516
31527
5026
97543
28235
13706
7320
92407
56680
60202
38057
31908
20137
18508
9422
56089
83979
67173
94568
13021
16625
59598
8112
54879
82853
53541
51231
71809
90310
61919
51851
57597
1839
26874
93760
31664
57491
28260
81560
94603
50363
41645
66807
74759
82872
67900
19334
52883
97301
82607
72915
72463
42904
47806
89051
42251
67105
97641
51136
72227
19968
43010
34780
7599
47928
35490
61038
10641
47374
18012
67022
5565
13041
56790
63529
36113
76036
66826
59153
73074
96733
90385
33786
54036
87662
75727
36801
89914
59002
1209
63526
52317
36473
49800
51454
77857
19486
20813
9998
25787
61654
62074
6246
84750
40429
67177
27242
94288
76191
42318
6647
73642
90920
46486
71560
1111
4189
21513
41707
74167
30188
86357
7577
86008
8435
87543
62532
56264
6449
97305
53893
50108
22718
87855
13819
54768
79608
97271
98041
68866
79264
35611
91590
7482
41057
62633
79307
63561
707
37292
45644
69041
21883
88337
84961
11867
8083
61771
18804
28246
51990
49691
30509
63678
81645
13534
16684
87441
56958
58817
97847
29642
99618
56036
31487
59156
56890
99885
86508
26728
55117
1268
97395
62080
8993
97705
77720
76922
72111
8807
44024
36909
68205
69527
23042
79980
44842
82424
97106
95897
27802
79403
16395
86873
30182
35734
96230
45439
65916
76725
88277
7365
6665
99578
98751
15930
17461
4030
68447
11914
74147
54653
35234
4258
46101
70850
54648
22137
22442
88414
82890
696
72293
60536
17124
93154
89365
62703
17982
22627
59566
52059
118
11595
65389
69677
99065
37373
61991
96309
1157
22675
13160
6394
41605
53747
98400
59550
31701
29849
9267
16936
6339
49964
59631
35460
88591
81419
82958
34961
38693
84121
73915
31590
94762
69851
21887
9339
64629
2734
52526
56076
99784
21628
38539
10827
69481
22656
12854
66107
66071
48144
42605
98707
60670
12187
29357
90894
4978
61427
44404
72886
42616
38338
94130
8809
68484
32424
22321
49176
12739
78885
78340
40850
46826
84126
23291
73294
21132
20288
73368
20772
70162
66974
29510
32573
23294
75459
56203
15946
63265
59816
16837
33486
95280
59053
67509
2454
56202
76068
50774
87744
73650
52128
12736
42900
11132
31840
14415
90116
28842
72936
96747
76095
85577
50404
39462
77030
79849
46054
80678
15903
35720
16151
26622
10589
28211
6056
53444
71277
46662
90851
98098
53858
5873
96820
97956
43106
21154
11116
67505
27044
40778
46544
55253
47410
34323
39236
67707
28620
50743
48341
56950
86315
21430
61943
58179
58152
5078
16335
62670
51934
44017
18253
85946
71267
40213
91155
82204
95749
60577
43289
74853
28121
89192
77204
77120
89680
11592
43511
42819
68241
26466
91397
47130
3794
69783
99544
87993
36305
5032
85242
11300
21186
10028
88304
97597
98340
3659
24501
18053
75560
52590
13248
29148
58295
95428
67765
45803
87009
60106
52768
5921
89946
10951
75630
4419
97095
93062
45354
93
16547
14244
37887
96290
78328
77137
66602
63349
75650
54849
20434
61006
72146
48364
39984
54038
5610
20110
36714
22771
38480
14875
60108
73121
60992
6921
21943
68017
5844
66865
38999
5178
69905
55341
81788
54547
30876
22745
16749
93254
33116
22038
58587
47403
79753
44994
29759
92835
53925
85111
69294
39375
6877
54926
205
18340
36267
91578
7685
68335
96871
80962
59763
51929
16526
83910
7803
27794
84107
23998
47871
60625
5391
77119
96772
84103
9810
16562
68740
91888
27402
71387
12332
22727
8558
62621
81662
15785
23292
7475
19997
62552
9033
44858
50703
19916
57644
14730
46074
50091
72319
29965
97571
5375
62559
9794
4068
52313
3357
28683
66905
49146
24842
61757
72769
41312
46777
48283
24773
6216
43516
27027
67586
64949
48193
32784
39366
34836
48165
51416
68614
42569
19213
63267
41430
68656
14859
21797
69037
85592
4640
8302
38629
65464
15686
25199
18996
13740
72842
62824
33779
90360
39290
29984
71633
43946
92813
62164
75827
33969
34965
71748
10840
95003
62232
10914
88193
53595
19096
41370
19940
44302
59815
99104
29945
58352
83508
6072
55992
30046
62881
81382
2100
12344
54841
79575
67874
97736
9841
81974
98110
59210
36297
18365
8724
77823
49152
21357
9289
25431
48856
11949
30946
23550
73974
48332
15605
51079
25821
86566
48062
41056
78404
9216
20654
46731
14340
25369
5089
61059
85147
49240
63585
55529
46654
32315
30942
3512
28110
58468
99444
17517
69670
35943
12219
38946
96285
2883
29758
11216
77452
43063
54515
63202
69093
19667
44897
58528
31777
1456
88654
43731
80388
82794
23254
91490
68267
88727
82104
53638
16168
4815
68436
98816
42437
20667
47180
3828
54832
38884
63151
44354
43766
70348
57384
3654
41653
42392
45574
32161
40609
20578
94864
60429
2475
93009
55786
96109
83723
82894
39519
8424
60872
24199
49243
58691
27929
54355
83244
86874
39422
84045
89752
27713
54578
97840
14904
47936
59280
10956
99433
62286
81923
60544
33060
1925
87862
12408
36439
70463
77504
95524
82831
12299
57734
38772
3808
66017
42247
7484
36293
3516
57539
95944
20075
74540
64999
83260
76966
69879
55224
5553
11160
29565
80448
90652
38908
27183
54851
85812
84664
95716
11640
1419
43623
77085
68724
91642
69648
49850
44357
26583
42069
35791
67832
35550
95169
17208
11058
31369
76402
56471
84120
84907
93022
86673
98550
98354
8945
28852
15317
36499
42171
83439
54679
90587
62464
73971
14468
15655
95899
36664
54002
92206
39506
91470
2526
46656
83628
6152
94881
86689
84903
95957
64128
98545
95618
28936
5085
21552
47963
11661
95798
70106
96811
56396
40542
51040
20038
12625
279
12377
59061
30797
59875
22022
97850
1103
58667
77803
39726
25998
78105
85589
57086
81784
40639
53939
89026
56102
64373
62257
20436
7539
32314
86642
38570
37930
50557
62235
69618
43555
71134
22740
9091
78472
60353
63836
81865
21060
77658
5419
76739
46846
51670
82948
67943
29274
65256
36900
54117
81766
89143
24338
50971
24780
90440
82464
74825
80219
28084
91645
53147
21224
78942
27466
18362
10715
96405
47041
50953
59040
25602
14712
76069
95443
6811
53849
18463
44852
19795
83420
38131
9595
18011
5798
3127
93289
92308
2957
76716
53298
90742
45149
68699
14487
44635
10950
61832
52070
98574
95954
24774
5933
63083
65724
33171
89729
14457
53417
63460
23158
65058
78180
68437
47209
68191
37536
48183
8337
63290
40423
79819
13105
34556
17530
74655
93379
23054
28153
62162
93772
74809
65385
92763
167
72628
81288
8228
5780
34229
89469
21418
43452
61076
7204
76767
87601
29401
94683
39155
84476
5701
86624
4311
33365
5240
37866
24735
11546
59430
7622
90796
41754
34920
94525
43441
40298
90336
16923
91124
11092
43986
69493
99505
21149
93931
2773
47332
18281
52887
83985
5804
17858
86371
79211
97704
58589
52991
97686
11168
16397
63348
95908
80701
16968
71117
75450
94649
11698
85138
98489
45634
98585
64446
8059
34342
78301
9408
64459
76189
28075
74451
43037
65603
2878
7731
58173
4756
9861
6156
19097
95285
99686
41444
59420
73315
30529
15515
52345
73210
66932
88237
54921
75119
7661
54112
58867
99395
2208
39195
43019
89151
24041
27869
67955
85084
56174
88900
60571
66651
98706
49627
52960
65815
92819
9585
52827
67039
37072
4207
82680
41930
34482
72048
69134
71194
98969
75150
32418
74801
75176
8676
2839
48185
42902
17862
8298
63107
30063
56303
49945
82924
3680
57897
39669
36339
26064
14076
30542
27335
20109
65351
59628
89295
38273
72875
38952
3266
21053
51027
18450
65328
80215
63318
54331
27485
4869
65404
44223
99892
39518
78356
98604
18069
20228
82192
95861
15478
89909
6855
38208
22223
38617
91122
28589
30787
46441
42822
5114
57243
53731
15243
86803
15087
93673
45294
10752
20134
79739
23548
43836
62598
19303
98240
58767
32359
49676
88450
82576
80428
22410
6659
94116
79664
97184
81096
37338
70491
79154
93503
84853
82798
21918
17026
60445
32409
33156
87910
7142
98774
89539
2998
59554
54125
16885
40421
89452
26799
62564
69612
57356
40737
54475
5567
27561
22301
44075
36182
2737
9929
83018
61209
15635
92203
86680
28302
98022
87123
85927
71644
31113
53546
57207
86386
17774
5662
60503
75471
31124
38765
54412
9743
15219
95956
10781
55864
32129
20520
10564
5749
83857
33494
65052
37564
68004
24296
64945
76162
12552
36861
47100
55889
76670
4091
31347
96361
75000
59987
49820
2948
22241
39540
73401
32647
13238
67491
29474
83232
52359
15956
62146
9434
84553
57143
6176
82502
61373
14045
53739
4490
2210
27857
75030
9388
73022
9016
29486
71600
66397
80449
30206
66874
5389
34275
9376
21898
70483
56608
32645
93977
64595
92239
62465
4609
58298
99068
94414
15662
81543
44506
36366
26738
81474
83506
69429
3145
89854
40070
11684
20054
42342
84547
9469
79425
69485
74427
98454
99751
40613
56979
73136
68783
51350
82142
635
93944
51410
31168
94597
49003
70956
50150
80892
71293
24946
32612
84179
89028
30386
48207
84326
5438
37028
50499
71124
44316
27205
82712
43088
57946
15613
28542
4256
75409
50229
45275
26330
64697
22050
17592
39927
35374
71212
46008
51490
54700
93477
24879
39443
40297
24818
77554
88947
76547
88626
94141
83471
12574
28520
79500
62989
526
32000
17278
94274
51411
88567
86586
2224
16198
62548
81455
53791
98027
57899
40176
40414
34283
96881
8731
25035
82669
71904
94750
78628
21647
74681
74702
96386
3067
29990
42969
42897
54714
17416
75870
66142
80210
88052
72431
8308
77921
75478
97835
45799
21686
12274
80157
53177
93981
23371
27437
80207
21452
24995
24258
51862
74984
50632
15640
16046
6757
34269
5349
38442
40013
35652
30962
1946
76458
12586
26917
48855
39952
64772
53498
78059
38656
86720
26541
23229
41230
60290
53566
14201
99293
14846
31665
57263
82157
84169
69755
73584
18706
25516
52039
43837
81514
39722
21038
36525
99492
24546
74758
28582
33002
86816
31151
20348
9605
95082
77636
806
76216
76324
49192
75882
16912
10200
48684
27139
62418
73677
70571
72578
79776
12109
1405
77245
94652
7631
98840
60774
77485
87780
28718
95398
33450
87672
27108
56440
10676
83126
43490
29512
62317
24158
63205
47851
17126
56655
35105
9092
76801
52194
85075
34860
33318
13430
51815
96516
98125
65774
69592
45922
39760
29879
58186
97076
15214
27440
85377
90592
51138
52671
97126
2342
27394
30505
78158
95992
51186
30820
6770
58761
94123
55825
5850
44533
26531
19144
3946
98733
97834
83209
99763
77185
23786
73340
47956
45020
91281
88690
38201
51691
39839
42207
41144
935
31753
83246
19217
48310
56518
50915
5958
68598
1092
25972
10395
97056
47726
60708
2178
95421
72675
75288
35261
59856
19669
85096
12534
35035
14321
25443
28311
92910
40309
30089
23021
9580
53603
96155
98800
8678
26580
10118
38906
63188
35494
69984
42187
97616
67342
65949
86958
94342
32508
77347
83998
65471
64880
32566
51944
14830
99309
54723
43982
35571
92271
33898
18881
104
17008
22327
81723
15736
64155
42911
48952
80976
67718
7543
86887
75321
36312
70396
56225
11853
62609
70548
15636
89717
75757
9952
53571
30185
51785
853
18522
74102
59294
53900
74190
93163
27220
14003
37346
70972
96661
35398
25474
12309
50106
33316
15689
474
95409
19228
11944
28910
40453
65449
21181
64544
88347
10558
78354
41713
34878
58405
96073
80963
14447
1479
52290
68496
76977
51448
35167
1992
2520
91946
79748
23463
21311
64138
43664
75284
11694
38734
36223
51174
86089
29946
89777
78431
43472
29993
17387
83846
95762
26356
54866
25278
53160
48708
27184
50521
45694
92936
82118
92037
32233
10574
34502
96132
86017
24897
5901
57005
23197
44589
72168
22323
14796
481
77695
90817
37764
13732
6022
29985
68844
59681
28216
87748
46950
12297
25178
70805
54667
68768
48401
55301
32697
95767
12978
35613
44045
51303
34623
88837
96907
57970
39174
85700
18644
76038
25213
45151
84729
12055
53223
33090
27933
22272
60680
86707
66999
22274
47568
5518
66110
20318
25426
46757
6282
18815
14375
23778
10750
59174
27493
74361
99267
31020
59241
26670
10858
43602
68808
44632
16194
52299
79092
43918
45246
75420
53825
58263
22846
30888
40792
55993
269
69944
24900
93938
70982
8749
65521
49506
10884
28088
80532
33553
51144
55638
33026
41346
42373
27702
80495
40364
47827
47520
96794
63740
73323
56660
6805
26945
82028
59242
6434
16236
75022
72706
34964
60733
11164
93780
24254
85916
33183
37786
39091
94980
19278
29522
96412
50188
70986
83549
8596
90963
67224
40727
70756
64601
63231
81770
1769
97101
50151
8150
20690
49997
719
9788
70313
98561
39153
84969
95434
21329
85873
42921
4996
76264
23705
75946
32451
3263
9593
41096
71433
4016
19981
27175
83347
15691
58346
41478
98761
69901
6698
49712
31831
11717
30258
54778
76603
79599
52446
53169
83646
92561
137
39116
91341
74453
89138
23527
32701
7141
14644
62042
48996
14107
53292
81431
52663
20485
40708
17206
82887
69541
83165
18420
20077
2090
92139
77429
44967
71137
79095
27647
23874
89246
22992
63363
49879
36654
39393
74332
73066
82006
61106
55240
60612
30830
40395
63234
35959
4867
85949
70166
34012
86923
58504
19256
87794
36400
16904
16486
496
87141
51503
97337
7333
5156
79497
30665
54086
84304
42662
88892
6199
44764
23018
1491
4366
25324
27421
55382
34570
38833
8071
93411
14334
86176
93443
56325
31782
49732
20416
47427
66435
58942
19274
43326
28496
33282
56750
61478
77828
11617
62392
97915
4975
89345
4916
32182
12424
43968
65827
88395
73142
24019
87363
10524
7738
16410
44445
90398
88335
81423
69639
77062
74371
37946
38977
48612
74835
23572
66243
2949
30676
21498
60174
21124
95724
16986
39701
22725
25315
41622
99181
76930
66372
79351
24484
86868
43614
51185
32075
8951
15633
21283
77653
41688
7474
84079
24990
57785
79761
35821
33777
19872
71176
88526
27063
29117
23365
66494
22340
59817
45360
82513
91390
5972
13223
92729
2465
91449
89573
86699
14751
96685
5678
57158
39576
73604
22371
22286
28574
89077
44360
13763
56531
14684
92150
39688
15267
17446
30450
87760
49878
67353
68560
85935
82786
92840
1349
91196
96504
66323
8750
64879
77736
53297
63113
42789
46830
82538
44889
68466
5615
96824
52167
21680
70040
86358
24249
5501
12636
36490
25993
13049
13635
90973
51964
58739
12601
28376
77897
53207
7700
16535
83572
21127
74373
75227
94461
97129
65452
75316
89526
97722
20815
1292
26003
12368
5932
28729
11001
28380
27153
20090
49832
52193
8147
6472
14261
58080
47277
76115
54143
38838
23174
27144
242
93179
27558
14945
54130
96529
3436
88676
90326
6711
95295
21829
17436
67831
32878
45155
3371
13030
62337
48748
39237
56876
32683
69683
78869
97055
94558
43354
95548
94605
4617
99845
21104
49906
77200
65108
75425
71890
52949
72103
76427
409
47864
17777
79354
19128
19455
54922
19545
26493
68625
41316
15318
69427
82974
35882
14765
96176
31732
13624
73861
60797
26827
12281
47757
48071
46721
57792
85001
71764
77517
90495
90699
95360
3109
16273
82455
98271
86504
87592
97975
54504
36891
18338
29188
48543
81153
7726
90994
45330
28810
85261
77595
79566
81038
47940
92780
82694
27644
88862
47441
23967
61385
73283
81584
22778
3341
5210
59235
46754
89515
88515
27281
86852
67806
19589
52653
34888
33170
34564
20145
71517
7431
49589
74710
83249
93396
74054
90607
67155
44901
94153
11408
38857
77722
32841
94099
30881
70594
95062
21580
55829
34801
82483
37967
46200
29905
38630
79192
24416
51170
24497
62799
2448
29186
45831
12562
30360
46198
58286
99144
72433
57951
75446
2545
74014
99652
39966
22661
74326
90255
29939
4970
47603
82262
12145
3164
69799
95541
17302
70179
22944
51808
20937
6221
28065
4154
90965
18469
57168
21516
33836
64885
991
52198
4322
44008
39617
46923
92810
17101
56507
28383
60937
68033
54132
24862
78215
34501
58588
86911
57433
12533
97174
59353
1415
17580
75840
82425
56774
35978
49005
11615
86325
8940
21995
43156
47534
13443
5454
36888
27999
66712
65008
48455
95244
5037
80561
34751
73441
15295
64492
29062
46919
42131
2244
94012
51195
90992
23011
85917
29381
75908
1445
6378
79909
28282
75251
98431
36686
60865
66153
64691
73578
10824
64858
5215
98935
78107
75945
90541
68502
2473
80138
32532
47809
68895
20094
29168
66650
79671
38983
44876
74867
3521
58735
20549
65936
42620
69506
38662
63800
22070
64104
52177
20305
41300
24282
852
91956
60554
90833
16707
22552
69708
459
69434
64645
81454
81009
32113
10350
51313
77540
93661
48533
86416
57040
94594
19055
11486
64818
81149
38913
652
93409
25206
43697
8542
71259
36205
29713
83542
86974
40018
26879
74023
72029
39168
54820
37996
64719
20586
59397
94996
47930
90075
34603
62331
77725
86626
65998
56388
16686
41648
92517
12734
30630
75992
49965
49747
58313
76345
3209
21817
86937
18411
87136
46345
60727
40162
95786
49351
72287
48903
92457
27150
76321
31890
63724
24933
70169
30324
59948
85383
60705
26351
79183
67528
82848
3748
14789
8060
27225
49999
61349
17794
36753
12925
92968
53628
29022
93444
81517
33665
59454
11529
37631
86898
31341
25081
20156
96767
15891
36757
63580
25989
40852
66821
83077
45473
40975
91080
77257
78432
35972
76856
95149
69303
94803
77319
96797
34849
2528
95769
98075
11117
87
1450
14307
60858
46150
50624
76484
89214
1636
38994
45032
55193
20655
36178
76870
55550
75688
72815
8828
53357
83110
37038
95691
60214
62142
57454
79855
30898
25876
52298
76132
61184
54300
32055
53340
58628
34698
85768
13610
46809
23110
18350
69895
37121
29078
1912
9862
44731
69754
5087
42279
12737
82139
56872
92300
60585
37379
17493
22972
59874
91718
52849
62877
68306
22530
51445
19643
42549
85445
82050
12885
93473
52785
62955
22021
28348
91495
12542
19130
70022
81118
43115
28537
67803
37853
64589
27618
47695
10681
76887
27068
58948
19286
46947
63606
91570
62975
19141
86867
4993
94848
83398
75292
20072
36263
82939
27432
35437
29619
59570
32996
29839
82367
42009
56804
22928
16232
83166
1427
62049
80286
43788
13895
27295
29555
73957
53372
42811
78223
54910
21635
25336
52681
12989
96288
74922
10384
48675
30735
21404
50395
85889
72556
23053
94199
46523
49718
97799
95889
83453
124
11303
56406
5677
77013
2813
69320
67737
7183
92806
81424
64500
46472
62861
97647
93967
46814
72836
5161
51270
28679
59638
10192
25391
76229
60875
67406
39659
5991
48534
29744
35324
8551
28832
31979
74015
97059
51380
59270
27462
37525
88768
97650
13286
89754
21938
21931
84322
21504
92112
76545
41913
46519
83809
22365
41669
96792
19779
22453
21937
39449
31817
914
72117
34659
21152
49798
89217
49674
8434
61249
48691
69261
61629
97212
49577
99342
65951
62053
26834
50333
94363
38924
56155
