100000 10526 19
45383
3542
5303
45220
19225
39712
57897
51220
30450
27603
87198
74943
15832
24278
46582
63016
81560
25132
87909
71566
79227
96356
76107
4505
12467
74912
67398
39439
46983
36091
88768
5520
76692
79572
84113
4131
26697
11533
61081
58359
13643
46398
68720
53751
1742
30867
10431
86674
80395
14134
89555
71287
90927
81005
49927
8174
65795
3733
4250
81259
35714
98727
96113
1785
57073
36338
63138
43829
13755
6149
19429
32568
30836
92704
54407
29985
80738
43602
15690
71016
70053
84906
58375
2577
23849
49892
68368
67271
66610
73332
8829
9658
69676
72412
66087
5331
54993
89837
43096
68996
26928
37751
37481
67535
36867
21351
59285
85594
60121
77197
66469
85373
98559
67348
89114
97659
84162
80920
54977
39119
93904
9271
37774
90711
41811
49657
7293
95833
63408
20349
38518
54391
76030
23362
20474
42938
87387
199
18917
82000
37500
92534
78613
82901
25475
40175
78224
28916
73902
39863
65272
3456
77860
12654
30819
52801
32060
17320
28032
27368
14587
30269
79415
55828
66605
36995
51832
75899
58470
39551
43512
37188
89583
42719
23691
50966
74422
97531
83534
42729
14241
33943
367
52362
13411
29574
29147
67810
43230
33326
22679
98517
82822
82011
41449
29351
26523
25153
55426
11896
66612
64138
13045
73502
67619
42976
70264
63476
98484
20687
37438
26499
87896
51742
30364
44646
99179
88137
59775
28010
68498
52217
80330
49433
25034
65991
54636
8625
76705
33646
92597
5123
39114
77687
63389
86138
49474
14357
85171
8511
4815
63591
58890
50680
39431
77511
74684
51812
53070
35945
68665
40566
49538
65716
35845
9267
48689
40550
90515
95998
95744
43948
38304
84869
70067
13475
82347
98349
51294
55527
77861
14306
90835
47137
93263
62195
63341
9124
5710
45705
47905
23531
86333
12446
95042
22375
30037
81072
50793
28051
78881
30185
31654
25900
31964
15525
17005
83449
41336
78144
62965
49374
58623
28705
52346
8433
24318
85662
8851
90277
17563
28122
94737
23469
2866
19891
24728
48099
98759
17782
5412
97528
36569
95138
9328
92013
93148
67054
22392
53861
44875
75450
38498
18417
59945
84550
87637
30304
87940
6896
65611
46255
18883
59695
21565
20192
25123
75464
61703
92640
8106
20681
46377
3652
95606
24111
16593
69070
53597
71693
53160
15864
28607
78200
85999
39407
41829
14549
66769
88808
44243
22418
49087
84774
73762
30324
87212
46091
50376
44252
35882
27681
5345
95057
76611
26652
75602
9175
94620
77935
47376
30294
16739
62423
4058
60942
95412
76243
5844
44026
83737
37510
93824
46709
8443
27966
92849
465
73817
11984
67429
51214
52499
39084
27692
68153
66589
2102
60348
86790
82707
89167
77951
35055
31091
70549
1355
26764
75198
2088
61130
46569
63716
95285
77216
88607
70741
4134
38907
17805
96912
53605
3430
70179
59467
91383
88044
95001
32861
79224
82625
17520
24406
63407
24726
92639
37321
24541
82643
55858
12854
18764
92360
12558
75379
87629
7541
46837
71473
49261
96823
59332
83069
44104
66395
44470
63547
14566
87672
2156
46664
57709
67209
9892
84963
39031
97694
4875
30252
76206
10721
9253
23399
79652
80593
98296
91480
86378
74692
21427
68301
58071
48796
65139
22569
33427
89188
45357
63104
5851
19308
22613
53052
82087
38388
30096
29531
79560
6751
79300
70358
81295
48000
36811
72352
20435
81806
95409
33569
52818
63848
59873
6220
69632
99556
45049
88561
34649
25117
23207
97256
16462
48800
37459
40401
47867
5586
16101
43273
37262
62526
22597
50657
93651
86977
71488
92393
3267
47065
40584
92272
15735
97321
44080
78813
97356
32821
74199
12660
82825
94284
15756
36633
81530
23022
28939
26924
55398
98432
41275
37862
99693
18598
96147
87374
1743
84692
48613
89154
83609
27075
51252
52990
19253
21564
25163
13285
53796
21282
1419
13033
98701
7155
53509
36038
71724
99706
24694
2693
41593
88665
8685
96895
4812
14492
36209
85481
3695
67712
92537
2847
11549
75359
67032
91421
87707
60253
48590
40474
8131
38515
48015
82035
71467
89128
33556
63813
45106
51268
20078
73448
50250
16433
34231
51143
72010
58044
94926
70534
70113
61245
61478
44138
87907
64028
26086
11933
11004
45548
54615
51477
93389
74705
78338
52708
56581
20928
65067
55071
73188
51663
90275
83675
62157
38741
95928
16752
36396
76495
30634
18011
79928
13729
43099
31333
67843
47972
5002
78417
56716
10329
44147
20737
23581
91317
16233
29117
86171
14616
64006
12119
76675
54126
77605
1606
70798
46397
13037
19076
22378
34136
90155
93855
59796
38151
11050
75935
66018
10965
20907
24002
6033
24245
58879
40327
39124
91016
1022
26067
78480
11761
91731
96099
45927
58432
57046
94882
37573
2268
31872
12436
28994
38011
54232
1186
31850
29656
50474
24158
82721
79593
74681
27262
28226
15600
68905
72856
36464
67672
75079
18477
45391
21239
78220
88849
75277
44838
68875
6753
20064
91365
32311
99933
65538
13159
55967
38260
99231
74963
24443
5215
43719
79329
29508
17983
70783
93931
43379
24042
81258
22472
83563
92199
5439
56236
49165
17606
78239
74219
21202
28101
93231
68018
37067
11153
30647
78031
20668
26535
95753
19555
39400
13841
16428
51919
14001
38891
22324
21494
2322
42277
56741
12009
57998
13661
33575
11860
70384
63310
30029
57860
83479
57925
19094
15066
74933
30431
69428
80921
27792
26386
32645
63946
19075
65519
65126
38802
72421
42142
92349
53726
14074
68266
75042
97565
40033
47947
17806
82905
49934
19304
19542
81776
53487
84515
81293
50148
76348
79866
98897
87845
23076
93275
95969
18609
29279
80759
25832
9972
7667
45002
50475
29497
63151
36483
9694
35
90430
26318
45224
38957
16546
63702
32824
20497
38699
29164
74558
55315
32158
76258
98141
34670
57357
23795
85004
84196
50682
72574
22983
19046
36168
71950
27944
25505
59206
20944
82242
4357
23349
36904
22012
96076
84878
14567
29185
19019
12333
16203
24524
30476
99987
26031
90714
49386
17744
11421
38912
48632
38635
53549
47414
38159
95548
11434
72041
60748
25129
37682
49408
17240
86172
70359
76854
23570
26936
33237
67002
88364
88574
12921
96781
36388
95500
74266
26395
3226
6572
79857
74911
92601
99373
1416
47587
36304
82650
33819
3132
83220
85831
30392
84180
88241
49036
82303
64295
82406
29500
27842
62873
5371
80972
38297
63886
31940
39524
26745
34247
51878
32959
31602
56796
81444
418
57201
75822
25051
75140
4205
49486
34287
15964
90492
33381
61275
24052
71626
98142
95255
10409
94409
47218
40591
79648
8797
29429
15394
16676
86217
61090
38813
23843
81982
81901
47441
44500
4572
20881
54477
16024
4011
6465
1645
60837
43485
15000
49033
75148
45209
24175
6388
54377
23308
27416
70899
68910
49638
26932
32135
76192
10380
74105
3899
81914
90302
20225
47779
28691
97191
32243
536
15528
85889
10211
1332
57529
4533
72635
12295
31272
5415
99234
21911
17116
99947
97779
32789
22090
97547
92212
39130
24190
28020
76354
52862
25642
77894
93798
95277
65027
56389
51671
69792
6743
2410
23354
42871
34039
4403
81525
21949
25635
36275
86604
35477
52617
20206
12078
19758
56940
87117
97884
64530
7432
14205
58580
66159
86277
9601
97379
60848
35964
73284
1381
32673
56873
23476
62880
12716
80063
46869
59990
71528
19372
18872
62230
43123
17094
89354
4623
35763
62462
40672
693
84145
70321
81211
70140
75800
36249
30583
22359
58592
25369
5721
20222
68140
35849
12324
9170
36555
99167
47816
20628
84717
21383
2666
83743
7649
30597
11720
19585
29863
12363
19077
62890
98503
87893
24833
605
55941
9397
33328
27596
69445
16887
6783
68446
18398
64220
89643
72162
44368
86294
34577
52489
46338
40240
65875
70346
63362
21497
27474
63439
85649
80095
6619
49545
99032
56669
8521
19039
18320
24193
98357
95394
44255
76575
73579
62437
73786
4716
88409
18667
61680
64019
13259
32822
25957
71853
3924
83425
16670
88335
12157
13071
7607
83580
25094
63170
47850
55013
64088
26562
81095
36224
57029
12260
39919
72862
1547
89872
75137
38981
34024
96443
75961
5262
68061
88441
56586
17178
6415
30513
35788
39887
94492
18083
44998
27943
24568
84403
5611
15077
97668
90531
45270
33447
35948
6158
17261
36830
20317
72143
27268
49908
15387
74742
2457
10738
72716
34601
92685
37939
61322
18788
20376
93343
25647
64864
81186
37791
81445
76144
92657
88203
21543
15757
81655
60094
23496
58984
73364
16096
78264
41797
34428
46653
75336
48509
49019
36145
21910
7811
24233
29367
37207
47633
36772
80617
15586
24415
62154
99430
33053
45249
6802
57949
50547
39927
93382
74393
30467
40728
2043
87916
89262
32681
5035
13017
53986
25987
27222
15300
86906
92856
8283
84155
79019
35767
82234
52952
20816
26121
57214
64453
2313
3046
86212
32575
39190
80347
36316
65587
46807
36724
35527
90217
7005
79613
49274
20809
76103
78400
86893
18034
37437
68206
86746
63409
93606
78820
69836
46402
92747
79016
55917
14756
946
59478
29527
70236
66746
45734
70808
17301
52289
71916
38716
68598
39485
80985
94159
45176
58625
32663
31694
21385
42454
91429
56199
80692
86609
52136
13516
90872
16245
32220
58130
29331
61382
82865
46195
16663
23712
37491
49701
39558
93747
23965
10551
60746
38657
54917
86540
15620
6741
2054
77583
17499
34336
65972
70218
3862
21776
28723
50714
79739
94943
48471
25497
60073
42815
45634
54421
96498
25593
79802
64227
44370
65303
13675
21879
89932
45781
61756
29992
4617
72651
80500
67956
21173
46046
65349
64599
47169
4172
20704
7878
96212
53332
94389
28946
14703
19764
24438
99872
37166
8000
67352
53238
62568
10441
20554
13514
10622
55933
71157
4766
18970
58436
10261
80788
93180
69958
57111
58714
69023
88115
80424
80557
9683
3227
19991
4822
91047
38780
59191
70981
44129
35349
4756
28577
77057
92826
58759
80141
53497
20372
65473
11529
76056
23778
47758
7292
24029
18271
35694
22207
2633
78294
47154
68871
89124
75001
1835
77503
19188
47352
40413
31808
74033
57604
15478
4155
79394
89810
14975
26540
57274
17742
48999
89275
19955
42725
61920
57252
24306
42322
41583
10507
18603
77115
61210
30062
90298
38230
65968
66225
32940
35304
1232
85700
89697
70235
84054
96873
16559
21344
6965
30857
21467
13459
72063
79251
61399
84583
73916
74038
98666
19244
91105
2775
21796
58540
25315
31047
95166
16959
69104
80316
94420
51171
91395
43940
66243
26915
48466
50501
37140
455
4837
71426
72770
56333
84735
85192
97691
12006
34160
79855
72135
14092
93820
32745
8028
59001
64395
87287
64643
57273
83874
48025
98118
17871
51381
23509
85689
19941
98495
45732
87545
2833
31392
57136
83559
48691
36918
49184
38018
88923
44422
60678
7905
50522
56394
36411
82341
86225
68352
8036
68248
46142
51084
79402
73743
41688
45803
81783
72692
95689
49479
53739
38873
2689
9020
87365
87688
17067
10103
30082
82639
29179
23056
31153
96880
29153
99470
27010
59561
12836
82480
79563
89778
13733
45363
30490
83794
37522
88166
5272
43265
42917
35199
85515
66993
14340
9724
1561
52041
58594
57380
58397
35264
52421
77056
35591
71699
32129
84977
37128
80757
76371
55562
76876
78668
3552
29709
88833
60736
15252
69038
43690
49202
34520
32467
31580
2017
45074
11386
58706
99899
55537
41516
77898
29281
27034
5900
81816
38206
87197
4944
85569
12067
47127
29223
92851
42947
67706
70112
7631
17120
29250
15971
29853
32114
24457
39522
67968
60308
63551
99582
49587
77994
86162
79950
1496
75440
64517
66106
98165
43830
19626
88650
56129
49203
90645
40513
84973
33846
96899
82737
81187
4976
34851
40450
35810
34468
43030
75696
4111
98297
91415
61371
11840
38223
91638
72884
72811
61311
72315
3341
83796
87050
7808
50761
47044
81387
26357
26870
20023
34424
20984
52664
97899
10278
42742
69202
34171
29313
27504
37348
6173
4165
34147
88524
37777
996
32581
24666
3634
38955
17713
36404
56376
11865
61765
33157
63495
28086
51519
67126
6204
10667
5449
94237
46364
88281
61509
99824
49980
74462
31537
13179
1055
80766
31619
15101
82651
50051
78115
15695
57086
41878
33811
27589
5791
53521
1021
83660
79980
561
18148
44985
43298
1633
4661
30828
48537
36536
74490
40379
12908
57297
59006
58032
34907
92524
34031
68259
14095
68791
68346
545
84063
18106
73025
54715
70319
98058
69030
70800
21270
8935
22958
53708
90156
84539
89901
46694
68311
12406
52261
25219
81836
50370
70944
10955
18416
6524
9135
70721
53723
21934
53691
87657
54925
20825
88828
80008
22785
99891
65293
19563
2168
71823
77139
69391
59510
64283
49567
35596
43907
87483
42106
65979
22617
5498
39369
49246
1617
89734
89410
80630
4630
59943
30627
86023
20050
68213
40496
98974
22304
94970
32111
70699
1497
59831
89571
31476
94431
4898
81338
56118
65745
83458
4859
14540
66754
12429
62871
4535
32994
58186
69533
42587
90398
10577
50386
55189
34425
93392
29692
43777
14708
53253
48621
48457
24106
99139
99639
44653
12533
78948
98992
80483
34760
58422
82137
10585
80127
55804
10835
40299
98545
16614
47855
50117
29449
34662
40888
88391
2011
24556
74472
66057
19612
78579
93156
52955
78452
36655
74446
5007
28614
16348
72758
65508
40621
83429
59764
3974
36506
49641
29372
31048
22063
9121
1790
57848
76808
28693
68612
29610
26321
89335
44862
34699
14234
99781
92931
75857
79809
21076
23383
47236
23709
19288
57591
46401
8143
13875
48239
78140
23764
91800
69495
89559
48522
25870
55330
594
43125
40267
89617
61350
67243
98453
26243
272
45055
54375
56707
28095
22915
99535
91075
2638
23545
759
96068
670
56209
87690
86575
84397
52097
8972
89806
55394
24747
59650
75856
76176
79214
22381
93850
8531
43598
78046
10940
57652
17131
87462
41556
92214
62721
78438
72807
56248
63043
91355
74900
94599
36645
85554
53283
63053
3258
97167
49162
72891
63738
76324
1924
69677
97744
13290
41503
2072
82031
64869
10757
5473
91802
38123
51981
58502
66575
66372
71836
11820
33873
39165
40294
42738
79057
71378
34289
34499
81144
40129
33712
51972
29561
33887
6080
31107
51570
79021
5332
46806
44313
50738
76294
27557
25473
16483
96894
34225
98469
96336
59362
48829
79155
4212
20257
39763
77763
66140
12515
31320
13087
6702
81424
14974
34360
25738
74520
62147
66964
4707
37431
8438
42921
42430
83990
68785
12763
59317
70950
59509
65847
41243
36233
55819
83489
24097
4441
45896
56631
70968
32249
59647
4170
85631
43779
44249
81256
19302
66536
80219
21948
13906
60303
14204
97506
30854
61988
69189
21523
6541
90304
53137
4087
66520
45922
55153
58556
2301
49944
8430
32485
45545
19975
34055
56309
62502
36380
14243
43649
80053
88428
90822
1470
57672
40567
8868
45917
74445
46877
43966
51238
45349
3770
99642
33521
71793
47461
52576
42010
72744
89899
84835
87331
50799
12516
3202
12902
13192
84669
35121
74133
61606
75391
79916
34578
78420
87379
64466
16371
55249
24751
50233
89621
94686
9924
96325
89233
73611
46788
35538
15329
55955
26598
28270
7984
43052
37221
35184
11400
23473
45601
82910
25453
43275
15524
78521
22526
37857
18925
75254
18715
12965
27484
72933
85321
13914
93731
97098
68696
96793
66382
87959
24015
95446
35403
26733
34571
77982
65664
90003
57631
20100
25246
18144
42649
39992
75643
66604
57879
2964
93440
54365
40114
22772
39388
2266
52622
17043
30363
12490
27880
44808
33238
93003
17079
47556
93832
33832
41700
7955
27841
56294
59088
91601
28184
92453
73688
40774
93941
1747
93125
81889
25971
45782
73037
73886
51136
11992
91637
1817
66020
17767
51648
62752
66217
19398
98644
94087
21501
42833
48712
82849
33429
58912
88246
78088
75820
69876
72674
33382
83472
64969
63837
54331
22874
56815
13966
58643
67038
75997
10618
61147
60478
85617
30426
19489
70050
76650
80471
75765
50083
59338
33075
61021
10273
21894
32932
8242
432
6502
37531
66955
11606
16055
82161
8584
31895
61445
81228
93652
78450
64150
26593
68766
89894
68832
96060
98079
87808
99156
83925
76433
81600
69457
30723
73475
75159
79441
49450
79103
29727
92171
5022
77979
46976
88167
18441
64085
95060
48524
91573
93005
53098
5736
81291
20571
27790
12987
70376
76536
69153
90368
20201
71065
9476
28530
9998
13508
24593
7666
84051
32398
56753
53955
14621
40198
38500
98185
35254
83988
35764
42951
785
62101
29519
94050
75071
10081
73954
17169
56556
39205
75697
40220
28158
89230
1718
33022
15190
24775
72055
48930
50070
86569
8135
77233
83745
84615
92660
35894
65306
90685
42720
27423
86220
96187
38993
15705
30432
15143
98560
41147
14605
7302
87140
11680
8138
54427
22221
16886
19541
45161
78472
50698
166
31299
88397
28768
12999
3143
4112
22419
18163
86197
18754
98378
91783
3353
49794
77675
78244
80971
56895
22694
39679
41018
91583
40044
48881
28841
68520
51800
91978
94169
90988
26844
62906
57211
48106
84206
72724
49140
20162
11940
98934
32960
81896
15118
13816
10117
59868
74886
28149
66772
96739
60886
77174
38936
44031
13726
80978
86641
29594
13429
64324
46968
1954
30924
48448
34892
58614
40827
11161
99683
805
79347
46143
85422
49097
10154
56382
23162
37896
80415
95523
17084
9698
72426
93521
54681
11977
68430
69413
68858
2447
31180
86815
19471
64216
39307
84027
16866
7465
83076
59233
73249
35856
77921
26085
30956
70037
39214
24797
67808
55353
34964
17791
12178
74354
54339
81443
17210
57918
45804
92844
92795
56095
15115
73586
42870
75117
45371
70002
23051
14938
37799
32469
15096
1704
40957
74538
7055
21889
69832
97889
94874
44706
35905
21178
57636
50061
42590
56342
65684
96480
47637
18246
52888
45727
78892
75191
98726
6645
53967
56328
38876
50838
26073
1133
63904
61034
59663
67050
33073
163
93610
98769
37850
25883
19132
89093
98923
43388
23861
23294
48137
59746
58264
85576
92770
1214
24114
19458
18126
62649
9915
75319
75271
44336
70449
32292
57030
45630
56419
30397
90857
30853
74951
86673
405
31572
65592
47279
86607
95105
40760
84354
96289
95248
22540
86465
53381
40184
75491
71243
16556
10864
86619
1093
34807
46413
35626
42201
6627
30891
70464
34479
11849
86798
2604
48165
1051
17711
43266
80713
64155
77301
54309
86064
96211
50498
6212
44705
68437
79701
49301
45890
50854
33759
74469
18870
17892
85327
61232
80101
41065
27111
9274
44817
64647
28561
59692
19298
37795
54106
60799
57144
5208
35482
37813
60295
40058
37732
5551
75972
86479
5405
91512
4657
83488
54758
66788
79919
16196
8448
17471
35827
95219
75248
81567
69724
85117
31058
63536
85391
85107
64044
34514
57588
47094
69211
46914
57390
98158
77667
6844
78020
77775
79000
99088
33600
32227
62836
33283
55720
22881
65915
92122
26217
38603
48208
37506
99867
18911
26448
14348
65784
78783
42808
28764
24059
98419
79573
79332
63404
42375
57425
89299
64630
22683
29104
89240
68188
21533
88832
89398
38476
25186
18646
78271
22745
3059
38440
97759
35556
57062
90163
98034
31031
5240
86868
29063
42592
91571
82733
6327
44327
97399
55014
10601
98097
88502
37486
74809
7508
60527
56922
42842
73124
41388
19719
88170
84834
95922
90062
75059
56950
29829
67667
2185
65385
14595
16412
2449
82898
50993
15264
917
51356
44796
55352
51971
96830
73396
41134
97503
58242
12990
65756
21326
22941
42337
6888
82608
37240
69200
36924
66797
6453
689
89662
73484
6125
48177
76343
98126
85944
34960
48080
54329
52752
69531
99107
29006
12801
88587
50099
699
56415
36417
35922
75874
2547
76122
4873
86102
34778
63560
62824
25633
54268
17622
26044
11600
25717
96340
80060
93453
77649
13798
42225
82512
43216
79256
82883
48434
99406
61955
80271
4368
94302
94576
42276
72606
44850
95035
42017
10558
17599
76313
83856
77202
24147
29911
65689
80085
36098
44009
94779
61366
31134
67627
4184
71739
25252
63891
23128
5224
16920
98573
9280
13254
20244
66039
45302
23023
62099
27417
15291
47773
5675
21998
38171
22764
25659
16893
89546
37088
30472
94862
36508
54785
60926
64764
21800
59078
87999
53243
15258
93181
26538
80118
11847
18757
68583
55661
44326
1263
14212
30385
80697
87865
23090
49204
29710
16619
23980
17293
95909
78477
39169
37455
24857
10327
6970
74246
1384
86688
8099
92029
3011
79270
24806
89005
37339
92128
28248
51319
78249
50536
6832
7633
59722
14394
12314
9909
38063
12498
21617
68325
19981
8452
39877
52604
3494
38475
17578
47043
27627
24195
64229
35744
70810
72038
95034
42767
89268
45526
35207
88865
69061
4637
2095
14867
48726
51417
35148
35888
88633
69451
96284
96067
12639
94377
26305
57566
93766
83932
29306
99722
57725
65494
54850
60649
8922
15078
11607
48437
11936
21145
24915
21083
39273
33038
59483
4750
83528
62267
2926
23981
21392
26977
29558
58881
60565
62294
68048
14971
86349
69269
55548
42315
98895
75329
45336
55664
58118
78230
73729
74918
55289
16795
46044
31724
94494
41666
36742
13933
14780
37005
31070
9819
88482
76179
49041
59073
65197
36987
46849
56165
15025
49810
28951
36454
86639
53482
15893
25692
10245
81724
92532
71407
87478
54796
85737
48479
60201
52765
74838
41210
98555
58811
39653
26980
1506
82455
75324
374
36746
67027
8876
86308
32756
5453
5283
52406
66012
50
49986
77753
97910
11037
96919
1499
16522
14569
15683
21734
30614
92898
6028
55163
70624
79586
52320
90572
41884
93307
3243
64541
88177
90578
3411
73721
92700
15703
2435
83007
23165
4265
84705
38529
17697
22786
19062
95615
78538
83763
23502
98125
56550
33390
86160
22058
56854
54195
22566
24705
5541
80760
81127
24023
90590
82181
17252
1240
23418
97248
32586
54191
77848
9130
43441
87581
12846
46059
83346
68562
6747
87929
23389
87941
51591
29332
82829
86438
24896
95311
6788
45905
66022
63681
70340
23075
99132
18120
60408
23613
29249
89162
38884
15110
11528
70831
66403
40687
46023
86322
92529
29339
8462
58111
15378
47673
88339
77802
51287
58315
23742
74607
68516
46198
63814
1014
33318
95212
57517
61950
32154
66988
90038
3337
46956
80844
83614
88505
75824
98549
22693
58063
27204
55340
65185
43387
80071
46888
24643
58973
18816
10898
91843
53003
81056
19590
48925
37346
25487
96437
82521
31958
50027
65650
42809
48610
96872
47590
18665
54840
38811
96671
20904
82309
92509
20947
75783
68674
99935
4577
18436
40339
1647
59294
28613
39212
29303
31004
48813
56546
7953
90859
11999
86387
26057
35872
35394
88679
22892
53445
1225
24365
78491
67782
83247
27718
13188
2934
31021
64522
76458
49348
90443
36231
83426
72436
62381
16807
55052
18545
95169
1309
30403
48156
80332
43571
50211
1878
3556
96576
2389
69358
54050
8275
36810
13124
3890
51982
97578
78519
98889
1400
85921
32407
21742
76699
77052
19221
48384
1209
88560
98565
93432
99202
87822
35235
15604
54171
77054
11711
57502
69912
46713
16063
83952
44019
37185
35202
13767
83354
97814
18324
84935
75156
58713
10831
30942
31015
45030
1236
55852
60698
18632
99766
31533
70224
84592
4230
79939
36894
91537
51068
19574
95309
95649
8574
38519
15549
58634
51456
75066
6775
60939
92766
34527
92054
4836
16892
2202
51213
48913
3802
5164
84684
22614
54335
70625
86286
9263
60563
66960
20948
25180
93663
69502
79929
31904
3296
16204
64375
29626
82824
7725
34274
20983
37589
7932
92638
13743
42479
85449
61575
42854
22305
67499
85199
58426
10967
98652
1427
32339
21275
19732
77315
66245
65956
62458
2355
72694
95361
50395
90321
55039
57479
21567
34805
65118
68360
96710
37194
11710
70569
18915
40977
38156
36704
64368
71606
88212
57836
57396
62368
16309
40023
81250
4956
53498
59600
47755
84092
30218
63867
78113
6323
4857
81524
14191
14459
14913
53027
77035
76994
94550
99878
52891
48128
64127
37449
26616
98411
42689
65993
97286
97479
46188
33006
2091
24772
57286
48983
66093
11931
93594
30577
57705
33936
70395
98119
57359
23447
36570
45716
55977
96939
36687
28821
6513
12845
61314
91681
42320
54294
78918
28329
45009
75841
65184
41926
66493
61792
72150
84859
18731
83953
97690
24243
87789
74138
89770
27750
93331
54468
15320
16841
51141
92244
32728
97488
44954
69539
73758
81879
28517
17125
85532
32942
52648
52064
28044
41978
2149
55424
16064
28461
79975
15887
36292
90901
51331
64237
37951
44432
57630
8304
65837
30831
92975
6235
83997
51506
56341
54017
81998
45610
17541
9997
97111
50874
69865
91384
59152
51778
56648
95002
31177
40832
11609
64190
91376
17438
16399
25947
68500
93324
65206
95158
95659
2699
11321
6796
2716
63224
19324
21013
94532
54894
37859
11460
6494
77839
60048
13168
36928
86734
33451
75003
1876
44444
90374
42965
66184
76259
77512
36966
77761
69602
95662
72332
53661
53830
5632
76342
95183
72147
81999
11603
9663
73119
26768
24732
62445
44927
96320
77877
22578
16484
90402
31514
19319
38829
5009
16809
71343
57249
69241
23403
9077
16566
52558
98489
54404
28361
15173
89315
48057
12397
40073
83453
6628
43833
75474
4587
172
35358
2038
16846
5723
40825
16914
64361
50538
79185
52091
30992
10413
54967
65164
35664
40946
85905
38748
3992
55731
67198
44042
98999
7136
36807
68827
81903
41006
39607
73020
31962
46287
85811
70693
77728
85172
16902
59183
11261
31856
27349
22899
84938
54591
17197
89250
97990
69374
37984
29951
20899
94643
22986
93578
21699
6549
71193
10395
7266
21972
28438
27176
65214
22600
76310
51838
32017
49940
51088
36670
98796
60141
66942
4678
48406
82216
61313
64316
29180
53494
62344
91268
53246
43177
65316
23267
34465
26700
9532
95953
84624
49621
51434
88962
81031
56063
11795
85600
26476
40921
32763
24258
98844
81152
57797
22046
45461
75456
57822
31832
12302
65541
79487
92841
14174
70000
15420
6353
85221
53928
66764
4708
93979
5743
29856
41070
40574
45835
32183
55370
60611
49692
28279
58316
7731
49922
23669
56171
43430
63267
84943
37895
75235
89839
95367
92577
90585
14277
35987
54927
29641
72593
10837
49734
34633
32623
54547
21372
56003
98564
81308
21319
22183
58878
59442
19085
58976
66051
76272
44420
28825
88434
55725
21471
83058
67986
20770
73625
61919
65730
32043
69186
23032
91677
55098
89772
98848
79970
13727
8886
43017
54301
85607
92670
10049
31767
79999
53105
26630
23547
68030
22548
25461
23211
51952
99566
94432
78107
25240
21602
30514
27409
97158
11802
62511
76548
87052
45626
30791
32116
96164
2057
15068
81680
74859
2653
33533
53611
10447
32347
64923
73978
25413
91545
5810
25699
47171
82709
71814
82172
86467
93171
24776
63807
62489
86046
41647
14865
486
85287
78926
6900
58009
29841
91456
64662
55588
50624
82424
14263
37541
51219
85843
79351
28468
22761
28274
5522
94230
87906
26368
79892
7553
19171
80226
82426
10022
38785
30816
66273
83227
74382
48070
10772
91137
25434
54093
37908
6156
30308
29189
50860
51625
40297
49669
84320
51042
89075
80739
29198
87837
98110
24061
20400
44607
30389
65954
25086
4176
16310
91918
80345
79430
78711
49224
57457
66316
19239
19360
10536
8640
35491
77059
2289
82105
56555
64092
72584
46718
42627
44414
29130
58695
99016
47930
2299
22438
71510
66775
17318
14503
40514
57978
52606
10342
5231
89449
41060
40439
110
81368
23985
63184
53918
20278
428
61843
61735
49260
12488
41844
66174
83174
64860
61891
99465
53655
25868
36700
24047
64987
9619
92958
81304
79616
29538
20482
86301
93666
26735
20165
23738
36377
57279
26096
1959
87199
69396
99857
83283
32698
9433
6538
11341
64340
37547
62446
89477
70849
30518
14370
82250
1600
43568
59124
49513
50143
47072
98470
5975
20703
62691
14367
30013
95453
98662
47040
77978
18993
61030
74570
8312
57272
17313
71034
32552
42415
64106
14849
64896
86323
74234
98973
57056
71414
92486
41602
57329
905
15331
76485
22356
15990
89228
74161
63206
26852
16742
91874
41662
97584
87027
12811
80343
82491
98542
96500
6548
65413
11792
86229
723
32437
42117
78513
3578
59859
74824
59207
65474
16931
94133
13772
13386
30568
64267
71260
6841
95858
75664
96396
48552
21352
75540
88155
96367
83093
20697
83652
53978
52593
98943
68279
88615
46063
5909
78595
95510
84962
22461
26853
68124
9797
40667
63969
30744
53971
46427
30516
56891
34229
18247
73053
97625
83768
8842
98826
98601
58174
22283
56853
14286
91054
4803
29539
13300
61660
69015
26319
51995
51231
52335
68735
92233
39451
55918
98778
31574
63955
35053
7741
18705
38645
44931
82872
39225
50285
54994
72752
73918
47625
62764
31889
76888
18296
85453
80147
69476
51764
19916
96133
49428
92487
12994
5970
26543
47554
13378
63315
95786
73899
10241
84171
77919
98713
44533
74812
4090
35047
86613
4935
3828
25345
53365
45255
11797
56630
22878
31791
24770
40396
42878
93039
81061
81412
7187
94177
65535
86375
43458
10170
56841
94770
55230
40764
73314
79749
45961
61274
41102
15177
58059
19816
40408
14410
3670
46378
50620
42403
69257
74448
63054
46328
82014
48480
24281
82463
38255
62071
82659
65301
83050
73172
98809
60623
74119
8673
87684
38578
33386
25139
70364
87818
49430
33051
71325
55602
61687
37747
51225
48899
43013
8798
13925
65371
22634
89579
89441
11123
95259
76352
92555
21810
78444
96020
18596
3772
73019
24771
97821
54260
16514
76683
87060
76890
61368
17339
95228
27107
31419
78647
3389
46703
58387
4509
64031
91672
22691
34258
62661
87636
99764
22978
46665
46935
31292
85256
66928
20353
25293
23004
6638
13469
25179
20531
24277
36732
90157
72875
49095
51632
37663
62601
14580
79284
46861
52093
60039
84779
55277
28604
36252
41706
43959
70144
77308
6209
54019
92908
93235
54680
88939
39787
7105
78063
74436
68916
6987
90231
11114
9999
56516
39619
94756
60807
69127
45706
16580
3480
76307
78160
91036
86791
30695
38140
82327
77812
23441
29370
77300
92070
55257
78363
5298
66507
82589
41751
23683
41316
24539
40924
50343
90506
68393
44052
8615
7532
29486
74615
18414
15922
54275
24321
76376
76768
737
17141
57520
24635
61498
4247
27875
70793
36527
18663
15282
49280
61059
41504
63445
20815
66882
96276
43001
43527
37439
63484
76264
58804
39581
48118
542
63820
10591
95275
76786
89305
83484
97441
88275
78837
59358
39971
12617
47217
32832
51938
52001
25721
94049
34636
96231
14178
72775
50830
14057
45924
98056
2160
47561
23083
7389
41361
11217
84953
58827
29640
82313
54508
44189
51093
55517
65173
25945
34198
9184
39345
40497
70680
49365
75366
83810
93939
28212
58565
91427
43338
2660
75461
4345
30973
24575
87482
85731
71753
81437
6936
97385
27278
23891
29966
42267
74968
11750
60228
77008
34957
1004
14024
18409
33204
50580
50062
33624
14354
43717
35426
82631
67655
28338
50469
68081
28002
31282
6496
68144
30079
39615
8729
14332
26679
16450
59282
21279
53865
31434
53617
13766
59091
58113
55322
12669
61995
11221
56531
97922
13585
77331
96341
15278
14375
85796
90389
55814
86632
492
29152
25386
45583
45081
42756
86134
52877
94076
14965
45207
466
10568
748
19290
654
6211
60795
40969
79439
31890
59506
76041
7781
84634
46031
32330
15701
89578
25364
10832
36134
35187
12780
39383
7702
3638
11500
40762
94789
69858
64565
40278
63340
16503
18331
22579
81407
23475
16226
17916
69783
46646
68331
91318
96155
88229
42996
66688
10459
21803
69088
90137
98810
13410
77224
37393
59140
32611
96916
62805
23914
78496
91966
31114
26521
70477
59457
11596
35245
11267
12252
83084
55538
11286
6169
58895
47073
91588
47856
31401
69297
96044
39077
77881
41261
45000
8301
81732
9072
32225
54076
4286
86382
23703
19484
79089
17624
64753
28971
85217
13468
3408
6021
55557
36910
42602
91887
823
20043
72616
77275
50837
91448
66173
19332
88257
20218
41499
62443
67338
47735
47787
11864
5949
88135
15154
96056
46404
95291
72126
97511
25528
26417
83841
99201
14596
4059
556
49269
28115
57665
19530
82969
52185
48729
50151
51804
83397
91060
29184
85972
92596
55208
6784
98893
39670
549
30325
97974
54380
4447
29290
47427
24192
34192
372
44428
50163
26961
83188
98374
20715
31144
67006
51907
93559
73741
67781
57900
64122
46301
53883
43593
79702
29833
14302
81779
35747
931
9496
67218
69954
68109
41575
90057
45765
13561
39368
66383
39703
51368
9534
44785
60988
82627
47721
89202
16049
50515
162
15837
29814
76927
44694
98128
10361
15556
43027
88914
32566
78213
92625
54528
20351
46094
21574
16576
75422
4709
56238
62937
7481
53687
73202
74500
56946
27295
63295
44664
5587
76852
75554
17878
9988
64288
50477
54001
83196
89949
31658
50454
44638
62295
6897
17165
94312
20945
20958
40777
4825
50339
34677
42037
92101
97450
70636
35030
79714
76738
28291
11110
7823
15883
98353
45996
63052
92222
80487
60358
50695
95028
88346
15566
41621
75895
25986
87217
83491
54578
49668
42188
70627
45931
8731
54804
73400
31474
97993
53007
1206
47535
42098
88249
34648
21517
8314
48557
4805
29158
29470
59231
35067
16395
58202
58405
55825
17610
8003
84021
80150
78422
33174
48623
4489
34358
77405
13345
18240
74802
52015
67991
38025
14765
40695
23567
35354
6616
32335
14122
62958
76506
16355
50266
99023
10941
66803
30693
61469
5333
42912
66017
68436
25357
8128
22141
94634
21830
66298
3757
62522
84082
72829
41426
57759
74889
20229
64882
37231
77964
69484
23135
72826
13696
2212
505
95437
13830
53171
70705
17612
83876
92808
4520
68984
83663
76477
38732
18020
52045
39466
6060
7776
90696
53311
24631
84125
87395
63739
40276
33012
73290
95729
7138
44199
77083
35772
60925
38357
48978
5129
62593
43837
29964
17544
46153
61780
67891
21318
48146
2907
32077
90818
7248
2529
15438
81915
51265
746
99195
60409
58290
19262
16430
41346
24334
45389
79055
50699
58996
99247
55362
27888
51481
37679
52380
53248
37705
80678
84079
98687
84530
6592
22440
47652
96789
66135
6687
28253
98114
25958
11399
93841
55922
5591
29045
84666
79836
98699
21321
78322
86504
11514
31483
70423
89129
12190
21554
33285
37195
18753
74633
3212
35704
56022
45032
55453
7600
65583
18668
18602
90981
36876
1034
11450
9850
42073
54344
77797
37974
12354
42538
68790
12483
73991
51408
19071
58522
57839
95611
77045
79114
37995
68937
88934
53601
90867
56313
54985
10365
43159
96150
9404
15411
40875
54860
42608
96662
20173
91767
90989
59954
25456
81548
69267
98873
95959
24987
70282
40987
28782
4057
66897
41380
22327
39464
60269
1142
5899
51489
11277
9285
4830
90839
40136
7499
1915
42623
81949
462
48153
28842
72792
93720
86376
76972
80214
9810
92957
71418
383
54661
70498
65435
2135
83417
54227
10398
62392
29068
54918
79236
78256
69470
96766
98817
24228
19697
15947
76239
58407
52804
44829
37980
78646
55685
62941
13369
24559
95485
7131
1501
4158
75028
32413
27760
72987
54905
88436
46567
45570
1744
61384
97936
373
67919
89646
77266
18218
20910
97004
19998
10690
33066
50900
81881
74604
4444
62637
62973
32255
59739
44160
32357
44367
51217
12261
52763
81651
92055
74743
25588
21784
23740
74574
9087
86208
48767
33692
91086
57497
66147
61170
31571
46250
69460
70196
36796
64581
85629
18797
41796
14180
98608
94215
97454
22954
13589
4863
7525
52189
59106
80558
81630
29782
91283
57477
6198
49114
75573
24515
30368
29195
19437
82759
18056
22184
52417
52081
29701
61307
45966
17572
23114
89456
25742
57976
77460
65111
21221
58689
75574
30617
33392
71158
83474
74517
62553
99995
86182
73338
26204
58035
58750
81107
19300
26143
27642
83673
41951
11307
55130
1584
85085
18440
99687
52035
46254
2211
83277
71951
98805
51236
23461
84431
20200
44492
11074
41058
56706
92646
26438
16968
68484
93377
90569
90786
71986
75796
77255
81355
89631
62194
10423
55364
75847
65984
71851
79001
73975
93388
62342
48083
5077
52675
84279
44224
77547
19232
16937
67453
97003
76885
23867
2874
55083
23109
34815
10335
50585
22813
58145
16729
34285
19465
39865
39355
80066
10810
13583
34959
21240
93485
72238
94398
69014
75693
62726
10394
41955
19163
73630
43826
776
68093
63805
99784
1185
94045
26088
35600
117
65873
14786
85462
52356
80199
72077
80962
85130
51945
50906
8732
3061
98279
2908
63601
38412
25097
57954
65462
53177
71146
83774
93153
71469
31869
93817
81705
40596
87798
60347
48250
3377
64254
29938
89928
73382
58819
61484
2593
6800
43075
76271
31429
94705
76869
12678
55157
47000
33872
87785
50820
88539
27798
16292
84158
94837
63889
48777
94388
32253
34016
2020
65053
1320
82934
96474
39012
9620
54862
28780
68719
64320
97370
93879
62021
38700
42457
42699
44340
6714
43427
63262
34890
51600
37070
34405
51229
78296
60843
15799
57213
35411
32816
7577
6118
56398
78265
94235
5781
94376
39734
43851
72548
24372
70747
71415
28300
42558
26287
42562
39026
51673
43790
9370
79381
33432
55065
45712
32090
77141
93740
43064
48286
2351
18054
24592
29333
96641
71532
90497
95846
22348
29840
49972
88222
39993
3125
26175
13182
5570
40275
21330
70381
64907
89371
66684
62114
23819
54919
42999
74342
29643
44254
15455
51888
22660
66191
44000
50955
55568
3966
27834
91750
61985
55338
30314
32962
18066
74946
31497
52586
37825
47686
94890
86444
38778
91291
99800
19942
18255
42434
53268
29034
75537
72607
94461
21424
49398
84865
1902
36492
18918
60599
55704
12861
61473
78260
36083
64929
61092
38719
47100
1891
42611
23254
98677
25018
93845
8763
13026
29565
99015
57060
86994
17306
36632
4840
99828
84178
13946
44720
18319
37871
11337
4902
86715
86828
44196
73081
82795
74695
27325
14080
89205
33962
7523
75317
6402
34661
6461
11371
1178
38752
41745
94025
17317
72515
64297
86184
90125
22867
11956
79948
35677
86559
70310
65878
19882
70193
77809
20569
53915
49555
44737
56284
95025
46096
39393
87345
84605
73487
64240
71032
79208
46784
56680
63987
43185
92031
44826
40192
12196
29316
47917
2804
52450
56496
30065
38446
60992
92322
90
28436
84911
62091
57647
35818
7683
74190
43765
2032
31676
34079
30028
83130
21226
36232
48313
23833
19576
12238
9530
38263
92445
40594
99270
52202
54570
86334
382
74948
70838
89518
43878
88630
9676
3913
77680
30887
51975
28820
10086
34005
86226
20467
43999
36539
2906
35390
36489
3365
75451
62338
39614
33999
37126
564
19439
4420
80528
780
28433
7917
2652
60694
7943
36826
34122
35561
70863
35607
51305
78987
59981
54513
43047
82290
44586
93962
16289
47823
87683
2074
23618
19600
90007
17575
24396
65646
58545
46939
22001
93091
51230
93004
39058
6904
99368
84485
37794
44608
3196
97219
78095
70295
71365
47148
9047
22518
60198
33978
16224
48958
53658
25111
88625
43069
19812
4609
36137
87994
92259
26513
33890
75243
87817
58506
3921
45343
86442
15722
96715
86671
18700
86216
74394
12340
73647
69903
4638
60131
40138
9171
71596
54564
25530
78172
58448
443
53312
40380
73443
48157
65856
63256
49911
99679
15180
2754
40585
88639
43210
2841
2687
64317
36173
82914
78693
57803
19809
40423
99391
44250
59837
73420
49358
56811
49805
57206
51740
51031
55909
58752
18507
60097
65483
74265
26107
44912
68101
50420
74718
3656
21144
33469
64514
14883
96267
57243
25276
99573
20686
69032
99384
80688
64275
43927
24939
46843
48065
59322
78718
62043
19448
1062
67814
17521
28125
2723
54693
53077
65588
54360
17838
52522
96189
75241
7300
15979
40910
95233
80021
75546
87731
53017
18462
32377
59409
24555
88668
3158
41596
48812
652
17807
62754
21363
50379
83772
50297
15229
60938
11653
52272
50265
51701
47418
74308
19072
69292
48407
92335
49966
99567
3242
14484
55425
84341
49404
5544
72023
67039
33190
32410
67203
65496
46215
10674
14998
87700
7346
52046
38134
64428
20982
98994
41986
84483
95560
10054
85203
72173
82986
21150
91832
28428
36948
36359
69098
71484
51905
13340
66293
31374
60504
55390
18086
20882
26687
86093
88429
92385
55986
96893
67608
16047
17236
96203
86677
48502
82838
62256
95949
22536
68223
66611
65691
94640
32793
30787
44594
25468
38864
20795
59865
15287
63896
52157
94879
94370
94964
75494
87708
79287
59854
2948
1528
61413
79226
37703
30762
81864
43742
36595
8210
1444
25786
33560
94633
78765
3461
75966
41762
61161
59952
47434
70762
48651
15769
4666
10646
33765
90226
82028
36353
13990
13732
98740
40301
15398
94683
68408
58139
71617
56624
270
60977
17000
1127
27041
55082
16590
66812
63581
54849
76121
19027
23317
36279
49182
99562
74085
92742
65928
47814
13863
90468
56782
59860
88506
20433
18055
22346
35965
85671
89121
7390
98455
66045
78745
63945
12112
7854
54323
15535
70237
69790
45605
51552
25205
79395
85801
674
10907
45632
68546
89875
72095
60857
1692
21723
29504
49192
31306
79443
89001
81248
24129
56296
37826
29000
6449
8087
39654
46712
93815
14705
5530
78240
59578
89962
98216
72051
48030
83584
16457
92100
89352
89641
19370
62591
29601
8621
44256
66118
84059
47595
80770
11353
43051
68031
22985
91555
63574
71543
35373
37651
29346
57424
71746
43745
75506
87718
93674
30990
81647
61510
70426
39011
9019
75205
2201
78699
77541
14815
75113
27583
82497
82927
40544
82185
7025
79852
87740
22070
36220
4085
85776
88573
41966
26725
31054
66112
87066
28757
73229
26114
95012
99900
56887
61975
15221
13144
45502
7137
95751
29682
80941
55434
11065
53775
55057
84723
19059
8295
12380
70387
16356
54942
3307
46984
5279
24269
9090
78605
14268
40265
32970
30519
13739
73061
16982
27608
11347
82821
11686
14610
97730
95308
49177
8151
81123
56477
7665
83521
14383
94790
97987
44149
54103
65245
39519
70678
29166
55854
74000
17462
18003
69978
82940
63817
59635
70500
88872
80917
7916
56042
25457
36250
19249
55274
42929
52058
86916
97374
80525
5950
78007
53385
51105
59054
82203
29094
58180
81417
14385
70225
67509
30873
77498
3511
51282
91950
47788
91239
97791
27723
63122
48525
58642
75267
73536
11781
83569
17608
56109
33087
21068
76220
38310
91876
22212
9300
69696
74352
54038
86825
65571
58295
43024
96491
81026
37856
49001
9095
97074
99297
86770
59616
95680
67372
37963
43158
62946
82613
50779
27713
6805
63037
48949
35921
69803
57699
64276
46656
6178
61151
41057
58624
18147
10428
91467
90209
47954
80446
6908
54710
37796
88232
68684
17211
83538
60714
63388
96381
28304
43729
44887
46605
90363
40517
7680
60826
41742
55484
90663
59606
15178
3683
41563
15158
99511
4735
33894
79642
16372
2743
37526
12600
50931
27770
87696
16268
66730
99814
19160
78066
29050
18628
45805
61199
8830
20524
76073
33650
77364
93698
13987
74275
14416
7791
91871
33027
77607
62440
16885
42332
85499
92299
22034
56322
39207
27865
34232
88319
55375
4791
24975
82075
90248
29576
91680
36405
49102
1550
31445
72398
60404
62366
82084
82750
86165
83543
90668
2395
97054
284
32084
26491
41253
44786
5287
82352
93110
75282
5392
99458
81243
83316
13856
96446
91814
92566
65605
19825
43176
9205
973
94251
65313
84432
58150
17213
38324
27066
87403
85416
6940
57771
94041
88238
50441
14381
2147
55939
60772
37755
90198
82673
21642
91439
21626
36789
31751
32130
38495
5552
60172
15228
1715
64016
53624
90352
84591
17677
9707
44194
30248
16907
99737
40933
54327
71878
73582
72164
58630
37237
6062
80438
13995
83909
68461
58458
85056
70075
86876
73320
56952
41790
84095
90342
53057
73269
93737
8444
29892
98255
54690
57606
3398
53329
38622
33163
19609
71786
82499
45091
34869
58956
1224
90173
29554
90261
15890
49007
31915
68775
64850
97596
9497
57764
30753
8674
44974
36452
98997
46384
89150
5985
47880
60467
9316
16618
44995
70473
25760
85564
57507
54779
76235
51677
89775
36611
38270
70018
38148
35058
4604
73900
80654
79543
39870
54060
59525
13831
43678
83971
22606
95599
25258
92345
73587
7749
48246
3214
78018
19774
92419
81763
57563
63467
99040
8084
15380
38966
95171
28198
32811
60470
35841
90862
57106
89330
92285
55204
13715
61878
17909
74993
54000
78442
43037
15527
37858
46308
31729
98570
79043
38154
13209
32281
61474
17426
10193
39641
16808
56619
51634
2304
36766
99453
78004
61050
94754
16699
3069
25978
96712
96630
64717
5457
33744
66009
35947
13882
7719
2651
96217
53120
98648
32914
55384
41101
8523
67859
14981
48144
3908
47842
79637
8294
78547
76525
48527
63529
94830
54643
70918
52929
93943
59931
5465
17632
3305
6135
99398
35833
51193
61302
8324
4923
89109
18866
39961
95442
13002
14814
29471
23631
98428
37209
55047
27554
51738
58425
52370
74357
76875
83517
48904
45082
77760
41771
77923
13049
73930
37590
21900
98248
8240
21075
80535
24758
81659
48615
89040
17661
62942
43195
7999
13085
39433
42680
83561
11959
54057
99
15715
93035
60372
96435
2783
84357
77658
75166
69149
79061
44718
5094
72096
70517
84596
71658
65117
62689
29460
86447
35499
95840
26821
29764
3560
14179
73699
18706
96990
1854
74001
59602
78864
4540
91574
2104
89807
84600
15867
9043
6443
380
88226
44209
42397
24910
20318
34999
46900
95551
23193
99601
14978
75352
73669
81739
82029
95199
43661
46497
67442
59287
72355
83089
42838
45702
53297
12711
82408
80319
33166
5420
63128
32790
17472
62296
913
6570
3878
73422
3984
95958
25873
18600
20545
51139
51785
62129
88007
13333
6600
47920
92024
25248
78460
24210
22550
60800
36982
47782
27302
81100
57385
83223
85008
29761
93898
80089
51091
71062
60831
98763
68519
1565
61164
79552
25731
86795
15976
80400
20087
71705
50937
7898
1305
58532
19371
21559
95873
99806
90040
78955
14331
65783
50030
57105
16948
88456
52563
30740
64243
54147
29093
22496
22153
85482
42739
10906
46630
52860
19235
20412
47815
48237
38724
7438
3119
46362
45451
40811
79105
60770
38973
81371
77792
92305
2747
90936
47648
28123
36513
61739
47699
94934
10406
31501
97136
45563
62829
4867
19083
38768
27291
2535
19974
50872
79399
30529
98582
18763
66230
74064
56846
97538
79148
52384
20119
75418
98429
30287
97022
26065
67051
14630
9214
81511
22377
17884
27305
7357
191
53446
29766
22067
33519
23970
22803
73336
79841
18939
71495
4728
94671
71066
45514
88618
32134
48964
45079
72124
88501
7046
99471
71668
87214
40744
19935
90200
49783
79971
4977
56875
92158
53489
17968
28196
68671
9156
43229
64915
91030
63375
51264
32692
42339
39042
7971
71625
35867
51199
7961
22519
94119
32171
98167
99719
2959
3426
98174
97424
35647
15885
47074
79113
51829
98433
58329
63862
28950
71481
84179
53694
10037
56372
36185
34668
60055
28661
52843
65360
32708
32223
2066
30310
63689
92783
60351
11272
42700
78993
99565
2238
86474
58919
58485
53303
9461
94930
85317
80378
35890
1661
34640
9795
95746
67948
73209
22282
43762
40434
62653
98445
94112
60519
26454
41369
91714
99464
6410
80815
45881
4034
31043
60591
51763
74453
56044
64851
85628
95391
54497
1583
35014
12144
89930
92526
12627
38799
17304
87289
85157
10232
76763
35280
22408
73638
81563
36874
90524
95182
91839
6684
76029
81067
91018
53118
43012
86040
32430
63200
32211
20868
1425
98043
49427
43449
65575
14928
44933
597
59143
93253
53721
84640
47070
32783
92542
63633
70135
91957
28783
33330
15150
33052
12149
25730
55966
63402
17913
93823
16301
12545
64383
52376
91599
12559
51794
49522
86573
4094
2688
57762
14535
72345
95636
6804
94824
70972
81843
24121
65078
45352
23821
56607
43098
36142
80237
3252
98007
79483
8779
84055
87156
2663
43487
59618
11138
69601
46034
54597
65854
95673
73303
76862
44641
67902
44920
3574
82050
58320
11387
26788
34504
70130
56835
56738
86946
48743
13588
26007
17028
27297
98903
47578
57808
53555
75068
95902
28463
96257
2647
16797
12433
56547
2331
77821
15562
44112
17023
56597
87259
99157
17099
68310
63098
49870
80850
57482
39745
89835
10463
22413
68009
22193
28280
83994
33527
87675
25169
78721
63826
32846
21419
98525
35681
36729
76756
2665
86250
50459
88529
9117
99233
41488
39960
42468
27012
74108
58078
47422
62436
96828
23926
33536
7975
63194
29703
91595
55629
50080
54315
22990
54303
80670
70902
87049
67495
71245
77013
92839
11918
7340
72461
43303
8211
79832
24774
37044
26503
73738
87448
53091
79013
32525
14618
93185
48975
83348
24786
79531
65647
47631
63695
27674
57372
151
66940
41984
37900
99351
36571
59725
39444
76916
54548
38842
37661
75272
81099
34647
43409
65491
60700
56850
2534
81599
24900
3193
42642
60287
91897
49249
9415
52815
93782
64385
22189
88106
99819
28396
3043
97670
91934
53807
13764
70765
90770
70913
85154
52925
93847
51669
8173
5244
63482
61990
95416
8524
54531
81831
72445
53935
25361
49764
29556
73606
12915
60366
47191
8561
37625
48944
52339
75517
99200
10888
67753
9701
90930
3085
38948
42724
86901
30899
96142
12810
50035
70511
43850
9151
88891
11731
35172
12259
73016
51028
84766
53423
81771
54383
82952
87284
39349
29698
53054
87919
52120
84722
47702
99238
66390
73583
77628
91471
54174
58658
54064
44322
20159
93228
60052
40032
15687
92067
21353
16148
62549
63038
2957
95434
51881
37588
67852
93172
72462
18134
85643
70673
17708
59586
56194
28500
46220
63748
62036
85778
22072
96294
9757
71463
28238
32458
6
9717
40531
9961
45562
41241
25882
65134
62853
13758
14221
64234
2474
52618
9006
74888
93053
89661
9465
17431
1858
6886
86247
44811
36614
1321
16978
56711
93093
42086
42884
1973
79319
25762
46564
58747
92301
24490
40952
6723
90184
55837
38473
52116
92095
27939
24423
8139
94637
64116
97711
96398
7690
75335
64409
51401
93477
27391
52265
70907
40958
3036
83391
74942
13160
89599
8396
42776
49807
46448
48495
41963
21542
98978
88148
81673
42788
30908
30500
70102
62133
8873
58089
16338
49855
27071
68975
48844
12819
85815
59064
70440
6076
9970
98991
14059
93903
96887
27366
68844
84875
6302
60789
90244
26362
32600
81329
98649
78423
58135
47705
89691
90494
25321
98461
89489
30250
62761
62138
44915
88742
16276
21179
87625
48750
17587
66257
58679
18263
75219
90628
32035
86245
47753
54488
92904
9547
85990
43234
6468
26157
26403
32142
16583
92662
70263
86903
98314
62288
77196
55076
89653
52160
6213
58286
32454
54324
97095
94767
26812
35015
7089
28812
71186
21584
61651
19652
42517
39064
92599
21215
92429
6680
64213
61867
29774
23551
89026
78255
43040
62011
56819
25743
27363
72522
95352
69163
38693
45097
77578
22206
3573
72139
20014
22675
2894
27379
88946
44536
27895
54065
80213
23506
5275
4163
77691
66591
88681
26978
80475
65049
99009
69937
59883
43559
24745
63427
69115
76586
29186
51550
30140
14003
60596
58598
30274
12168
24549
37100
54490
26194
93882
16451
57413
64485
75049
96891
61705
12484
98980
1407
18191
54582
77827
31521
71542
81920
76411
13525
31494
92683
52552
59842
17993
95140
94721
5402
37011
88055
32836
59528
71393
11624
85370
12998
18024
14362
83376
13401
19903
38070
18656
88109
91212
72064
39842
41925
40993
40223
33923
81612
38493
593
8395
90747
47915
48060
53204
48268
78122
8723
10924
24213
662
14834
72302
70365
36009
20302
98852
84251
76047
18424
87793
74790
24718
83864
15925
50352
33379
23697
43343
94434
77869
69349
33346
72250
50369
24733
58404
66596
10083
85518
66991
39783
27188
31697
49083
74065
67658
78376
23339
86050
57624
69483
90717
60449
73608
26726
34185
21721
60626
55915
38181
14411
1128
86032
6688
18329
90294
42114
71967
91080
2873
34720
16934
16702
3677
1068
92147
69360
57342
46012
27799
72569
392
51019
46343
45763
15007
79056
94109
16595
30538
33915
86393
67295
69508
21650
31565
68069
39235
51992
59331
25857
73064
63401
26800
11878
73489
25779
59315
91511
99958
58717
20636
93097
79095
93178
8893
31629
61087
54629
90637
15816
97302
2375
14442
54283
27244
41810
30698
92396
56756
39612
80684
30792
21619
97147
85133
81813
54202
69071
51258
10073
34299
95388
12460
93680
91531
21606
17305
83074
15986
81911
88180
14064
53788
68618
91591
74979
5879
9373
7110
12665
3779
14564
91149
23041
2733
38485
27538
15531
93264
31262
21534
60391
30680
46468
75224
77253
92940
46000
15783
10501
79146
7479
47665
70167
97515
28415
38170
30997
84455
48974
65977
95983
36176
98900
30704
87301
14
32714
62433
31954
50672
11775
63117
68762
1630
77408
73352
5557
79239
11112
50367
22133
28506
34178
27519
11993
61646
52614
45907
73720
74439
7861
37656
60900
93455
99483
7177
30655
80442
41092
46127
85206
91271
16967
64377
99165
84281
11128
19044
90820
59889
52933
49196
92630
98004
55154
56694
86544
46380
9737
93279
38580
34840
50042
82657
9711
75122
50461
91134
89659
20053
60170
60195
31817
72110
67380
67993
20151
80835
2875
39351
52331
50806
37182
87722
21066
35817
64906
85633
30225
6823
77299
70421
40351
58656
5032
53934
13089
46110
83761
14931
70704
20004
54677
71751
1137
20502
54533
16805
78839
29237
96376
3406
33761
17989
10947
83773
22203
60038
6086
34271
70446
28549
33376
64795
53654
39520
75519
28457
69543
81360
85610
85788
84030
25889
14550
80310
1787
9750
91959
41313
63693
75661
5773
77261
12877
83539
73401
47316
77609
97193
88446
59664
92107
59484
85868
95269
29190
51542
7304
84241
4292
85978
2281
73498
32676
90674
40101
39817
87600
78309
10262
91525
84409
37652
72690
81421
90798
72699
53690
73589
23077
37190
23710
52676
31845
39557
37544
71377
54272
14173
3906
22621
61209
95123
816
24081
15243
87105
64937
90993
86381
47303
675
20037
99378
81741
42261
97322
23472
1682
89470
85599
98275
80611
89963
86035
31167
61583
23402
58833
12751
38064
89983
11903
7526
12967
58099
49614
12055
16509
8045
79643
16027
18781
84454
80361
31530
2000
11465
52595
87985
10184
44108
70174
21086
1431
20393
30137
50581
27631
81205
3161
35117
77714
92085
49179
29963
71198
7836
91220
71127
76231
5353
89988
80653
61505
87812
53859
85410
60011
72218
99896
90150
24120
20097
66107
83378
11540
33580
63185
13789
41069
94037
10655
10890
55748
82702
12422
65800
59323
97172
14813
98046
91363
36015
24664
26528
53021
14649
64989
40814
96131
40521
26518
97160
36897
63137
83345
79327
5636
25336
19126
42936
82888
79958
49996
51985
67127
13010
5046
7956
57730
90723
1169
76020
56112
37255
71379
42082
53620
65970
24997
79282
39352
74596
21128
67609
50021
12060
21751
96786
72781
80465
62759
99709
49759
43390
80114
92090
69191
99305
34414
29783
46070
15636
68628
64820
63790
35010
96042
17025
44982
29403
99462
69635
79979
58987
33970
92870
53786
21333
61355
19151
79522
90033
63313
28568
15692
71508
67276
66926
75091
90689
49189
37906
95215
2750
69045
72188
74283
39666
91854
475
24117
44515
32374
93289
70860
35784
28558
37827
28733
9405
368
25407
68166
13122
99293
24398
84767
95214
95176
48674
36844
28472
60325
18042
48515
83838
45636
97769
84990
69173
43462
14835
27884
23780
67653
67737
13581
16812
65257
45670
27035
67847
61312
13721
71779
81023
18794
98211
9741
46352
51727
18701
49605
30760
57937
84460
95466
23204
12900
89520
73
74037
45120
16526
29025
15519
44103
87607
27739
46958
19727
75403
75262
1754
48185
2634
11966
24036
51616
57199
70303
75343
96523
51899
15211
57551
85853
24248
1259
79339
10790
11014
25535
69679
38058
6573
35623
6079
87712
48042
49629
48393
74300
45459
43530
22399
36872
47485
85139
17350
76908
66892
72305
20674
34781
67137
28126
44655
25075
49124
43787
63602
24075
74909
27988
23801
39003
93015
49569
81001
30021
78770
35333
78876
56439
82400
97225
40635
91895
66969
31709
36125
93186
41907
52118
12512
76210
37047
1939
88435
96023
1913
2146
57895
96416
38999
81721
65573
21762
126
48971
6309
55646
22619
32049
45766
623
3618
83764
37223
75109
64830
44191
74474
43415
25199
36664
89395
58842
38652
15550
78449
86958
82453
79178
76631
3437
77955
85359
32226
77557
62636
59911
26173
28320
88554
96609
22015
18272
35963
36461
69446
87234
75101
16839
64445
58269
32912
15635
18875
41498
86773
32333
84156
1115
11222
98203
44006
41218
7115
38117
69313
63935
17436
69562
79589
81063
36798
83540
55104
88896
92003
85443
19904
4568
67987
68802
39528
13365
57080
59978
91626
83812
65703
73378
75621
19219
35351
42238
17506
41855
12785
96202
89751
10442
3195
96270
59057
97175
36328
65147
71268
76194
92365
17969
89647
62639
82217
64619
95768
15306
7611
87484
6583
59010
41645
98690
52646
58589
51803
83465
58703
69576
54635
60184
23494
8781
2565
30912
13624
93749
58724
84561
52759
68357
59665
18564
88057
11670
46285
37034
82978
87222
91577
42615
41337
21095
75584
40726
39673
96031
74796
35060
68982
82323
30531
97973
8510
22421
56106
57599
23372
26612
94069
95641
95726
88815
79456
65107
179
44259
50308
95708
75114
88390
37954
42251
69335
98471
11301
60955
85668
77922
89115
31728
65364
97329
50768
89935
35196
54025
34186
84594
30454
80434
17765
51385
91403
38319
22513
37585
7313
60465
16278
4739
11053
67228
40773
11244
32386
58740
91457
28748
92791
62255
95593
70016
66725
61133
23394
21687
23384
15875
38071
28188
6192
1119
84262
44210
1268
45043
81916
33582
57016
69386
939
35324
24601
98013
19468
79742
34558
76295
10332
16488
40682
85158
27389
76184
5330
39404
52873
52629
56705
92961
17550
95242
77582
14717
67740
33365
81344
24565
65059
42622
51400
90725
25955
87623
98822
94179
41400
4188
57007
16803
26005
10174
30512
69214
64799
22984
70070
45512
18209
8583
16966
54730
25442
31564
3007
79775
55978
91468
74844
12350
99153
96119
31769
53523
76956
1458
86139
4089
45033
57003
11699
82111
67106
11961
2439
25806
77414
13490
2027
29563
29748
65493
99531
38574
17256
83473
3083
95524
7814
43896
70648
663
645
70683
81324
57265
72597
57968
95942
28285
50289
98293
70568
10384
47021
65606
28236
29388
22242
9645
54393
14393
14753
90660
61508
24557
94371
54258
30007
74629
60299
90473
62068
67182
71315
70656
46309
49110
22521
15179
87479
43127
48451
50516
4438
2587
38743
92014
76044
59763
84352
83023
88771
45998
9593
59902
18855
36120
95828
58215
46292
7571
56573
24215
82796
57116
91949
57928
68710
11251
88620
38968
80203
28891
65985
87044
96234
81285
88507
20876
10755
43653
94518
89502
99692
9306
21349
13854
8754
68596
78280
22494
8753
3417
15849
69936
79978
4375
97352
50016
44362
13403
29291
85160
58395
80396
56364
33475
56090
20017
12269
36979
74663
8386
82077
20117
10953
44843
28623
30165
74486
59229
44175
98493
90807
78860
82769
23086
99897
10374
32675
37012
27638
79313
9158
23930
19972
68395
98738
91110
4799
12104
69398
24927
10854
79713
4919
41482
761
98811
97230
36967
76462
54889
70870
4508
10418
86136
56255
30143
63147
9202
53232
93560
9423
8702
61544
21294
56942
41582
61033
63422
79455
1086
37554
21872
80391
55722
28957
67099
72869
95338
95569
63448
14905
71206
63993
4433
15886
69944
82997
76842
67485
33337
68917
82771
96545
71145
80034
75724
32464
40649
16741
72977
62905
99125
55841
69055
67178
47125
46014
56685
4593
44231
56120
84234
83818
28218
45708
52647
39487
39935
48086
91340
95577
20021
25796
31198
36952
51427
58005
38526
35267
54587
23696
9638
6701
17464
8226
72876
23186
10079
4680
90050
59991
92840
73158
98071
14856
85989
82747
92930
28988
17719
12047
35106
33672
28581
33464
48174
7260
52682
26581
729
37394
41724
68138
74252
959
18821
45342
90868
98435
43709
19970
51300
55320
77756
48155
51725
42554
6822
21935
16861
29738
52509
69919
97094
11524
13700
55183
48749
28001
77361
79297
37165
8342
28839
95765
87280
56598
46761
76133
78182
51728
37200
63324
42876
5627
45559
68991
19688
48685
62848
9470
33294
93444
40249
89042
79363
72892
11738
38510
44504
23429
72193
42889
22769
19577
40684
1107
38073
82850
82982
31393
73935
23967
11649
53996
31238
73283
73919
24181
70095
19147
84396
13519
27390
13341
28185
45970
99853
47253
29010
38504
4335
24949
15913
94402
66005
74927
33408
37254
45307
33550
16578
66783
23454
52727
30093
46805
48282
40842
13487
31772
15674
55545
81945
86084
53759
91095
77171
64322
90404
17951
53968
83191
76644
85782
76601
72581
72958
75863
83664
7084
96707
42857
61684
64618
86965
87647
68531
11916
82477
33069
12197
84650
86251
76425
13338
16359
96535
31169
22071
76332
90873
58400
62214
39931
447
29811
52475
59268
86712
41698
75398
10714
26806
98448
92709
38047
66495
9722
64102
83690
285
54397
56031
94108
9453
36520
12830
16646
69503
70573
12888
25533
7751
49978
57945
80772
85991
30571
42843
32618
56011
84421
60609
28619
85224
47894
75339
72001
82130
41595
5876
19379
62482
92492
57534
73951
80900
49744
5895
78661
70311
55096
51670
48333
60522
71557
97997
15106
2925
40394
84243
29536
64855
77817
72390
51698
95432
12463
49878
36000
24605
25671
2346
48176
28346
57261
54463
12025
78457
8140
84225
16337
73790
76269
66588
63511
1442
91164
3379
77246
7334
14042
2694
68356
26673
13249
19762
40592
24397
44615
55712
77915
21183
36888
46818
81183
28889
9377
98270
26802
35869
15503
85331
53781
65311
84751
90765
30963
26525
29452
51811
82670
84893
48037
83135
22148
49113
62197
3653
41622
59950
13191
87164
7925
75449
81803
92178
31651
59936
23280
22107
29241
85293
15983
97130
89582
22750
89791
36206
26754
5742
39640
75292
46580
54450
97021
16277
39377
40283
39596
78913
65003
66455
37497
99334
18802
73714
11348
72060
8913
95737
71211
43148
26462
89896
86505
83736
34549
41905
15376
86832
51012
32749
20470
13790
36499
90656
98951
44617
42610
81062
40202
36447
82230
78768
36712
70044
4547
75962
46486
78743
5828
59738
82568
76297
11810
61396
61992
22850
5085
91044
15774
77053
38763
83087
74483
45886
70350
29205
5078
47350
14311
36079
99063
71073
17275
56905
27004
54765
80980
46776
80679
16097
39270
48031
59924
33781
50287
80933
25037
72649
23119
39149
33222
15942
95374
12748
13648
4741
84174
91562
54215
84945
38908
92205
7270
28528
95819
23298
48933
19798
22524
57944
21731
2773
29751
12299
70255
99018
99833
99237
34736
19510
161
90564
65902
86984
766
10296
38152
98630
26144
76585
81073
20789
34997
40123
35453
409
32428
83600
24041
57816
45692
25371
7695
1120
98828
25239
83285
17367
70687
88979
64661
41799
72549
10200
5737
27250
62090
13713
84637
16945
3248
45633
15835
3102
75252
21141
75601
24320
87950
55483
95975
52580
77790
67195
7081
95620
67924
99992
59724
21638
49990
82095
42274
65808
82435
76760
58573
3584
9941
53102
47076
29593
47510
37053
15279
77857
58401
72359
98552
92298
35334
25708
53131
89374
97517
72815
78989
9602
57387
52089
5326
82678
93387
31438
34063
24895
5832
91
67876
3310
98631
57673
68145
45972
91940
30083
67779
54612
99655
91224
40889
66441
29342
84726
5846
53857
21738
69087
26989
53367
3760
11124
52221
52371
89088
60643
10437
84846
91769
46289
30584
46604
57930
41520
64401
53256
28628
19084
37157
60484
56057
58834
35492
16374
38198
48545
17155
3979
59002
5915
42069
14918
36108
90238
76351
73942
2782
49323
30923
53217
49717
45104
75104
1389
17706
46668
60227
9333
70607
78408
7391
86563
74005
98451
24991
2543
88239
8380
80134
83026
59619
75342
40115
95571
95806
84307
82292
6386
65619
6742
48993
37723
63177
17355
80418
3491
29826
76592
5372
19621
10989
59972
11747
31701
37358
8874
91166
65246
22368
94581
63851
76157
87986
69557
84203
87279
96362
22286
19701
21495
51524
29026
10737
72148
30985
27997
62870
48876
87011
47576
55787
15980
10526
82629
7036
60433
20880
68843
99066
94899
27641
94948
64853
35903
92666
96958
88056
80363
61405
29650
2970
99569
17693
36065
61116
50771
84195
62995
77958
51896
4588
72036
98208
7077
34068
93899
39720
38416
9585
5686
44618
91776
53957
21442
46884
73685
56456
32577
23367
50209
38316
99792
784
91023
37409
48870
10850
9268
94867
17416
12552
27234
67909
7222
48680
17664
72541
76509
15408
80229
77974
87023
18931
13584
2865
39861
19802
10280
75476
87203
49627
53276
88567
28091
72360
83440
80117
30878
95332
36408
83926
23624
39318
49601
11157
8746
54390
55547
15532
76527
41059
2583
9643
70937
59535
49595
17513
93037
68019
35069
58566
58649
62561
83646
18934
20399
19358
77948
93306
51530
42386
32509
17638
9173
97489
51428
49626
5125
57473
57259
37537
22852
94390
56532
92197
4119
6826
89696
57070
90984
62651
12646
73439
10627
81040
93277
93643
38617
58944
19832
87095
77847
90292
43728
40948
80246
47777
23761
41837
78382
98099
1290
29260
13537
57643
80162
52832
90620
31920
63531
14396
13634
68555
57419
8116
59145
15344
34734
86938
23863
83298
82911
64591
5065
32933
94701
67893
76782
64175
42305
31203
77962
89563
22527
60225
10959
98424
10345
72000
75932
8382
39099
38315
41712
90736
19647
89314
55495
88060
20745
53325
33885
84153
41108
41071
8069
10436
13203
85304
39060
11953
13430
96387
63984
52702
73810
99827
94128
28376
71233
8285
97890
45830
16319
26747
38689
50008
4864
46130
42074
84064
4504
92075
77293
49310
40238
61124
54875
634
7867
3289
59205
37441
76283
81985
47874
78433
93403
27463
14271
78226
67600
69825
38598
46311
88691
26846
97762
6996
86858
67548
80093
84940
60229
16561
16102
58313
83407
52755
20940
11423
8085
60969
4733
65851
77674
83190
5391
91709
21580
94347
46628
67732
63421
46863
41207
78134
91770
72334
54820
35540
4634
98658
46750
66566
42313
37604
65579
82025
94438
66338
92426
46369
6973
51494
40309
25587
4088
67844
46680
91111
37776
63483
71745
39739
17399
94423
36652
36589
82618
16773
32840
79235
27179
82801
52333
65402
58852
44334
48793
73641
5980
28413
11901
91661
6273
54085
98290
51797
80026
89605
83824
44228
37235
51736
36864
49245
40966
23163
74983
68621
81894
57770
50635
37471
20758
94200
78321
32068
67935
53836
97684
94604
30228
27501
75979
81271
29443
30661
15427
6562
39261
36034
25577
54097
17862
90735
18059
87662
14615
3444
21988
8996
76412
50546
76865
64114
64999
8736
24508
1780
88572
29357
2453
10206
4798
90188
48379
12762
83105
5376
65949
41437
81121
69123
25290
61441
94612
56462
75835
35802
45277
19636
88022
57539
34595
75064
76514
87003
91279
16854
41435
55627
19394
53000
583
10438
70033
96624
13534
92600
19822
1404
76278
34248
12912
45182
11170
55829
14953
16281
58550
26710
60415
46458
93210
92675
87332
20772
20292
83117
14136
8383
21842
83306
