100000 284 704
87406
79701
61062
88782
94364
34965
51179
94310
80859
93019
95872
904
97715
59277
90765
14678
51853
59599
41915
80050
15707
53345
52278
92561
45796
72138
15987
10652
39455
15680
64249
11957
38706
86753
34562
66258
18208
74234
3520
92305
34117
38951
19560
42254
28380
36271
46416
11277
70635
30583
20832
4617
21497
49628
93140
46388
36826
65756
49810
77970
24689
21504
70009
46062
63612
78963
89954
6092
92515
26588
99446
83456
66038
29668
73929
18524
12083
37595
15993
36048
34168
94913
27996
44801
28180
98125
6850
45813
67742
49968
65183
47552
30705
80274
46332
7201
97960
97146
29618
53707
79511
7219
82007
47133
3448
44755
98624
10081
34068
93890
55049
853
91516
81218
89683
59805
55819
57625
92452
95545
52734
96980
15956
33067
7526
97057
48939
95291
80911
46110
9496
57741
54566
2046
69443
4978
42849
44602
12190
30187
73923
92483
37698
85598
3849
4766
50588
92815
18486
254
25365
16257
2157
60702
17511
49505
41802
28315
45702
49263
18346
48543
80689
12553
61557
43573
45942
43822
4120
66932
26670
15565
28871
86127
43348
31141
19074
58198
26865
45519
74820
6470
21348
59178
73675
18699
81816
44251
25685
74333
54198
88770
92063
68050
59642
4655
14028
38140
21289
64581
89191
81222
95119
40168
63989
52415
5527
64053
3470
14971
56943
37402
96065
31973
44143
35480
38218
40611
22482
11315
79197
36364
14822
72343
43111
28833
21670
69862
56081
35809
95233
35232
10235
19097
24698
60817
81434
60710
29843
24919
68467
46058
51760
17293
42312
90854
74307
30608
34585
88559
77360
40478
74612
97547
64799
25889
19858
52909
86539
58163
50527
12156
77307
61593
96818
1490
15869
75920
87990
57938
227
9529
2498
90165
78202
94064
25056
48528
42507
44010
91630
83543
26846
98081
