100000 290 688
29572
1979
31398
31768
66925
85314
64038
87851
60459
86080
45896
52494
44630
52288
51858
50549
53159
47287
3531
34705
6197
76025
82889
97652
44564
67106
32241
41395
46251
23207
40573
80551
40486
3283
44242
82999
62496
26597
38518
46356
32087
34675
92573
85272
56782
26324
34960
58345
47970
2114
69355
98197
40075
47549
45435
60229
38598
23225
40235
69196
14991
60658
58295
94876
63219
24460
80602
13802
34641
55799
42987
30789
51170
64590
3557
17412
39792
64820
29342
32973
39174
20476
46991
92874
57641
80594
27672
38702
44211
68120
17747
403
5027
56191
54073
63301
17509
19884
74497
8647
76473
14554
23101
66185
39441
72159
67800
38772
13173
63057
70854
53234
57316
76900
45737
86994
42897
86755
75512
77992
38537
75108
76594
65252
52760
89137
49500
31226
10082
20716
36259
34576
6886
59826
87710
76068
81947
79247
57290
31185
49238
74981
69578
94259
6978
7230
39094
1477
38212
77998
29335
57935
12406
5547
74184
68788
44086
45667
28363
30950
49474
92730
54198
52188
3007
18070
86349
33910
46656
62659
81162
45547
61904
59267
53821
77886
19299
75239
24442
43736
67588
20235
37619
83209
83894
78283
31877
72051
50270
95523
23026
51778
48749
74217
24779
34813
26788
729
71504
54035
4457
26132
80816
49610
2125
49203
11384
24997
17384
44328
36226
74710
79076
73240
80329
37718
37268
6677
19366
68973
95446
17565
23074
37083
66097
43973
61317
45901
95731
31056
95630
71985
99548
64896
16053
96482
9975
96410
78083
59801
44601
4296
62652
59097
56321
66876
52076
53439
37320
53210
55067
8980
5773
24154
56226
58319
33330
69358
31188
24602
47766
32261
92943
64332
20214
72823
92227
63823
73363
38385
23550
16084
5774
3193
15914
48793
49255
63664
55040
43702
69090
51666
72531
15288
90220
34358
91508
15991
22270
84437
