100000 9523 21
81536
34259
50923
24381
79922
63623
96576
75210
33247
30547
71209
14662
31615
73431
46908
57235
46014
54732
70015
76988
13272
32561
53996
42585
1260
7212
44961
19251
20847
61461
41140
70725
31087
64260
75528
20832
12087
34184
39469
29402
19869
4919
21007
13762
55260
14209
6308
878
66494
58911
85170
29909
6777
51628
66753
76972
3941
53471
42114
37472
91380
87880
83101
53567
46366
2427
88888
99935
83653
99812
42025
57872
35552
11711
14866
91097
92828
16157
37777
45065
88373
72168
55233
90948
34222
56380
21187
24846
4813
72637
26551
68856
30105
74389
78875
42996
82120
94200
26048
32926
20396
37737
4833
48202
94852
39883
13075
87355
79306
36715
27410
20210
42831
13222
81150
93254
27900
97134
58763
21804
39455
83779
72052
72595
4526
65602
40922
64150
11333
68053
79615
29866
5128
46767
72922
42718
6886
10176
40210
91450
33737
98237
16783
9305
66336
68356
9327
78890
9722
30824
96669
94606
88396
257
79238
38937
62892
19226
25149
85313
40054
93326
1425
50622
10141
1454
13261
89938
94947
4524
39244
17606
48017
34057
46948
98299
53161
58032
91291
32662
14480
74587
41440
51101
90658
99170
93932
70378
70071
82783
17289
88026
10104
18123
32717
24041
23803
67586
77017
35485
16494
38039
66666
53157
82329
58370
99698
28435
20795
8591
96888
49152
32266
45663
12346
34621
82706
58379
91540
58556
75053
19167
41547
64149
39684
37306
12833
25339
21284
29013
96575
2451
33548
23579
78613
27040
17224
9956
86096
535
38243
79021
30975
82949
20016
37638
24558
92813
12779
11117
77440
6850
60098
31022
41510
89873
51867
40548
16423
61686
29428
75790
67335
11207
83467
78893
58029
48996
12341
19719
81244
67212
92811
3646
32094
32204
83004
82059
10934
80615
68173
53397
48683
21529
33951
83323
26688
40983
90479
69174
15994
35766
3662
64261
88673
118
26339
32824
69473
21762
52062
12456
61223
66192
24880
3961
4713
20675
52052
30345
59592
52569
57646
99984
11524
32160
28551
31137
99305
26895
80902
92050
98912
91669
74867
43207
17043
35436
35190
35063
10230
16016
70089
79361
15295
7429
93584
27194
18869
53617
38095
6950
2114
32293
25025
76594
35364
21281
44809
528
47165
25092
24050
59020
59639
90270
77004
71951
31378
56508
51159
15651
60721
74630
41717
14545
56785
7801
5605
85604
3674
79012
23268
45371
25744
94442
28048
84284
20789
44153
49882
73081
37112
24166
73477
1229
54744
22829
76308
111
92263
604
13094
74752
1860
67103
39152
40375
66490
19097
92711
25192
55200
65127
77345
82527
84254
88487
30760
35261
31706
23254
29823
18390
47756
65540
47732
63384
30192
62380
45225
86383
7503
7070
80642
63900
7708
86194
64315
50511
30786
28964
51088
66595
80654
83413
64821
46950
19425
10966
23533
37288
54001
46093
90526
82312
51661
1458
11614
1068
57047
21760
21689
60321
74730
57395
64615
60231
17391
68375
82257
46958
54456
1144
93681
80113
36137
48028
20851
58049
96087
88208
77907
47746
36812
77782
47085
67825
86659
57603
24140
30611
48082
54253
52614
92150
73308
80151
41130
75768
46092
82243
97092
95919
29025
28632
93251
26065
67170
93306
10572
19580
71569
75110
61856
94796
76040
82829
24666
87471
21780
3880
80302
75778
32366
53812
28208
38236
98769
6877
62253
96894
86690
15909
49657
53217
8116
57621
39779
86985
96271
13824
23517
78606
233
588
96602
42050
55024
30622
65923
55218
62685
72809
99802
34460
37929
4668
15844
84445
71881
25417
36668
29264
62899
59960
20315
87869
63604
77728
91998
40538
27512
28621
3511
63465
81604
54561
20368
7663
47996
26437
61578
14821
28749
28671
77763
96573
13528
27591
67760
31482
76247
14488
77470
34179
70174
73111
55686
28316
82986
36802
26211
65548
65670
39068
72624
9690
39269
28585
78261
82908
18808
85180
59013
10289
77054
95863
17649
13104
25268
2222
15808
78588
82260
24328
41525
65889
75589
77556
66942
11238
3777
92355
71393
40290
2043
10651
17066
78539
98134
63157
50085
72221
48797
80454
87907
82339
4834
21761
8134
86853
64418
4252
80165
72024
57015
51743
80328
7475
26800
58311
65760
6301
23967
91070
97757
4185
40034
61839
94042
19573
81196
82431
42991
13054
56633
47380
17302
76075
49992
33462
17545
95007
39989
72461
71632
50018
76819
5420
30158
82725
5905
8706
72222
61557
49205
48394
65396
68271
11018
56069
77539
48072
12886
70404
89044
4156
88064
81880
410
65619
76141
87608
21854
26219
63208
77079
95672
96332
61576
53284
66455
57937
29005
55313
33837
84165
93062
4427
3552
22718
88104
94491
78134
33562
86076
96489
83032
73208
27394
34964
18329
83453
43419
19182
23197
44810
30089
3632
78876
12482
45071
99235
97044
54377
84082
29126
11242
40389
60906
99626
28379
94443
98939
49615
653
65243
8033
19035
42521
18354
1014
91828
66062
16492
20761
80132
16449
72335
36425
17590
8767
9806
442
70803
51459
6776
75011
92441
69934
61236
64951
68531
47757
90918
74880
29849
90142
55426
23087
34880
94888
62660
36828
4070
25152
65473
57875
14405
4486
68315
50593
4892
90436
14592
10295
2558
85950
10868
28297
90604
10636
54240
37657
67376
80315
59937
58498
53232
60545
51296
74609
46004
7400
95949
98863
24210
84429
85732
41199
7586
72285
71124
51913
28286
70847
3630
36654
94772
45253
92511
31872
92354
58703
98143
56584
15960
57978
29469
17206
4896
69743
93145
93506
80552
34171
26656
15076
37328
50230
95574
96400
16976
57188
19047
14888
96364
97986
19311
28016
28997
40858
46413
53840
18811
10066
73372
12262
39627
49217
68662
3863
90594
11043
50247
8220
43989
5840
90614
16353
70387
12213
46434
82235
42512
44081
14983
28793
24825
7982
96507
74975
54121
75856
55775
45666
37128
37285
4513
76504
15396
98439
60763
54957
33814
25091
12069
29125
56151
16305
11370
31139
85254
71877
51180
75126
4505
28176
91019
5673
77424
91679
54546
15203
18202
38894
56867
99879
69342
8070
36695
33828
94601
35074
82378
58994
56481
58664
38388
6487
39107
95102
69670
11872
42673
91062
41741
19683
66213
87338
72425
39434
17230
62381
74836
8279
42469
24805
19838
85211
90027
59696
817
82991
24730
74685
39847
12660
63740
80952
24847
73642
67901
98236
39857
8787
13256
31304
75152
83624
98038
21902
59087
37763
40414
91817
45446
76179
72932
7656
62509
46926
38957
8511
13342
84220
12813
23064
40402
7869
97951
70524
97446
19764
8402
48263
50427
30098
67815
33393
92201
15220
60280
17309
84467
30104
88384
4814
85552
9498
69738
22427
31215
20460
74827
25381
74269
16696
50244
77420
69870
72387
14001
11368
99231
84733
68198
97554
33142
63883
71194
39136
46169
24065
1844
42362
46227
37348
45168
41527
96090
62483
27989
85138
82484
55580
38069
64038
61027
7622
18258
76253
63082
25966
6646
34841
8125
43561
77040
98613
30784
25671
43402
90146
94387
25942
66481
32785
86666
53984
32851
22316
58802
64666
5020
82519
12123
66586
16524
47660
88633
31834
57374
8978
14558
45594
79958
63971
49906
1765
14528
19474
70332
77095
29417
45512
23166
81356
93124
24869
69029
23028
84330
32348
20030
69353
68782
41542
79945
45337
87916
50313
60080
69527
28289
38506
4767
84596
10428
92937
94786
9784
24131
20634
76595
30160
69566
7277
75363
86939
41507
94857
14795
44366
20820
51896
74882
65171
42738
87823
47584
19464
76840
37099
91439
5093
36906
70698
69844
52635
99433
15077
78831
89946
33587
99602
12340
21883
70349
60746
73910
45572
78708
98677
60315
33522
87780
72823
15712
21653
37827
96806
74424
90623
54298
29116
80414
13099
87571
78767
34979
1013
18969
49971
88342
52545
99479
26894
51711
3286
11466
59509
74472
97574
52166
10302
55553
39772
59214
85532
52274
69584
87517
25295
16390
46514
9964
5872
42230
75171
34510
2806
11289
62070
91659
31492
81001
55398
60332
76519
1428
79275
29049
14769
74969
63559
72572
48814
62722
77138
2245
85184
12752
67788
88607
735
55140
73617
76241
44020
5294
11337
8665
66890
8714
34283
52403
94693
79284
40361
77610
36536
50491
56730
93034
45986
9870
26757
97145
48047
95935
26093
48338
1741
42051
71865
54919
15558
80791
3128
71446
42419
16618
75814
69921
63762
14926
63064
41664
11508
86138
96799
14603
49700
98409
50794
28675
42861
79244
4779
63305
18810
51873
55962
21158
3839
47361
54889
33870
76613
78150
40104
12146
83528
7004
67256
34716
57093
90253
67268
80401
72919
1999
3197
34178
11942
99366
32189
88637
62585
60839
22733
53689
81466
18024
71068
26492
40979
30054
35954
59676
66463
25803
44630
81128
66002
3449
29053
51319
61399
76637
34197
89605
88555
48547
34345
60357
35796
30558
94736
67397
4428
25821
24422
52594
59327
66274
72615
30401
25272
27093
19034
42678
83234
45524
64368
76628
10465
16893
79064
34511
23519
13672
73337
47269
88682
21629
51658
79198
69783
35456
96724
62548
31442
6513
21860
53798
7197
90601
38387
5678
59731
33895
2147
78228
95908
41539
48142
59850
76264
53943
56133
65927
58866
69935
45837
22817
5508
89686
5610
12580
26481
41329
61594
46387
53763
17544
88499
89013
74456
97922
12430
74040
72397
11796
19394
19327
69791
98374
39797
78839
18751
16836
54085
93387
9167
20473
52669
35991
61297
34573
74763
83986
93801
17604
56394
99631
68292
66052
93591
13309
35336
73213
98829
91783
52475
18888
40779
28460
28746
52986
18288
57694
40385
24926
57661
70087
71334
48647
72642
67852
27920
45050
28168
73008
15436
99605
842
59656
22106
50261
13969
43421
21823
95865
16378
3309
91465
69567
32902
31682
64657
34093
36135
47110
79821
68105
33362
36282
2602
80546
74976
56104
66995
46269
45232
59681
77050
92593
78673
6699
92394
36007
7205
18106
19317
30223
64403
85889
78259
80231
77872
68476
64409
41384
32078
89780
54796
50653
81843
39791
13888
48863
37095
3072
60339
49778
2420
63827
37549
17215
91531
55363
33312
37168
50862
71448
92666
41118
98215
94901
11360
87070
58562
78011
60585
32462
89425
40630
41790
54431
40478
66210
57888
62212
11586
71806
85554
42146
9746
3020
39591
39703
19673
81059
55789
59198
18955
38873
35701
16808
43394
18563
61897
14791
74143
190
11071
71413
9946
238
34431
81345
66452
19109
98931
42802
22504
54381
61684
50372
99942
98490
95309
54543
9307
44861
69774
51062
36343
69330
91491
14057
52061
88439
82019
87799
47936
22435
64742
22336
74343
78756
522
79907
68279
86544
43692
62090
20815
40222
63155
54608
57179
81035
14124
58112
86239
61266
42475
52429
92945
33313
19782
59662
98319
69661
52834
76666
82336
33602
99444
86130
20955
26345
35970
49076
60903
90667
69620
48303
93900
99728
86943
55248
20759
88509
36818
21110
49177
43507
38152
34300
40850
95895
50532
30138
18174
62885
4852
86331
80019
97762
50642
46406
4968
44353
16580
17975
39676
32465
64898
99313
12974
91554
21140
41824
42209
21458
79145
38945
73916
68642
32102
70639
66418
70257
72178
47252
20863
53545
70310
65016
1957
79761
81247
18947
12977
8602
14111
79898
74879
53750
95963
24682
64465
22880
7895
82824
28063
10841
97861
26702
58514
5848
54711
52682
46286
546
30768
61145
62038
2470
3924
78621
63969
58946
66426
53113
76670
25464
28466
59001
23583
60740
59007
7303
79851
93112
84395
26957
5849
62763
32596
9627
51570
43548
78852
61339
29562
60946
24938
91098
20162
80474
38633
72223
41655
58521
28409
14051
23650
47131
18338
78329
12008
81167
84057
9232
94948
63331
77825
32469
23401
95674
1833
26367
44162
88956
27537
5542
25967
50037
25541
60537
29295
96604
87224
9610
7700
55037
34591
81998
77871
45872
28705
26220
17760
69955
76256
28069
46294
52311
76515
7437
67736
38437
51981
12267
81191
35164
33916
27517
44402
39142
68101
77585
9737
63091
46875
27066
22461
15718
72740
12406
62654
29333
18982
73103
62505
69510
89251
68671
11168
48011
92930
90654
93866
15794
25175
55624
1398
25361
95854
3343
20950
17732
29919
73161
44509
69407
32806
73510
9245
2393
43762
65092
24806
40749
73095
33431
88292
91876
67257
55074
39117
43106
69615
52339
46522
23864
41362
61523
43022
72102
93146
415
41771
18771
15860
43348
86176
25226
21154
90580
40847
61768
36457
37071
16372
38560
93741
1639
31690
7043
99394
7689
19940
56518
38193
12234
22477
6505
44738
59738
67931
4052
53440
40614
3353
49909
21181
73223
81730
24867
99221
22139
98403
19843
56659
51926
24681
37253
32259
56203
42158
29888
29155
94195
23664
17177
51020
43614
91765
42239
46997
64841
76984
8183
50781
83326
98791
70297
73427
19078
81525
29251
35420
35722
835
37004
6158
9449
335
74483
50319
20177
9239
61884
97274
53417
36806
78322
89684
4930
37150
55605
26119
2321
45385
55078
84898
76510
94922
86248
52500
37527
22142
27515
45518
97486
65731
59468
13875
80140
16957
62776
17730
41535
31435
72671
59148
96225
83048
62030
6644
84385
84536
46980
48145
26673
56741
82842
85349
90438
84
99892
36172
64383
25757
86575
78395
69849
71314
83855
59942
58557
11032
72429
62841
45834
88573
80319
52611
55944
43930
4164
81709
51987
81952
67238
74107
41073
72430
51181
72783
79041
75865
58653
27891
5117
31919
39151
81043
61705
13750
40132
20964
58296
58910
7035
53960
20518
11505
27039
89073
9287
97154
15469
51103
89421
53967
14907
64941
66622
62834
76641
83785
14090
63125
88283
64195
90657
64234
68918
20198
54126
97096
28099
25857
61197
37084
79213
90365
16560
17060
21312
5794
18500
61365
25270
63629
84337
61482
36212
31069
87643
27382
34396
89913
19612
32181
50994
51699
1406
95188
78986
43979
32394
44835
38182
99253
3900
70010
78232
94640
39584
9173
35661
75088
25443
71084
96999
23357
55549
10474
76912
7536
68141
54235
60040
72205
62131
48448
10616
36978
31165
59570
52553
9873
3350
52176
12894
10506
34887
94805
96570
66196
38022
30527
84256
93735
73860
32037
76702
656
62185
36276
27695
36338
40024
91183
38525
38340
82383
19176
24408
60026
9602
6846
98170
28054
80809
18280
59255
72905
79794
27012
82684
51599
63718
97070
99333
52574
74703
71797
67276
40651
25690
56274
95961
81782
13842
88340
38272
94035
68748
62853
65129
51120
73991
84618
75744
39996
68367
81444
3029
47389
4116
77503
22260
56406
90624
98059
50035
93086
80243
4929
5058
6459
7052
38638
72625
37475
38404
89626
31285
12824
59035
6778
53865
38987
13970
59419
28127
43589
93953
27541
74383
81323
46575
26590
7916
42606
75078
2930
91194
39961
92605
66755
5268
97119
91822
50067
30178
36743
80663
69107
92162
64136
77842
25697
12207
24728
55535
33199
35043
46062
24740
59701
77733
4783
33162
47072
74386
68888
4514
88136
58767
9807
68928
37666
10522
85307
3823
30795
29440
19924
27531
19912
58028
10011
87111
15687
75049
79772
60987
11924
7645
50885
38206
22893
83650
14899
95300
44287
52033
79813
68435
80751
27550
80426
1120
80617
63027
27126
51596
76285
56482
25230
25800
80950
68033
96509
1109
297
56031
34791
70234
93815
66307
1279
43866
53757
91217
24270
42938
51229
95140
7458
45638
14272
43376
77445
34702
35380
19046
23901
82769
40332
97583
43332
52327
40721
87062
80028
50796
85099
86502
16054
17124
85845
56126
12389
12024
14499
9504
96246
45005
54774
23297
52800
668
77917
91131
85274
97117
32673
22325
79612
78988
83827
34409
30560
75754
21874
5139
19319
28776
29448
18856
51535
45657
76036
73300
91868
14519
21819
45124
93208
35119
60019
40597
53371
56667
48205
54924
48246
32709
16633
54553
49175
89498
3798
43565
91552
37461
8280
3508
9580
17151
37541
75331
23762
92956
81474
88066
63923
63669
1529
54790
73497
99034
61972
69356
88746
83714
5581
19224
66902
27004
60600
10502
12770
44351
45764
67743
20661
32910
29846
10721
83033
35452
59231
38126
94510
77168
28003
58598
10268
99706
58386
60968
56478
76879
44021
46622
18378
49084
5863
84276
24580
92456
53826
90233
33992
50843
64714
58928
7454
58897
59723
69616
40857
83606
51250
3109
83295
78544
20470
98566
19191
62413
28397
6412
57297
64404
90149
84468
32311
6485
26376
52549
17648
97311
78872
75777
38848
53961
24534
85596
28614
59607
47031
8157
25363
85509
53088
91273
21078
52819
10499
70041
77938
27167
90729
59792
85606
49193
12392
75979
25677
27091
39481
91785
89484
49997
18550
29466
39856
96567
33636
87928
83019
14463
20388
83878
51587
80671
97927
15764
4080
88902
3815
47717
67749
93213
71037
90961
4787
7610
93533
17908
65266
2849
47379
37425
89810
31312
59091
28701
32615
57175
61734
58231
9486
63204
37830
84983
19158
80455
47384
85390
40195
71157
60909
17854
42799
22053
70777
97522
95494
84502
94563
23770
31197
77471
1282
98073
67673
6255
92190
4374
63726
73963
69182
64268
99392
79431
35041
93199
45471
82293
72380
9721
70632
48978
98098
45092
82256
51965
44204
30081
57372
66071
40433
48482
63367
53884
94144
23822
12038
33463
9867
80115
2144
21922
18786
617
54624
36800
22668
20083
84847
75039
29497
38732
66742
11265
64852
3364
3913
66862
70291
33214
57367
42144
91881
47114
83557
82898
45673
73018
147
65865
57103
40844
31089
45573
75818
1725
43080
56770
91650
9296
98583
25700
29779
96309
37933
12314
99590
89129
6418
462
61306
6314
48990
29960
63882
70060
62745
42625
86438
31843
78543
2722
81050
38639
11079
73466
97191
82896
90010
47133
55473
28626
51960
62751
1471
54930
18626
17346
87796
25719
14070
13138
15767
75864
34375
52159
86228
96410
95142
23483
14215
28332
62163
47920
14327
10808
53727
85782
55342
27626
70176
49618
64376
7514
9074
33878
66031
40570
8965
4873
11575
4951
98325
28548
61254
63450
20997
31133
60991
98074
47728
33225
17599
38196
43247
5063
46594
91919
37713
7358
98838
75150
93859
94920
79670
14228
80458
20293
68025
67993
21681
72546
18211
82943
67569
58409
32123
67675
52704
82775
38546
53632
10170
70346
55801
2961
32795
48198
75838
90255
57350
73248
55411
43129
60587
9120
94536
48305
14271
89139
11914
91329
47937
6673
35455
92002
69378
58163
98168
95813
54677
72810
63814
19469
91621
90304
70149
99643
59608
56078
93405
31100
36069
81450
74382
15180
71845
54512
42898
48161
96698
67421
26162
29879
80668
94961
8041
40715
78219
32340
78223
49942
5127
23867
69712
85831
31518
67555
14876
20087
74881
67936
73186
49594
74628
79229
65317
61905
31229
49410
10156
8142
84507
30116
92846
97908
58181
86258
79513
50736
61847
84905
68248
69334
76813
97928
21036
5900
44552
44927
41201
46520
63638
80212
43337
45254
96976
83598
44574
61942
11771
13149
88001
41853
62132
78002
81409
74670
72502
70295
873
71326
59442
81751
44199
11891
17710
13569
96126
99595
83492
51482
92060
26640
73551
65898
16385
5191
5265
55508
40124
75163
99465
256
26836
90048
27804
14829
99008
80956
79973
94199
75551
43845
29561
35233
63894
89842
78913
945
34359
44173
77023
27095
95639
42950
57389
2129
29206
77201
96505
68909
68217
59067
74274
71114
90175
19841
39990
77171
51087
80597
71612
17587
88709
76962
49388
17121
80430
10821
71105
1498
34051
52486
24900
89221
91148
83992
65405
2338
724
32275
99012
35459
99285
5643
60778
74311
77519
29925
95212
7344
74755
21532
69923
99481
41600
17912
13134
68602
75797
35083
63245
29638
68921
59454
38779
46236
49787
62123
44108
99420
61219
61342
86241
60171
10915
48583
82805
47535
34649
39274
35137
95148
54749
47254
43390
11549
2010
6490
74896
48506
51819
51728
11074
26994
51678
6341
92158
73158
47627
28340
29536
92554
50706
9930
36340
70216
87290
59622
76966
91076
15257
31592
55001
21476
50152
66768
15779
72569
7885
13959
81514
67464
40202
10095
67531
76545
33809
25696
37333
92884
30899
93663
50318
72992
50346
6378
50668
81524
95785
88456
33651
84823
53977
85251
78572
54773
98845
91561
53463
54916
29442
15698
40855
86552
812
40684
72527
97977
41279
22929
53090
81187
65744
31398
37722
64223
451
79801
30501
26579
30892
44044
63910
8828
45907
4740
6933
23463
39778
42785
23423
36221
72424
47644
48909
51284
69257
58016
28664
30403
33486
49764
64096
93987
85379
33367
20429
48150
79294
8371
40689
56465
24261
85196
73363
95299
37557
94158
49432
1315
28196
38207
57911
63704
99853
9897
65689
88338
14313
19336
66477
63124
67211
86892
51951
84978
707
49278
13761
52588
33927
43028
30021
64017
8526
26281
95126
32162
68301
37721
20508
81830
91434
77164
78464
69204
86461
60710
29784
57537
91907
90245
89167
55648
1656
35915
14356
51754
90602
94430
7790
78425
58285
983
14635
50977
69575
30082
49381
90613
73546
16462
93919
11907
94062
36064
80420
41484
54095
61519
76408
24086
38010
27731
1463
14173
65220
62224
63345
78959
24542
98494
33516
93571
32618
65618
29483
64731
39732
45955
14677
7638
21911
97534
10394
36313
26434
72296
32722
53657
65250
63841
89848
83688
10167
47693
91419
2302
4855
64391
92098
10751
43540
15441
151
96412
27596
69361
76403
87736
24427
57265
42878
84440
89475
76404
18976
48989
62040
21816
57193
55441
94033
78231
51957
14485
23640
25895
7312
39515
8369
52980
70586
67059
30124
7693
36535
38510
63380
74906
79022
52651
99271
82831
70672
81542
43934
321
96335
68158
39660
99760
77280
55805
59485
32039
28116
72911
38006
70166
59675
4469
13273
85016
21946
6924
68693
25601
46864
73294
24593
52104
72063
79343
67312
94268
35800
10725
21276
75878
72644
41228
78577
63926
22399
9808
77231
79382
68579
24936
11574
63976
48453
93749
39972
48901
71163
89275
13066
37629
85255
69560
56876
48379
89496
38549
76432
23686
45086
98314
80714
47025
23889
1666
28188
40143
17547
52535
30850
75964
35797
93719
57743
26427
52604
43947
58665
13331
32632
36597
58257
87375
60151
66092
57050
53223
96216
55060
15510
21333
57918
26628
99913
68305
72466
57580
84354
51955
36885
25809
44642
63613
66135
71199
49826
24372
44725
4565
72006
11873
50560
58173
97257
68092
82583
24497
72738
49583
75827
71964
15505
89026
16562
95064
27999
70976
34360
7294
51657
14649
92925
11264
51358
33039
83324
11094
79096
91805
39738
46749
22577
7876
99613
51591
52689
23778
86928
63677
5724
55344
25071
42320
37899
52058
78041
47140
30132
97439
60894
26388
53523
47877
28528
45129
85853
38870
35259
68168
2991
19172
7922
37356
51273
66788
44208
20843
9849
62614
64751
65005
35361
70169
99571
46300
92841
48549
41151
43645
3256
23344
13276
45831
30561
52695
79204
82087
29306
56440
88495
46560
31927
61934
59401
53915
65776
35035
58479
10878
83572
85168
33681
86589
39186
51468
2666
48934
30147
29078
40786
89788
79372
19751
12494
17651
35130
86107
30581
19873
84271
39402
26548
24489
78815
37269
34480
1697
94177
87785
40262
68234
12934
78684
61328
72509
30649
5284
64065
20112
59339
4577
46080
57725
22805
70800
82491
41679
54068
72942
45862
89583
32641
57581
83912
90577
86688
58844
61079
68190
96184
54087
95751
22152
19272
34366
58466
56490
51776
22937
106
68187
92337
5611
23588
72369
4456
79071
54767
3316
85778
77315
27952
86816
12278
18397
22178
43808
44985
82525
75257
29972
4269
96229
86751
40452
87024
69272
96743
94048
66436
8314
80400
73964
50848
26853
10961
58362
51260
85419
61876
75335
19429
95893
61491
8761
48492
11457
93071
87265
53306
28935
14513
99371
61840
28186
24248
81559
1326
29470
24403
84472
57031
9529
40854
57090
82131
89212
49881
41740
38612
26631
94067
17945
19495
16638
43355
24231
82269
62209
87494
53553
42064
25331
53155
14297
58207
80961
44201
59143
47579
50767
73408
93020
51564
37514
50314
91031
11621
17059
11838
33873
55547
77348
9121
1516
15356
2040
32074
51858
20099
25564
64663
61983
1662
22341
84226
74829
48979
60840
91583
33896
29133
14178
73716
66803
3390
38120
20041
4474
8560
96291
9338
90170
61949
98783
31414
83978
76827
34703
67236
10592
18675
29243
75999
66736
38360
26430
46358
44805
36512
60951
56812
87291
32728
98011
70427
45122
50065
94522
92631
67166
70213
15807
59894
51073
69581
1351
53225
32407
94196
2293
46191
30967
19436
80234
91101
28601
26863
99777
37889
3131
45780
71233
79410
10333
13939
97170
1502
76724
61853
59225
44412
45093
89999
2098
20278
58478
96560
78151
9670
94840
98127
20298
56735
95372
32387
90797
71492
11142
90593
27087
60059
15251
82694
67299
61537
87102
81404
78972
83419
81221
75973
38784
87717
66813
3061
68785
23911
13429
65580
8046
85264
95398
98957
74561
89775
55762
81449
99932
23624
11807
33537
73557
30932
10825
40714
50276
69332
41171
4189
40859
18295
98380
86887
31216
61086
74347
12654
15306
85759
681
87315
12431
76129
28386
59500
27324
95324
77355
70574
61282
85939
13208
94146
42698
19831
10899
50690
9072
63959
7290
17441
3842
87296
74255
80323
9157
7654
13581
86923
99380
70270
71270
28035
94538
5276
36133
71862
12898
35824
52848
98243
57901
98910
77755
80274
37354
6979
4282
64177
58019
69672
9543
33325
92895
24799
32594
63895
3040
98389
4187
93898
52751
41862
56580
17359
73341
35644
56757
65553
64362
22450
16851
58583
24520
48781
38979
65721
51076
72567
78320
41042
54506
250
46039
42687
93482
73747
93379
66800
27876
51645
98560
49779
18882
48651
30465
10248
25173
80828
56600
12119
72392
49714
55844
25330
45755
87437
21443
3818
73054
25136
35295
4362
72660
80728
35870
71002
39624
52508
40591
59805
12222
30022
76767
29071
16063
83097
93359
32895
2808
17842
39685
12857
17657
41494
61592
98879
21444
785
29598
85275
16439
25624
23253
5839
98898
20166
76622
66833
5298
95911
88827
12751
77051
65472
74913
32956
60566
86038
69005
62156
7872
3161
50970
61076
96185
38742
95726
70613
42798
52617
1252
30796
90881
36514
20532
64458
92314
27379
63746
22945
28583
19501
28171
94103
96180
88702
13662
73290
95503
17091
44255
67515
32629
86634
81783
7162
65045
19901
16077
9821
6895
92928
37822
29472
80857
69443
2912
55307
91075
34909
72589
14617
7953
90206
52217
65668
94741
29869
46823
92208
64477
91427
66882
11214
56831
28360
51311
67614
32378
40984
48121
98546
29195
16577
88492
98257
82483
45974
8100
80616
4918
45146
87870
96990
83365
57276
77233
42444
66256
19640
17665
28262
73530
87002
77581
6760
4461
4271
37449
88332
66194
76407
22686
97665
28896
69732
20892
18213
11957
51869
23526
11156
60955
44476
35917
97750
27969
79601
18724
59975
17575
62102
21006
8436
53751
21182
26555
24845
70390
86867
134
93274
65696
78388
84564
39799
96190
20566
58868
29510
20600
68982
60118
43472
67058
47145
46949
42116
55420
31556
77633
23715
54982
36714
43998
41458
84470
94712
77268
53598
55555
29263
22598
24671
92635
20383
90665
79632
11089
47129
90109
45077
45182
16171
19872
4332
25062
48329
45690
334
71351
42184
30020
91752
84389
35635
21014
25896
91034
75708
87407
22557
15511
37533
70867
94213
69768
97027
89573
11253
10667
96740
99887
35866
32767
78054
48098
26337
23213
26943
95176
62535
11720
75372
6154
72954
86144
60753
76579
89744
90688
5436
43876
8301
77407
84640
56626
46462
85873
91468
62616
50762
94389
22909
75923
28131
36562
67739
12559
54313
88273
17107
16791
95543
88878
32732
7363
31088
86932
12728
78679
89349
86404
12307
34939
39746
29905
1081
97223
29988
93385
56779
6743
64154
31228
73059
1600
33395
87297
21897
97476
39798
73683
36286
41807
14995
85725
47773
71524
86437
6267
46399
23739
24949
33130
45506
2518
31339
43608
80674
74023
50652
14341
66992
20632
51810
82941
47725
82996
18874
68738
80488
57671
98002
47872
83215
33189
47243
11075
3551
12831
10187
92207
12845
64575
90633
42353
14438
10486
68600
326
43092
78635
93284
24513
27699
47067
31401
12993
65459
67242
15182
3762
92359
59527
32088
83110
6243
21314
59407
20175
53071
66527
46036
21311
1973
32023
91475
82247
48755
19919
87950
20133
76163
41006
42190
54050
18715
87087
13937
6581
76127
81715
71057
51089
32101
4640
81875
75448
85355
8462
59222
18058
92756
43750
22225
75949
88753
69022
4759
19259
14193
94236
70564
23322
51725
15108
53931
49258
8525
62419
67079
82222
86024
63968
91458
73311
28251
39273
41242
39680
7470
29601
20938
26810
75282
46095
95050
69114
91917
15247
24970
32557
9872
22266
30397
40257
80487
66776
41846
95556
31142
96830
23128
40802
70003
90977
59680
84824
92998
17569
53861
13109
15046
75715
16890
97696
59870
5727
50648
29710
94184
99258
24317
57539
21131
73734
50592
74513
81980
43361
28456
95716
93817
20428
33838
73950
81441
24305
38045
28052
44930
37132
4211
70330
60522
47995
22440
49195
45604
18760
92346
36335
33654
51966
46631
52907
1138
13022
16781
21527
28075
56951
15470
54960
96501
20386
38980
53659
3876
96645
70094
36033
10951
68244
76123
66049
62970
87028
32096
36889
64787
36411
33449
99350
15107
6151
59346
40131
57652
93610
64729
44978
24031
35206
43865
40136
22936
70238
45141
50590
66385
31779
36567
96070
99771
19214
67591
59166
98793
81228
68587
24377
83498
48244
75221
70887
29564
63568
68282
49742
43503
39406
95824
79669
83554
79054
28956
42969
59124
1886
76460
72860
46744
49768
73160
25846
69243
62365
89854
54000
49946
69884
36681
40861
36486
7589
90629
61191
18424
9801
49678
36279
42604
69665
25409
99785
37038
2016
84138
30346
45411
46593
74500
43584
31953
68673
47623
62919
65626
61357
37025
44432
98397
55784
4687
90825
92272
57807
71255
80074
38359
38529
8263
51876
8904
5639
41015
54481
24015
38456
56652
37061
77953
84393
69095
4605
36388
78975
27594
8840
46338
90719
79646
50445
63219
69593
11358
82075
14115
45362
80682
10602
17992
42648
6690
12079
97614
29791
23321
40673
49932
84471
9016
48592
55029
23502
52764
26133
3553
72182
15711
1857
77439
5049
85706
51903
36642
44899
11111
1852
3469
67216
18290
11267
67473
5519
32566
732
78368
41598
86897
90310
44016
25405
60299
60075
53484
9668
34546
53905
3035
80063
41113
7602
79599
24085
50280
5320
76268
33647
74443
21894
10739
84617
22736
7321
61218
46798
64708
70901
81838
59434
16364
37743
61971
16780
98779
88404
87525
27227
78997
98269
39247
12722
71717
28862
64060
34479
2239
92725
80551
47464
62800
47517
29095
10824
77337
83829
24917
50983
2504
58998
49667
31481
41211
22072
55572
85685
68316
26450
3581
89719
36448
40077
88463
89692
50502
38902
86109
3877
12040
89524
9208
39832
81739
66374
18008
59826
23575
86895
76931
19342
13235
94688
89400
43562
29918
44318
42538
12915
64122
86134
14906
26477
94650
23360
56127
21570
96751
78363
29391
46992
77952
85079
75175
22970
68206
43017
39114
76758
23706
5426
69250
53686
875
82231
44175
68700
30348
59910
28356
95112
82767
11776
34213
99748
72685
94578
90824
10089
23832
97328
53847
30524
99539
42820
31854
35435
44447
81354
38117
46879
15034
31026
31269
1804
74518
18655
89074
69497
61308
59837
18157
99097
79848
52473
7724
35010
96047
56218
89703
50293
61462
73563
42800
81976
13510
83946
69577
12182
50676
27509
58144
91247
86847
89580
9973
7997
12020
81762
47088
73286
3348
68774
77335
29267
71903
86063
97789
71312
23700
74182
78721
30659
81071
65096
75211
20615
14567
34586
37798
41970
70598
99208
59908
93785
35838
96625
61070
52542
53105
7374
34249
88648
25401
93303
1438
46166
2828
83729
12746
45387
12189
2233
74673
93310
13558
7462
33344
24683
76998
59078
591
36664
16629
64502
39096
83547
63562
54941
65851
68243
75669
29142
50184
38603
68258
86153
7439
86195
48175
37601
44521
84527
39330
47985
65156
19334
73535
88812
23661
32028
38202
35445
45630
30211
1757
760
64906
93580
73357
77850
74385
44324
54830
35646
73462
36112
96690
89429
58995
27288
48564
80876
67785
24781
35904
48390
99423
55396
14738
42046
12183
35078
23333
30312
43048
22858
43564
13877
98735
60368
90230
83045
87840
34659
16258
39579
13463
54668
22926
76635
60957
33500
82330
9210
32142
20931
85448
11208
3990
19269
77372
20292
60928
89328
8003
58698
36594
73852
68148
18063
60196
74117
85546
74103
83102
9814
21086
68161
40295
29834
17924
21880
96518
3132
33363
51472
6271
76070
83646
32051
95747
59048
8137
52380
83757
36199
39560
84436
75563
59412
90286
3970
59984
32643
71804
24191
44878
76340
11255
56542
98724
83563
26952
39316
56217
38161
60388
98297
48436
99372
31042
80937
50775
93742
89795
1547
72391
39404
18909
83375
72857
8981
65063
50645
37735
33756
90531
46470
37920
49783
31857
83691
20525
3861
46793
16888
20683
52099
90640
50225
5263
14891
48735
5335
58872
37228
62523
48128
76898
91046
7683
5989
93057
45578
19051
44139
66047
4945
31770
3507
86585
7357
8625
68029
11404
62168
96155
51572
50197
11427
13591
22502
7843
28857
84359
24127
1933
68728
89532
91312
45854
2821
64840
4880
72872
8700
496
96167
16136
15270
97847
2258
93847
60915
14765
48809
45434
59385
7519
80553
42213
3538
79766
81062
50118
16635
47240
49626
5227
51854
12710
42552
92091
32495
81503
71979
16975
34728
1941
75939
14752
780
92902
1559
43708
26135
19967
22346
73909
51673
49013
39522
62218
13801
55040
99929
9371
229
243
30880
87366
78359
36701
86173
47762
84519
227
46444
56343
7808
85490
59278
90621
45137
39211
61703
37894
34739
30658
35284
96152
83046
96927
6269
53028
66098
48533
24418
58055
5317
41531
33493
58647
72039
57089
42504
24865
11250
52966
67710
44235
14324
96520
9674
75720
25434
65404
5893
32992
14104
30833
66085
16858
37738
76124
16318
42407
98885
75082
68370
61815
82522
19922
17777
66102
31613
60407
21148
32047
22109
86399
22653
31698
14559
46743
47232
36174
4131
7952
32351
18590
36104
87352
78486
59504
24751
95044
27458
66401
5028
43074
84513
96286
58494
54156
94089
47748
34183
52439
84493
87595
81344
59189
30724
73405
52815
75486
38215
97127
69479
70660
66587
35617
29256
33356
32038
84660
77655
13926
31469
98699
43519
9955
74828
61890
61811
24155
90174
59683
50478
83123
85197
74305
89636
86469
62651
24833
69821
54643
5663
5559
62852
80760
19118
35093
74891
24292
11134
46287
60547
28953
99617
50409
90251
33442
74912
72714
61672
80210
96633
36333
3088
26675
22079
38449
20990
72807
40806
64783
888
47265
76446
17452
59417
89516
84666
82818
25254
14605
76915
33437
27204
50009
73707
26580
11727
90669
76063
15640
83428
38864
54508
5752
91841
66719
78563
9047
12610
52920
76781
42742
73256
63389
32687
40030
14930
48116
77132
58867
57354
47949
8861
74038
50215
30328
67691
74327
11831
63506
79188
15508
28421
26886
15160
66383
19931
26945
31059
51240
31013
39933
14162
37985
22267
4966
65427
75741
5281
13410
51669
5090
69273
45334
71515
81428
47337
19810
63767
94330
82455
94535
97567
13615
3676
31700
84879
13918
67322
85028
54314
73184
84474
86662
94529
53963
72187
83612
78422
15070
37940
57747
99538
51859
81394
84148
49723
34937
66866
9738
55877
22618
14618
43530
22785
2858
91558
86541
92865
61230
92819
19245
55545
35588
83921
39204
14097
67991
45191
28717
94159
16502
29342
83049
57669
46764
4119
56919
26908
28398
25419
18802
20003
50310
9025
6617
21305
99667
63163
21774
8793
23300
45514
30566
56347
96194
24154
51404
60408
90448
39903
84520
32690
33703
69847
65180
58237
86294
46777
19431
60369
42826
56053
87198
64097
61602
45570
49236
78257
66625
39118
22422
75014
95226
60698
54452
14604
77794
77421
54021
74236
87141
39786
75029
34447
79046
89731
84635
74782
53011
10763
71944
61687
45056
78971
49336
97704
37405
7055
35645
56581
49888
69451
7802
23785
99694
86580
6825
33350
30626
6912
67887
66650
31230
99601
25507
1560
49687
81701
75913
34358
38209
17991
69078
6046
43586
37925
88069
99442
72116
2971
61647
88335
17874
31050
63400
21340
59519
26265
94023
46005
59615
51589
87567
59923
23177
6641
42009
97065
35525
80939
49331
23170
49240
35632
60734
44177
64952
26858
25185
60068
88067
46925
85656
49521
32931
9621
81176
54720
12283
81263
16989
32207
56360
30653
74185
13920
6025
75854
48173
59825
54537
33233
97869
13840
33583
65783
18980
68713
1961
35540
20797
8399
8076
34667
74307
37218
2733
12092
34488
37771
96863
84785
78692
50217
95583
97992
1912
70189
73241
10573
90529
8880
81919
77931
14299
10875
51826
72555
44655
48804
71883
21753
1230
20228
94921
56723
15067
23812
36886
5630
76802
79336
28079
82023
89756
62976
86414
62705
26112
69872
88692
71264
92586
70194
14128
13783
94064
13998
66332
78474
83358
97142
32781
3452
35903
44696
70150
90857
45456
25986
52568
81209
6482
60317
68872
58855
77177
20299
23607
41856
57925
76122
65402
50288
54638
68557
55198
88251
33286
73123
9775
95660
71503
85563
82082
73226
69181
21407
73949
65307
44691
41374
9604
14901
77184
62000
68691
39253
63483
80792
54366
84497
3942
21948
12144
50581
18419
20107
85471
72418
86184
66812
61120
13169
6120
83733
49624
7858
56332
55499
23827
88755
23283
37539
91755
70727
68695
25211
98630
11717
71756
54101
17073
81560
98113
24963
21743
39984
50959
534
65867
40170
71380
76733
99969
91706
4936
53458
30723
83279
42094
66520
78202
69299
4454
40588
8442
17463
77654
55824
86716
71107
33221
44035
64827
15208
48237
35597
35774
42133
74238
2088
90070
36477
53183
56180
67995
69800
78068
12734
26963
34355
65011
77485
99564
41773
62015
63130
49738
74926
36574
17890
73411
90718
18465
92345
84941
73826
79386
97946
24356
19615
4144
30866
11185
45422
58787
31907
43469
72316
56957
88598
53662
63852
79617
53744
4242
81026
29407
43434
64354
18073
73803
9759
48849
59267
92045
41107
42175
68102
3392
88919
46422
38660
64464
93275
46157
3436
30887
35209
20114
67106
93615
40974
43315
77027
32721
90520
9631
65137
22585
7328
93393
24215
50543
71281
4476
27845
28056
62140
68660
43773
29105
77770
44032
79623
32215
51136
65435
57534
41137
8150
50886
59008
65496
5733
44469
93737
51156
7877
38185
41889
81879
46038
86922
60999
37121
88344
28181
2743
38765
45876
20348
98755
60175
4288
87944
31579
4100
67870
58374
78863
45143
69495
40485
24367
12320
44156
82043
41612
87382
11356
2494
73281
81837
56829
64592
80826
47828
23393
19686
21054
44049
88964
14493
8703
95089
56013
54494
12483
46204
80596
51425
7424
33884
1208
20893
20771
35765
74317
26792
64792
43011
61667
75505
26238
8534
89264
84108
78367
67649
60465
84135
53695
18693
90552
22161
39213
22517
97213
10555
86435
53829
41057
3526
65894
83010
27374
11013
13574
84023
83891
52222
90698
19593
840
6227
70363
76651
60958
72110
20414
56401
26505
13982
79269
81813
16246
24192
1718
23720
36419
52781
20533
11673
45389
12462
21235
41359
44929
4566
40898
41765
91376
28777
2042
7206
30533
45738
3446
39502
93630
48178
72330
47548
18618
80475
39276
11959
71958
82577
40636
43799
87015
58385
84977
98807
81327
56112
29375
92049
58860
59749
60633
65765
67512
56838
5029
13749
28499
56231
38594
47729
8678
51174
5594
88926
84282
36621
94541
85661
6392
64295
45360
68755
45096
54352
46391
87504
77094
77452
62996
64379
50366
75083
45796
60670
38201
74496
81109
51632
1246
25147
72554
9636
13373
1064
7019
52423
89298
31561
27179
77996
62085
63951
11703
92401
47733
62783
44348
75319
72833
4128
45825
13567
48695
70708
76883
75761
5019
17736
89747
40105
14614
37151
10561
72874
38763
39919
72105
56330
68035
17598
72986
107
40590
78365
66293
13467
95021
60007
30985
62517
89353
53867
70776
98564
64435
4596
24651
26585
32435
83996
72978
88949
18671
48446
48650
9310
5988
47378
61392
72775
43843
45223
40632
86468
44099
65772
4932
6119
52196
44566
89792
30631
12477
46647
89690
80275
8449
64847
76417
4718
18142
60501
68879
30672
54466
48489
17705
34518
38389
27852
37559
70972
45847
28026
6345
20849
12718
30144
13300
77955
50940
18638
62537
19853
24316
51445
49270
139
58240
8692
11086
44265
43018
86534
93685
17209
50958
90702
43203
24202
53712
18951
71745
99454
4409
87611
21120
67380
30643
49094
8086
13248
55461
88663
75283
70212
54944
79687
30867
13457
7187
80889
56223
64738
80859
90437
81430
66365
98679
84586
31487
39355
8702
14580
12163
20692
50435
69483
21997
20751
6762
50861
60056
30085
91944
45410
29943
15087
8894
57896
92911
78057
71481
73919
13018
18742
91827
1369
2952
23001
57224
31866
62130
79352
89968
47720
53360
56655
52377
48470
30854
89581
31697
43003
94814
34745
50765
22130
94544
29477
32850
16387
67388
1553
9036
20743
42646
42697
9841
27857
49074
5635
91395
65348
10607
17843
18719
85429
86772
94458
20032
3130
51635
87500
81092
1648
46918
14038
15564
6281
84745
31663
29614
53489
53383
6103
36180
89894
26565
9949
8126
1475
1435
15452
70399
27601
1353
80758
63908
72276
13766
55495
1911
8649
77634
46645
37387
53776
32373
89205
18089
70511
3852
78666
41301
28627
62159
67571
50373
17621
28432
80861
94003
59966
99192
85896
1341
39075
44674
73767
87908
68188
69875
73183
60568
83233
96175
62393
41813
33447
35890
69614
58044
3152
1762
59544
96436
87979
27310
8548
96548
20577
64427
46689
37510
5337
50616
26363
76406
34036
55397
93202
69202
40200
41524
52347
8303
11689
63975
45522
64726
41348
59075
36492
48899
66036
70002
73800
20829
10273
82907
58549
8481
4498
42095
25158
60645
12064
7583
44863
57946
5963
72092
7975
46473
61677
49919
8460
22891
44409
48703
54072
48762
14358
17567
95147
21091
52452
16657
11978
29215
59101
45157
287
463
72501
58290
9153
54148
87448
7942
21427
23721
39362
63515
93793
93438
392
63611
76789
15395
84230
41182
73010
58054
95125
28996
38078
25352
70054
43653
45003
93998
51381
79641
89670
62629
41476
20151
87739
40642
22206
72916
15578
53638
1488
19293
32999
81954
43175
95442
13693
73180
63642
86125
46251
51255
37610
36278
87066
15082
8722
30118
43551
37652
73870
96443
82002
23647
26830
37375
47213
27927
63461
75602
18472
87953
19545
74338
16352
21220
7103
61827
91161
5154
38857
20903
33776
1098
1499
38418
14074
82897
4588
45865
97029
50678
72310
77616
11930
55603
42229
28508
74777
31203
73289
51057
65492
86694
58147
28309
31739
11764
94656
31620
49490
39969
52280
25037
34056
93683
52636
49480
13703
90513
77089
85548
31130
83812
94542
8609
46982
33617
14936
36627
52897
33874
36014
75354
13304
65070
85967
23085
62928
34138
94551
30529
96854
27441
64773
87430
90812
5576
68533
1079
83972
8871
83342
96383
26241
98947
81723
47851
62297
7853
95289
5895
73155
99150
86089
13389
93431
48606
23425
64171
16979
62071
42424
11217
8413
87576
35993
99028
56578
54448
25867
33732
57446
93783
25933
38899
88298
70597
99186
79194
3016
99005
43328
28757
5926
26610
40028
33700
82982
27638
97829
37389
38566
15423
48494
3475
91564
55709
82198
14822
73651
97114
67961
86954
57036
77929
17948
79622
53982
50358
56647
39962
71171
64086
16293
10328
94327
97729
60259
88347
19396
59688
75803
22965
66280
33764
55071
13181
82012
15692
72614
62497
83892
37367
12334
70254
40641
28651
98449
8396
5809
76768
53077
12343
17203
31466
88801
5310
30101
63131
98825
36245
90815
32945
28905
87359
48312
87214
25059
81531
80077
67021
99782
35708
10325
49676
72531
32283
50167
47187
69188
44191
77779
65394
9875
17004
35068
11921
86402
23740
28501
60766
48923
98669
94047
30625
88115
43102
71433
43526
93285
65009
34890
94292
52419
19636
46615
74007
26574
92265
18585
42701
55165
70816
32730
5207
92092
76467
85701
26831
85218
12823
16411
14239
36908
33512
69098
79720
28897
3177
95426
94
48581
66335
50033
90281
13885
5738
37709
69289
94474
57683
40692
93716
33434
41281
8200
31722
19484
72372
35483
39649
27717
57822
34163
2085
89892
22578
54612
28287
23291
61931
81147
32485
86237
6302
93931
63674
2737
13578
61778
68344
48345
3745
5401
27005
53226
70820
8056
32269
1135
30258
77911
38934
93687
33723
79334
97585
7161
11128
65528
82217
39394
66536
77589
40208
94565
88482
11627
76952
60414
42422
95487
13097
73999
69730
77834
53182
95362
20056
93328
48042
37054
25534
61886
72234
49797
45793
43400
37934
51523
69227
55194
26326
87737
19856
33796
24835
11324
64665
15298
36293
58315
37170
75960
96856
33659
1667
56670
51607
64656
8356
73301
55234
89306
64937
14465
89699
20092
80829
72185
80042
97046
4398
65705
93179
7971
6665
42508
68108
88205
46400
93892
61494
84701
613
24858
23855
60806
36376
46212
24554
41492
41252
56747
82863
47
51666
66743
1018
8723
39031
31533
39044
86082
52086
93452
18912
84580
2218
29980
35510
53828
23094
96769
65949
15358
44126
4607
75568
83670
19854
48262
36610
53872
8214
12895
91064
43685
30276
40392
65100
3349
24670
69491
54440
99290
48496
84781
73838
98264
26873
79020
4353
10421
77429
6129
62836
55064
80233
35885
58150
45274
40339
35516
34208
7281
75978
79815
77954
2011
79905
66063
12106
79342
8208
55075
68667
44279
43384
33166
45279
45526
64479
10689
73906
89229
8931
45680
21049
95977
13232
61950
35934
81275
38113
293
12512
94966
87585
10329
4422
1642
30721
39317
80056
18694
5002
47568
52708
15615
44244
83934
77325
76316
23112
84622
15770
67848
23346
93910
61318
7669
60575
41555
40189
63271
29583
32034
92438
45579
67251
1275
16536
93136
65826
3584
19007
33283
48455
52961
85867
15621
12777
39177
27796
82948
3354
22172
62932
20239
44070
37726
517
23685
41471
42649
31929
89793
75719
57825
16749
32640
31257
33665
31169
55538
2073
41592
30194
31179
12154
65200
39939
44943
78596
30624
13549
82100
78991
45653
57473
65122
83152
1433
48333
31587
1892
98398
7811
16282
42370
82104
88751
32368
60659
76177
63547
59967
26694
29476
47901
53395
58584
88432
71294
41363
77968
88507
30286
98094
93628
19379
81987
28959
98162
32951
920
58586
31292
79326
20676
55594
83269
13118
59169
23927
2203
38950
97345
32703
86192
36561
3409
95077
60838
16776
79120
41306
87046
21634
17727
41689
40384
56871
15679
34642
63226
13046
32486
92106
61009
7025
92955
6448
99470
72238
67210
46836
23531
60043
9916
9696
6530
27783
67108
4227
75649
78008
2986
17998
24660
91866
62637
9985
73851
62840
33915
86840
34787
1647
23890
12906
65710
23367
4021
95903
42847
24275
18513
33902
40678
98254
29930
1236
11546
98979
85988
10548
3435
30573
55870
62915
49092
19696
23351
53419
84815
70410
80627
43593
30690
35372
34736
99641
37564
37193
22342
32972
40166
16891
14052
80930
15309
50591
65221
32533
31066
95420
59377
16794
87889
26875
98594
85295
79630
53336
39956
31485
60047
56376
90302
77621
78889
43082
79964
21404
62098
59803
63334
88402
9399
57121
54876
24344
26016
94894
25711
79554
52128
37464
9465
53396
74732
92247
29143
39931
51736
667
26813
49512
43920
36178
42431
79260
13019
38501
79578
13067
30530
32790
28882
54739
41914
56467
95688
15138
58425
91741
67689
80730
10235
57898
49499
30822
4319
67029
67552
27563
10769
31177
78953
91846
68932
63042
40108
92090
62528
27560
43754
19357
39659
92870
74707
41480
33426
79303
34092
36316
29873
93944
60822
55289
79846
21736
33908
22813
43760
64636
64063
52091
12982
50202
66748
55466
14664
2635
34152
5142
18088
52919
10491
21234
84463
53728
57914
80025
54517
71819
28870
48803
50189
45504
45149
15710
3372
50709
52806
17778
11843
66644
76347
4820
41439
50535
15723
33618
24304
19463
47052
93822
29438
31198
98982
4179
56047
27564
43831
1551
13204
22491
87878
6053
24119
26124
32840
93471
5945
60212
51844
54617
98356
80632
83126
20524
66491
20565
19755
95297
16755
96139
189
72657
71145
1413
21157
44844
1249
87710
57967
32301
30343
52565
70683
18264
19373
73006
51329
41053
98452
35988
58204
12878
38604
50768
89584
39516
7542
66635
50368
79254
6674
40234
67300
36294
26400
47302
52745
63789
62652
60335
54014
13747
17928
28246
55019
41407
25082
7907
96969
93209
68251
27214
83739
42102
71818
15924
3018
36277
29864
4053
19138
1436
77819
79172
18785
64026
18518
28710
5666
68833
49260
70350
45037
74713
97019
12667
29194
91542
67820
7309
40960
98412
39896
29552
41321
36439
91820
48435
48207
38111
76961
94229
62700
58064
96981
91801
23307
47494
94647
41446
70250
40404
25726
13836
44887
77124
73802
86599
74930
55718
22625
99284
32111
27904
53998
13583
12929
65432
64138
34166
13858
52795
8643
33561
42038
98163
84544
4126
79237
54820
33349
93603
96583
7433
56014
56226
21046
66968
54862
14386
81534
83866
57185
8816
97313
87757
57686
4792
63316
46555
69779
20437
29226
4081
50056
50431
34643
27548
45393
59599
32650
73769
80303
47803
93121
78281
25384
63312
69731
25528
96468
2273
6013
3593
45709
11072
10700
12216
89136
60634
30266
15608
86872
4823
86559
59431
94682
36917
37996
17055
80023
92729
60996
77886
50555
92570
66055
27776
40021
54683
33389
10520
10439
77562
45338
87411
30293
34332
69871
16467
11246
61846
73574
86482
99704
94253
48064
60005
57465
23314
21432
60464
93362
73119
33707
29967
23100
59933
96627
74059
31938
48917
14449
16746
94296
1070
11820
84619
75840
32186
11659
43273
71352
26142
21830
31507
41885
87212
77740
27679
2139
54737
70301
91281
3219
92784
48060
1965
99030
90353
76105
15761
90403
99106
19733
94226
13320
36694
39245
71844
67352
50016
692
3576
72140
21121
71647
67010
18672
7764
66040
74964
26014
95161
88449
46502
13258
45103
42404
28471
68827
21659
11716
15490
69930
63093
78987
85352
55418
84053
85392
199
25016
37964
52184
17582
69477
15167
48508
92072
87922
17563
38229
71336
28811
41257
80875
80833
37523
65673
95765
49338
91814
51202
36339
4623
50051
11440
81833
75423
85944
93631
15647
50790
14184
4028
47612
35134
9163
17052
89614
62436
55219
91208
46483
76645
68069
94874
7935
23399
84004
87462
6298
48483
93467
8879
897
97525
18364
80831
76752
67526
85982
92617
96596
32032
66703
1884
30588
11007
64240
88201
62897
72825
35899
11163
77147
52455
2841
96606
85108
41304
70546
65214
46071
99603
27195
38412
34181
77941
32685
76072
78263
94404
21492
2545
95286
44906
55567
78218
8467
19375
1786
36645
54482
43266
97002
3971
50193
55031
52723
50662
80827
70527
94452
70784
60460
83214
28780
71685
37646
10255
52978
96979
12362
82301
72873
94643
48158
57274
71490
65282
35544
87109
7410
28272
5
8240
41534
77883
65112
4996
48437
79362
30351
85303
71661
94193
21812
4627
62732
84589
37484
18914
25552
96159
64330
5897
67165
66738
74175
4138
61848
33117
91870
1645
88390
33614
22694
82129
37904
11527
39851
37769
62678
54280
32869
38259
56611
40757
65098
42841
62726
10925
81863
73140
42886
90926
36875
96262
12105
76845
85932
73684
14136
23068
7530
73572
31908
86029
32114
36813
79481
14679
47587
3148
20922
98362
677
78680
43811
8838
9953
80290
16028
66957
1094
61975
52051
61383
4394
10014
78870
55003
85621
2127
79521
21856
6660
65980
5187
86012
26562
28841
64532
57996
82843
35986
49116
92296
95830
2982
18555
58094
84348
21808
73576
57085
78938
18987
83897
11049
7286
3801
29352
86786
51759
6072
42260
3996
84796
67652
19549
48542
4644
26321
54693
13743
64968
99866
96140
19137
38844
44104
46175
54453
67755
46769
65586
11682
70058
37897
21642
93206
46523
85090
54057
63199
42152
16144
71234
12324
34457
83644
81117
56063
9687
23835
69663
78376
77928
29763
98394
65758
72838
87547
81411
39567
87245
14886
76679
39594
61549
4962
14949
43906
73809
62992
9264
26804
84704
7060
52137
34058
1096
59928
88590
84830
61460
92004
7680
413
24898
84263
14222
41774
89402
63141
1272
43499
97243
67998
81967
3525
88503
53001
18446
6919
43034
93157
33852
61407
30733
32209
74547
80434
45771
60516
43217
11309
5375
12865
90282
25286
73645
72770
57296
9117
75681
72484
24737
40443
85058
98977
66162
47871
99520
84801
39826
8950
36444
79006
99478
21491
19700
23382
37833
5976
1063
52537
99151
1128
69526
9710
71869
23947
65330
20709
85618
18541
93331
49629
68963
83007
78903
64356
50054
8788
82439
9124
39842
81390
25359
88497
12771
47855
74812
80369
21391
65533
6177
85972
40927
50836
46016
87615
12719
89225
7621
62977
20195
27860
52564
89615
47420
95700
77678
21789
72036
20109
89774
68961
39166
86833
6125
92414
37913
56420
1460
89758
75421
68049
9255
63295
57345
80954
75151
45464
44299
58085
16743
53481
4631
63045
16895
72937
55666
23336
39149
8619
79902
28828
86752
32107
65152
79929
3795
55543
43330
4481
40273
50487
22355
37427
70491
72162
7213
21559
16824
7882
94889
45758
49025
57984
12306
4452
49206
90445
71497
25410
35486
82412
98405
52835
20224
45495
2033
70329
24985
14757
26549
40643
20644
51683
12089
69446
75185
76409
27313
10094
76232
46642
25213
2119
30449
68632
97706
45040
82980
52884
49015
46728
11418
23513
5818
37814
37811
45405
4711
51105
55314
24446
66261
1247
95360
68721
87188
49087
65134
19418
96783
88125
48273
1955
52055
17889
15123
76537
74346
86636
93862
87136
5668
77677
24412
98552
4264
71189
74572
59515
96226
96188
33541
80897
73956
19466
36937
8140
22359
48033
58166
76799
80097
38646
65729
69968
33280
64632
52404
40633
83252
25259
65989
46083
30427
77413
45896
97698
7836
89577
18420
20780
60795
37216
92612
84603
22398
36665
89227
70292
71310
85681
9966
66864
81520
72865
62656
9292
4031
85463
23921
16027
34329
566
98006
81468
68013
36795
73474
63284
33131
40461
78445
79413
99074
68471
94014
48517
84283
36057
91808
23378
66605
99489
54285
65810
32541
42832
18707
42142
67759
39445
13965
82762
91239
16991
62850
35591
83023
67252
3767
30165
25065
10016
73609
56416
45406
39662
96164
60653
29266
90508
71464
47010
65349
1131
32921
86629
34940
23020
74063
33683
23724
68477
97605
36423
52139
7927
89535
28312
96327
68043
65611
93095
56717
51276
24808
50043
15310
143
28408
80594
4574
42676
23860
61103
10518
90922
62026
44833
88475
6458
43620
43088
84297
6309
56487
16383
67853
51640
39836
56373
741
74252
12411
93633
27450
31537
85642
19915
83673
24240
73504
87758
52488
98129
73677
14241
11970
5880
52287
13361
99222
5846
6277
16731
94831
39119
45976
6894
45693
68011
40507
80359
63984
79348
70123
49623
87557
69667
91860
75222
62988
61347
85017
32814
79496
34402
77536
29812
36555
54663
894
4297
6874
84228
10331
69411
95856
19796
29293
56085
36078
477
72020
6759
26995
66903
43081
56739
12742
45172
45678
34622
61670
81612
46390
34512
94298
36153
1107
39413
89358
13518
30273
96514
47830
48534
81457
27721
85430
85812
75464
23749
16764
66258
88184
3713
32513
48642
61481
94806
73815
36177
14277
15908
63644
51137
21364
65484
16620
64886
74416
74149
1233
7024
74114
94214
53836
63074
16363
67338
93312
22277
12435
76166
97627
46714
86692
23548
343
38306
64870
19331
58839
91026
81216
3679
48826
40245
97175
91309
26606
63152
74131
50105
84512
37919
54567
90108
37924
14669
67617
93183
51177
51682
12077
82530
74158
4325
28967
32954
71676
5359
70112
28889
70422
25176
55711
36301
96114
70032
41014
51901
14648
21541
85126
6879
24501
33794
83791
69271
31727
11929
19874
7671
63953
94052
34900
99282
56524
57271
215
14126
28273
17691
92527
12604
82565
6761
64104
10427
42927
84920
58800
99599
3569
14537
10402
49403
30609
13185
76106
31836
47480
65031
94956
32591
30453
91252
16053
84176
829
92590
44529
47383
40318
92598
49476
35006
31861
69308
60475
37187
59039
74475
21815
75430
89395
91180
42249
7600
2331
66304
46129
99612
84106
82007
35246
56018
90077
12617
32222
10767
64433
23792
70421
54531
9366
9879
73457
60963
18686
91670
80526
34902
54018
99707
13882
91597
72534
73144
4544
57698
12364
21060
62279
59150
71653
96247
29461
14619
98039
21825
87465
4249
89093
74502
99427
5602
39053
82979
73733
84229
66554
67517
47245
73073
4751
16402
10015
17237
63697
79392
33933
87684
3017
68112
41282
15032
44360
68185
85365
9571
24762
648
45482
73959
35379
40547
97057
74963
77048
34072
7920
88924
64918
33338
42626
3429
78035
46271
63784
45633
36124
33825
98831
12669
66815
64591
9248
56230
30037
30997
80355
58743
19397
25439
42873
28103
63960
6680
67417
94782
38062
19233
17827
96893
16005
88619
96527
380
50855
94804
76558
63640
76946
54409
11882
83541
36935
91763
45356
96492
72122
37958
44973
60984
22250
59265
37815
16456
27022
99257
68018
97413
23952
21087
7778
30424
80715
71940
35938
82032
80417
98853
84695
426
33726
70987
52658
78865
46536
99961
46936
65380
34600
8900
31835
34960
81278
33655
16793
28657
57755
79501
54935
22203
41908
58201
984
62879
79969
53354
33769
67159
92903
35221
9685
16658
25881
74262
54854
28943
32562
57254
74156
58715
89474
85482
96991
52546
44855
67098
37156
92299
27729
75003
38252
66380
85580
27025
31433
87885
43818
24299
58558
22420
18538
95208
83981
5443
73957
28448
37194
28477
59114
63429
26533
13683
39349
21402
58846
90106
21857
1426
49105
99690
96478
40968
35318
10874
93660
96491
93905
26753
14353
70819
14139
63258
82024
11680
18494
70321
84570
78947
17460
95738
63878
11643
66188
12067
97366
57565
85441
20491
86508
77479
5961
37930
23240
50232
9896
55634
52886
32060
4477
47306
39254
47726
51040
47866
56166
88226
37420
94392
38476
301
77323
89967
50483
67188
74484
16360
85573
5073
15379
73537
36759
13817
43545
44881
74873
80022
22202
81704
57147
39172
6092
34077
43847
40568
33035
12203
14224
41930
16284
47075
74354
32411
82883
35569
30970
31106
62750
79666
8203
46974
25341
71185
1340
69124
87138
79327
60095
88217
36272
2340
38599
19450
5108
8078
54019
47881
595
96173
30310
85900
75047
59617
49465
89866
20478
7237
39409
50864
94935
58265
20330
89522
60420
12025
38253
10846
87027
97452
55571
22474
63150
84177
59023
67890
47993
28493
6992
20589
2501
65740
53823
43264
96339
52958
90607
29190
59697
52097
28291
17410
1839
63333
95775
32614
57328
91172
84136
69064
66606
99555
69331
81674
93522
37708
52218
18847
81281
70907
83205
91855
1770
10424
44434
13469
37813
83569
7926
54364
1654
76254
94111
79820
18506
13943
54034
80162
89562
76990
92217
49106
95755
6548
67258
65745
7650
44067
19635
98106
50771
76775
2288
24716
58102
59458
6361
41260
4799
41943
39077
56137
99484
57214
14383
40682
89422
23354
38581
39736
97272
74280
41456
5406
37
81452
22383
49729
58971
91782
7411
90492
88705
12723
79535
48445
39654
63791
15996
40784
35761
92836
56050
96638
89652
54209
28534
95909
81024
22428
95779
48213
86312
69312
44043
88195
36409
67603
82648
97293
47898
39449
82792
22300
46403
73307
60842
29604
61271
66079
34110
3881
56371
44074
57826
12198
95501
97971
71927
84629
99416
45045
30078
60454
26019
27442
41787
47761
58294
88930
72520
50740
59249
90399
26659
20901
18769
83761
67566
10564
46583
24582
58716
1507
10544
65991
75705
37090
45710
74705
58354
3635
46867
7806
49746
1614
35616
49277
350
76284
97395
35972
69948
74904
6294
96705
64264
94898
4734
93991
18071
84387
39819
93513
47193
90693
53566
96687
74756
24605
58982
45816
67522
18720
33374
61241
10489
602
82851
29073
90554
56935
75473
90376
99747
69536
3591
90239
27319
61521
59971
26621
31699
29131
85908
95572
63287
43761
59987
96920
12672
19268
47727
4451
61894
72594
51562
16909
53496
83531
38762
85122
9329
12702
97954
16679
81872
98819
5428
3036
35203
66852
53486
96811
21939
44625
78485
56575
37522
4047
69480
46961
41739
14584
36304
47701
31757
88247
8561
22666
39696
83863
38266
62599
33406
53477
18876
50982
60981
93032
22966
21637
97821
42235
58805
15461
95128
73500
15560
14815
20785
55521
91753
66632
30486
68509
33407
57545
27947
35205
88820
94985
59955
42137
27528
53517
57084
48771
73671
96497
19502
56830
19659
5043
80416
61503
71027
11373
24021
44514
96504
77631
78617
73224
68899
63444
21898
83868
47470
72994
48611
17655
17437
62080
63494
2148
