100000 8333 24
78267
89744
90726
53847
60037
98628
45810
17295
81117
58199
12025
41908
14330
3452
17100
65065
24818
78857
16797
28614
49928
96606
19634
24189
72269
74863
37783
38652
58630
56111
1687
63975
17544
56487
3866
62459
56161
23676
5915
73232
57009
26938
38804
22544
12931
81923
996
54151
46104
34164
51680
30825
38690
17984
61488
10013
38444
46604
13527
60285
94750
19640
544
37346
77439
96166
85739
64077
32518
35788
45365
75843
12276
62654
90221
75716
60342
34325
33685
52665
39915
70471
88661
15106
21976
7400
1053
81648
32637
30618
68875
6887
29482
6533
23322
42519
96730
88839
19875
89946
30949
38220
76515
70376
22066
34238
14112
59935
9178
14436
77094
31497
24588
81743
5298
40242
1269
31822
69686
47980
54150
66532
93280
21098
1081
48366
36436
60736
38687
78851
3620
41388
56581
37054
12412
88071
62344
23614
78853
13187
2360
22199
4877
45369
29998
10755
80856
5179
73918
46085
30719
40310
53481
69512
59287
7862
34801
71060
5998
47634
5890
32658
49793
778
10271
95369
44294
97615
29497
55146
27466
30018
61909
49784
46417
83208
50078
15715
55976
82858
56406
46475
93077
2279
45874
99712
40892
15623
78760
71600
84198
3359
42945
76736
16872
50723
15200
48728
3843
96047
60331
67630
72737
9334
84386
51476
28087
20485
8225
41956
45863
87246
26763
10633
34676
44259
50264
99302
97924
13216
71449
43593
17944
69623
77085
65564
17685
51451
87603
32006
60215
89122
2462
83355
22894
92969
87391
61780
23502
85601
48712
56987
23568
36115
73796
85575
12189
3610
47072
76438
12468
90882
1645
29779
3721
46666
29686
56617
26389
1639
67533
1824
11129
85093
92747
11059
54513
96174
91021
30700
55631
62322
40965
57302
71747
39376
91356
20904
20866
622
80614
75121
86499
35382
54571
21053
79496
67552
53850
45343
5960
98404
64580
52904
34155
40188
99102
8810
59959
3209
10609
22425
35513
21536
56380
49980
53047
95080
37755
13549
1690
8875
36088
27720
33724
86017
77434
47371
65264
87388
35230
47062
79572
89081
80161
74826
16807
24028
15871
89972
97565
45982
74345
59232
97197
66397
57304
658
29914
84354
91705
96607
14865
9313
55555
51482
37563
661
32404
16297
28682
77772
71716
99259
5815
2239
91165
2187
42389
89165
24050
78507
79536
57736
29397
75683
2249
99926
77863
68204
89024
99032
85607
76044
12151
11899
11610
71853
89713
88455
57328
18577
14303
30298
64975
30861
25259
27826
63663
96526
56763
45129
195
93962
58332
4771
93489
53799
17761
76113
88998
57539
48908
74072
10494
47440
98154
1324
51735
1958
23448
89888
14136
73728
94536
45510
62596
65064
89914
18505
37626
34250
39331
11134
64858
47530
96170
47992
43629
62551
63800
41294
64728
2551
38130
56838
7382
43378
35324
53421
40402
31591
21002
23675
9071
8597
43818
97966
24158
67767
52081
95816
92529
86526
63846
77234
89609
78949
96756
85618
85734
14739
98738
6140
3699
63748
60738
30590
20068
306
20961
8829
83575
45327
71015
35642
29931
26015
59013
22966
32163
90309
15600
14067
62053
56247
45268
26934
13112
93066
67898
57586
74746
92044
31485
14282
65666
69270
65337
95179
61318
61264
99127
14457
53154
96836
33898
45468
88999
6821
40127
99185
84920
27239
50265
28040
5026
53668
60441
19846
50856
65693
11557
75373
24837
93458
63486
92726
60169
84770
38916
78935
83909
24791
3494
86298
81513
92799
75748
10526
4348
26458
59814
67440
40387
25728
53966
83091
102
21302
72392
32033
41453
69136
92326
54003
20587
9101
95923
79403
48398
45685
59801
28191
11452
8303
75583
89813
72043
22546
83906
88538
53401
48512
20776
29528
88547
3187
8963
66582
25207
98268
55014
38937
33937
68423
12558
67866
25443
95997
49813
55801
98566
22702
69760
83124
78961
75914
8398
87894
75724
83383
14149
49070
48773
45217
51058
77152
2283
23092
82305
70642
71752
74085
68144
90883
66097
38243
44133
80375
37429
5795
48991
34681
44796
70432
15234
89929
33204
80709
65443
6410
83704
51633
19527
83847
86364
94904
87226
921
16778
79001
20390
16252
43608
81930
33029
31157
83808
50578
66859
97448
42131
14451
15991
52862
99529
9283
7720
99320
42814
71475
25140
67325
85896
49367
10840
65900
15723
6405
95441
29423
87430
36789
87663
88660
90854
81342
58184
6669
51390
83046
63527
94816
12940
3858
30811
19086
69442
90545
53290
1362
68159
13885
629
39399
45587
56855
98756
7541
82683
20411
80423
48386
76276
85070
99457
34132
28281
80378
65638
21190
2977
97947
21590
69166
8570
45430
2574
66968
24890
94663
1250
46627
40992
76130
84959
56463
40073
20706
67567
67164
94251
37788
32303
49910
16942
43838
98970
68012
88671
47231
67578
81169
84904
42005
91498
63100
17832
35640
4073
63015
72853
12730
61942
3682
3851
29011
71676
53273
17297
7717
54875
55774
24834
61366
61779
8100
81300
28394
44132
60833
61287
43371
84126
39106
16821
51662
13938
1683
33511
19215
19729
83406
61170
43688
2899
59238
10476
796
68949
18510
54423
17205
86953
30362
45501
70690
6850
85442
88914
44167
35538
62412
53651
66993
99622
77538
70024
30069
76334
82529
50061
53347
63784
19703
79631
58867
16601
78552
4622
80172
67979
16946
62356
41534
39136
70582
70565
16667
42524
22178
64635
26384
76542
97459
87115
34829
92816
97604
57129
32527
68731
30807
39698
56481
9288
21476
62081
49142
25531
20798
85134
32246
28815
22513
2762
48735
72418
13749
7423
30292
8033
54362
32335
16110
48767
25579
43886
40587
88611
24095
27557
93636
98821
43573
9402
86115
92048
71102
79819
21651
11053
73193
16201
50035
2498
84444
67099
15576
1490
44800
89123
85358
56780
1580
44191
32574
54977
42934
70374
90243
79227
60589
37925
81733
51851
34879
22672
73317
38866
85394
53357
97268
28706
59828
75494
24092
68291
23766
81380
51774
41551
29518
70168
56343
92271
55221
60826
59674
22442
21393
98698
10807
75964
73947
88817
9811
46526
16114
98520
87622
17545
30476
92008
70488
55453
42720
60785
28638
78120
85078
68310
30330
15233
46741
33282
85064
62994
85713
83785
73924
21864
89268
50822
86878
42675
33848
62645
42533
6458
18283
5632
76998
29431
42593
39605
97002
33070
27468
78256
85424
5804
23310
53343
82559
27074
32278
85494
96396
35139
59242
47388
93309
19693
48214
66043
5074
71057
37684
10505
48024
45151
52066
16815
69305
22678
15831
32485
18191
80941
43300
13321
36782
25524
89677
73210
94345
78803
99803
96005
68209
14190
20211
42976
37314
94291
81134
83050
92189
46632
70271
37293
86165
60934
59571
26018
46839
82421
89558
95572
23358
23237
79723
89683
62607
46857
16079
51228
6890
88693
71948
31380
45018
31907
87298
98271
86865
2230
60900
91094
79063
42435
41327
77479
30554
26214
29547
51034
10978
76265
71513
81560
76584
98716
44027
77371
60323
29872
43362
82309
92365
88825
22038
49889
40503
25366
85040
74047
37159
64788
29106
16304
90151
54884
65943
28927
21563
74114
16881
4552
95290
29648
59167
76567
45681
58663
75501
88580
12704
2670
43161
52996
92900
58116
30989
6448
35489
12047
53922
34036
49807
19343
3970
9997
67293
56093
56597
34698
95440
72036
66246
53164
951
22422
81108
23018
71384
14327
13371
60409
65354
56570
47160
22273
84575
15458
88297
71106
33348
14557
70131
17743
9063
33767
94678
48912
94108
62275
96454
2814
24947
38253
45243
48840
79543
82127
45078
80712
7552
62280
70387
27446
88318
54580
1416
88349
25691
63163
78869
13679
55406
32986
38957
47048
57938
98676
67476
21975
98173
21816
50975
15998
16389
80779
6468
47633
55930
37688
42103
64571
88711
37113
1033
67302
16068
8424
19450
40826
27272
4643
34515
90997
57961
78670
89411
90547
89510
22225
26536
61273
94279
87017
44195
7970
82243
74137
33131
82836
83740
32806
55861
79137
98016
9091
90708
14431
5622
48572
23248
77539
37131
92939
27963
42499
84449
41872
72387
35847
52497
40088
82937
21755
67090
21072
6775
9822
63504
8588
65944
11742
83859
73731
40302
70914
59829
36935
3392
60356
70256
23291
22701
12580
56429
46790
82352
85435
86607
50075
85030
32012
66914
35176
91226
83760
49158
25965
91044
53780
34097
32111
17989
53110
78048
78617
79186
94756
93698
5240
24198
47542
75119
70730
30769
50040
51691
60334
98623
67659
52619
90118
14559
11002
29219
26046
26082
92956
22217
98055
11923
63617
43623
7457
30196
52916
5660
31957
68324
71352
27509
42926
5201
38030
53704
34620
91777
39499
16638
78567
38096
5625
34514
27280
39513
26029
54446
75252
60460
98586
229
25651
71833
32732
19989
2228
7644
28051
8442
25089
86533
7091
76277
55858
12846
69895
75423
34792
53802
9383
80412
96899
87954
65032
13673
67861
13664
16286
53714
22727
15301
67754
15959
98045
38277
22996
54232
65021
38032
68700
58004
42735
42422
14141
35761
3564
71652
34330
80258
71071
60273
20209
16828
59022
7483
31058
84109
50397
75940
97080
87829
70586
66866
22497
86160
99122
16902
68712
581
70726
6874
44717
23143
96939
6631
28588
91313
53750
35784
84120
89604
14394
25527
4215
85479
97473
69735
5211
20637
62947
47783
50809
20741
38035
50745
1493
2776
33975
5832
55203
3135
16732
50667
71666
7557
90554
83774
80609
14716
5677
55464
94330
99396
56493
52122
78034
66495
61530
98721
21574
41998
72130
38844
88255
96428
61107
55617
39242
23809
22173
52636
54857
53694
72639
77579
8648
8173
55624
68201
14083
30763
39543
82921
10883
37800
71526
39593
85683
37921
30939
49088
59992
70711
67616
56704
15463
72179
85677
20215
32893
49863
31920
73346
75931
62714
72112
76742
64489
46093
38840
13069
25656
96974
30877
70944
33424
62534
51593
5065
12839
31669
28553
92489
81662
65323
1831
84064
26398
91517
69335
10224
84925
82680
25326
51654
60192
53240
65240
67662
10277
52784
19158
5617
34789
87685
12922
9741
21542
6103
49060
90380
60090
70964
92443
11947
79235
32386
20395
59416
93931
50330
18756
39536
4957
13357
95561
20597
11785
4272
79016
34018
49869
71278
60461
74210
93169
31059
13202
88680
11440
4265
49165
48193
324
24361
85131
3750
16450
67053
54163
51327
25984
82982
74208
41590
84832
33337
40679
46440
3943
93230
42210
60223
51100
6414
65307
5209
8672
17080
93938
89518
47997
28485
71554
43670
18347
17044
55756
28536
50396
75864
97876
53337
79460
49540
41824
84817
36623
17219
87411
36638
90538
62542
64272
46784
49039
55071
32849
27350
17540
40458
70613
79010
26066
66967
24732
26845
64153
49379
59339
56712
33804
12040
96982
15132
46445
49292
33000
10659
46951
71138
79560
2077
63260
56288
96936
36563
15965
44242
74885
68622
11247
57464
1413
34072
10222
37602
72035
10431
66558
3968
55089
79640
45396
34840
712
37126
44013
33495
8527
4841
87352
61192
5577
99098
48951
2568
17902
47083
74566
18143
90805
56973
41062
51097
63245
16414
86897
44566
15157
92438
76667
91074
48394
5614
73438
3617
84657
27867
15384
24675
81526
29716
95375
59338
90657
93264
5650
78970
28217
78715
91343
38232
76123
66906
58300
81798
66049
23702
67417
12320
59247
17308
42352
78321
62890
84942
81805
7822
58808
79808
27456
31227
30368
16820
9031
84138
76623
80641
97875
68633
95279
11824
17907
49371
94358
66372
19975
20795
80222
66069
43746
42046
57215
5465
4390
61422
54800
34609
55972
73883
19023
76009
71476
76448
37919
3822
49870
43222
40636
1332
39115
87490
52780
26558
43062
3171
10796
52559
55223
66864
54310
76963
42190
71776
11972
85318
36386
60579
31012
84884
91509
87213
42956
34166
3105
59434
90211
13425
81619
90553
49291
47865
1853
59453
71848
82535
28893
1488
42392
3751
83454
78002
37634
93825
87444
69710
86163
63435
95556
59861
38222
49907
61392
57542
84895
7388
87658
60702
83462
12279
25641
64415
17416
63509
52400
19789
51349
28864
99421
50254
2137
94771
37548
97316
69413
24880
22765
2033
28605
10855
96715
79198
69976
18705
17417
79457
84433
17
24819
3152
41293
58637
78268
14725
86247
4845
20475
38863
40133
38680
42845
9508
44124
71701
56305
48584
37541
76924
44889
6338
286
51379
27236
23859
43380
88119
75092
68905
71592
14184
34546
26206
62715
39487
81801
84334
32709
36618
83186
83639
66293
92725
51224
68259
53335
27930
22783
3567
54761
97750
79793
76241
33019
3911
81161
24438
84223
44477
40108
51012
47914
82647
23307
43437
99383
97745
46303
63954
35261
72294
18407
25614
89737
37483
44667
41434
93392
44536
12929
21000
44143
1330
91011
1787
67780
38990
88669
90606
29594
80107
27552
67196
26919
23662
31256
69615
61132
47922
38950
56158
5769
44410
46838
76664
61564
18138
49689
6894
9032
32467
42486
11797
32032
4041
23102
29803
21718
3175
29320
72481
28770
36150
70254
71430
16425
57038
54401
72913
33410
58412
13807
29678
38371
17875
83555
70149
8801
85100
22562
82909
99427
73133
93010
61408
24173
92564
17345
11697
23572
84655
96261
50186
95385
3313
39157
70953
62627
25053
26567
6783
2876
29327
10579
18652
62822
85848
71921
88093
89164
44199
55547
6472
1047
53065
48996
79732
71226
1178
91505
16883
21234
38779
47638
15254
63413
82808
45012
92385
18537
84382
5388
72874
55967
79778
12358
93214
36877
50319
79105
83645
47170
59372
54716
63684
31557
37433
7869
44016
1835
24703
6384
11898
43139
1101
37825
34701
66285
50974
60059
56276
68340
39388
1780
27687
71681
65403
39191
22517
29665
90546
76769
46752
42959
43440
21136
60293
57765
11578
65765
69201
77587
42376
60132
68976
82371
78504
58659
95261
33604
64565
66567
34349
79957
52074
75821
40717
26650
43018
14614
20659
12188
95868
88074
51949
50503
45364
31664
90643
54719
83835
17533
52813
3358
18805
78942
75529
41392
62517
46154
10368
53480
54289
19414
64966
39574
31785
9280
81877
24583
35279
78008
82282
54700
80364
42315
36353
84581
33692
60417
69118
51597
13378
51140
47181
16076
50797
64461
57971
10415
86807
72489
43298
23103
7014
70947
70632
18911
77765
5059
34108
69198
30414
26633
57545
60363
24298
48784
13339
14142
97028
68539
48836
30095
57990
86110
29078
47837
38637
95523
74522
41298
9686
77577
6916
46634
79436
95411
66804
69120
73787
4178
98624
12256
36103
18286
29266
64891
52049
77647
1412
51181
13214
41838
22890
26709
11577
80892
15923
82016
36604
79289
52014
57006
86130
19798
84917
8080
76047
99254
80651
93009
69384
15283
99655
81835
53339
48337
32117
97538
25399
70769
38445
59089
66621
19070
38530
76978
18572
11807
47117
5008
16188
88339
868
24214
80357
88004
72289
41166
34806
63736
35194
60548
89421
12777
16067
62431
56025
50313
89048
24611
85864
83196
64265
25194
39818
36363
18100
59309
2733
21633
61209
28177
56153
10273
95881
59298
50103
16999
82252
37252
93674
77929
49329
85845
90845
1465
46098
66047
27193
46363
7095
88994
5192
81418
90682
89217
91407
66640
54525
37000
83977
65716
36876
68496
9543
17410
72587
82818
86971
11766
55402
52967
42528
2002
61869
55300
64977
40479
34040
74486
56787
26615
17394
48820
72148
54900
14624
96789
56925
24882
25121
99192
88487
34074
32280
92511
93323
94964
96831
76043
31524
63681
42974
16228
34063
19367
46507
92187
60918
8047
69701
13578
85628
44752
38386
29130
70026
24291
32466
56631
57444
9307
4511
4431
14461
68733
52753
23893
91644
18614
37937
61492
49238
48078
39226
49674
21270
87426
16660
45221
33313
23520
68210
52034
77712
84448
38052
13140
84529
69804
11114
41269
39905
69986
15352
70961
18517
10362
17529
1625
59717
83580
62745
37045
5889
72054
26640
54317
56020
30231
77425
18863
41832
15441
12562
48877
68765
97638
50360
88145
91263
40969
15056
23812
45035
19981
37489
49512
3102
97246
98389
13428
2146
89150
65733
29825
18767
97698
85434
13568
97229
31786
76152
67486
31892
26404
72482
56739
12591
98722
7086
68502
86258
55468
96342
83902
50261
59882
92466
57689
35358
334
82687
48882
32432
2185
63887
31535
98866
49707
13039
72871
98429
81093
99969
59259
52170
5012
64907
26887
57111
23046
56427
28819
66903
1525
18216
95505
18890
84594
14822
29492
86470
16323
30336
96645
80919
70677
985
67220
89647
15652
26834
28305
30695
42564
80884
44111
8335
17823
10391
18285
50029
96318
27610
496
88697
20535
70486
42111
69776
4482
91164
8599
23652
17362
97260
91662
59841
78582
31347
75783
39147
7184
64393
22414
38621
28154
93269
62267
86579
82446
47877
80725
51437
14899
43328
79449
67389
90252
14288
98426
11003
56501
49220
13550
65785
3162
88966
96735
32991
97380
26918
69196
25016
70443
61902
65738
11930
90989
88274
71420
15107
44619
11687
12244
95508
50840
32536
70679
5932
69954
9562
1786
72185
36829
99282
8690
95307
43333
45401
28601
80132
92903
65142
88022
60434
61051
99473
62820
59802
31392
55337
85038
26480
86243
83722
38835
47503
65956
79253
14734
62164
63845
86559
70414
43434
96611
23085
60326
30911
21332
76394
7849
97082
50955
30075
60583
72438
81290
98048
51064
76706
78478
66738
67777
31022
70343
30759
62415
7443
35904
65486
93030
1208
31180
72284
44839
51340
27374
4883
23110
45730
59374
92208
69858
7013
92308
168
88154
90153
54725
66790
36896
26658
65896
28756
83325
14100
98083
67565
20496
83778
72420
8074
99061
39829
38903
26395
15216
76250
50003
76424
94374
65558
6218
40778
19358
16278
46874
1456
55560
3120
36323
14960
8128
41266
73863
55420
18712
57363
44095
54766
34455
77812
45604
51510
98601
28172
51745
47040
61390
4783
93803
31431
58756
25063
28698
58223
73869
90827
89920
30748
78004
59031
89398
80800
39599
26701
71750
25611
17260
16616
42000
41239
33435
28653
82147
27178
80236
58532
61677
3622
63541
88091
60635
5884
63187
8534
25650
25017
16245
45167
72042
92165
33268
6077
5223
43159
2516
40276
76210
6216
81388
64156
72004
42853
95673
93719
41565
14561
80116
27502
39474
67139
53759
3497
39467
29807
6464
72774
46757
74118
66145
1948
69400
6926
71662
83144
39397
56600
32256
63540
33306
57220
9768
13640
4242
92310
74446
33354
92777
49756
16509
88846
60344
90049
78006
57028
44804
73624
69357
8979
8984
47868
51470
3802
36892
23650
98588
64865
49128
84956
43532
54269
17117
44703
47127
12755
90781
35760
33039
76701
57834
22730
6670
39375
83803
13409
39488
24809
77781
44918
17433
66930
60182
70978
85789
92141
54418
26787
21849
47845
8038
18780
78164
8443
78110
82521
42644
17225
53254
79932
99270
12841
72066
63227
14772
61245
79281
60124
5357
42882
44817
7924
35944
50001
81883
77372
74381
65179
87229
3201
98602
56941
30367
45157
38585
25896
14635
65395
86131
79
3551
35559
39466
92948
23941
29185
2383
42154
79889
17132
28228
81230
78814
32830
65153
51031
79201
24074
28980
44939
17588
28101
14203
60086
61140
34431
89656
6666
71608
3300
39713
64894
6174
11828
32971
453
33865
13695
82779
76071
15418
37154
14271
70956
96096
59595
53452
28503
50685
91391
90013
53408
17233
66833
47834
24991
73117
88211
57177
33772
79626
9920
35827
99461
47203
37911
89533
73557
71546
76148
84863
26280
24845
58592
85574
88445
16787
61031
27379
82938
69304
32389
55348
78483
40963
90790
65360
48517
6603
82088
19784
40441
88337
68563
51767
84644
95888
56124
83374
36951
681
59527
6953
79890
80317
78100
83396
49014
1913
17235
7603
80913
96037
52871
63026
44218
22176
11383
47447
64197
33790
38793
65840
75232
82863
48966
80067
28940
46470
71645
23798
23818
51734
49164
34617
32890
33242
5237
47497
29061
84115
62621
55206
40944
29476
5124
42699
82072
53846
14828
28929
8013
18144
79809
58546
71387
50210
89747
86751
31201
72573
29358
20468
64711
25598
76408
62804
31348
56508
51961
12968
31305
73595
79864
86097
99914
44483
44650
68912
44357
84213
99330
3314
90420
43257
38998
10375
46578
62944
52235
58979
68845
81374
10914
51595
58929
6150
99125
25642
10434
67551
86296
81193
66226
53564
21683
94666
92605
61323
25991
58
69747
42208
77923
47183
88395
40452
21767
94710
74535
67345
74296
42134
64675
42778
97220
92991
74279
88841
42275
68885
10097
24965
2761
28406
63787
52527
781
60209
95175
25413
19686
80642
93071
23744
69009
17699
34493
44959
32708
50787
25687
83751
69163
64864
68692
66291
51161
89290
32632
48290
288
10937
27364
80109
26588
90071
91985
5246
42178
10587
10160
86645
83801
23334
1368
50551
34381
78190
92645
44714
80476
77548
80702
14359
44677
48449
36320
73917
76633
7470
82893
67095
63252
14416
21782
54797
96145
22188
73967
35091
32845
79000
63758
10288
1326
49730
41078
74698
84866
29499
85994
9889
54451
89838
55029
46263
38419
33456
73732
7083
70974
40343
55065
87009
79643
22447
93340
79296
38951
30727
44802
75547
65129
38593
48670
46780
65608
92422
41897
29992
14604
66265
24831
75828
54287
96961
89706
26939
96036
23337
79592
56647
94865
96468
33768
13012
74861
11759
10991
20422
72194
71601
87268
76900
33042
67228
54510
14728
203
57055
14060
30351
57846
67067
60125
29144
88037
86618
86399
15425
54590
34465
8370
44306
17858
93809
2300
7650
47027
90833
67677
89335
67011
99646
41328
1358
95060
88281
14315
59957
41728
19
48854
36811
66663
98801
99023
11526
51075
79598
98663
35156
63281
89444
40326
91073
12109
2481
60339
17762
32940
85777
52257
58891
45954
9
19741
41933
21661
89508
91423
1851
58811
25966
25117
95829
72029
3393
60704
55779
81479
83999
62437
656
82052
55063
63420
86648
40112
99667
13396
92560
59007
94217
60162
82596
93356
73997
4570
44750
24067
91454
42219
58409
14483
60201
38289
77200
44161
12270
92289
13823
84320
54774
99078
13395
19935
54390
33867
95205
2100
89981
9843
13407
3179
32747
25718
32927
51524
53864
30376
74442
5098
37132
46618
52626
30131
31225
74857
4890
35405
6397
19942
87569
61502
54411
74737
46019
81454
60051
47683
51425
61863
76294
28719
36627
96497
3195
59157
66050
25349
62502
90270
16635
73972
30892
77238
25461
15641
67549
82157
67150
34039
1112
32897
4209
76465
23349
50635
12052
84733
42760
34952
34417
33574
31716
97755
92945
86471
144
54819
36717
10836
46127
49971
75215
87768
20996
73717
73954
35880
65543
25663
30940
26507
12461
56078
78899
42684
43780
59187
83011
17380
14045
97501
32325
54862
20968
66169
44444
64582
59245
94485
6865
8926
63039
59333
3949
31203
36499
52389
98057
15257
82956
74472
31527
50324
55886
5838
80888
30447
89984
2971
73046
63041
45019
99026
62140
89352
2145
68155
23090
9422
10815
84992
61307
66981
82063
58407
6997
24038
97504
16833
93256
30786
86089
80546
2796
93952
87056
67189
2790
12745
97804
48124
87785
89297
47764
5057
25183
47347
80666
47695
71448
64682
12572
84206
84123
4618
42609
36648
55943
19310
6051
93762
3787
88016
24249
79100
80517
73944
47745
83976
12265
17008
84068
45717
20517
36635
28947
53738
94417
21668
19322
23434
2031
33504
87649
74579
67760
86
23367
18907
59495
84960
92429
48113
54835
98707
54492
18900
16897
65224
91135
67495
24922
13470
27478
22747
46197
68454
38740
30005
33776
8550
68478
41363
25069
85889
12155
32782
16906
21308
26568
51159
56464
1719
57806
57066
58265
58471
15222
35700
30152
37393
507
61721
15098
22186
27276
74567
51771
29347
85176
34127
45815
98019
71890
45786
93253
96321
59428
20933
10478
38293
14872
6281
74121
91982
25864
64668
30147
7773
57975
19918
1197
75551
14600
84663
70485
74361
49416
92166
70039
31069
55586
94277
24278
90677
94281
28993
9308
20094
29259
16223
52835
48731
71684
92263
10179
63979
61574
47188
27242
7484
60001
41336
61271
47576
28952
2158
95376
84316
43695
59956
32892
50938
53954
39165
12959
31036
87860
47076
40656
27133
71801
98640
13795
70989
82530
52153
2720
61818
73475
57260
10998
90775
93526
83307
43041
39133
52575
42542
54501
77121
98959
27060
74591
17013
39958
6707
97619
52727
25223
85584
86477
60665
45980
26867
52947
63553
81838
25599
76686
49875
77629
68825
24110
44692
86091
82572
35937
42961
86824
56136
42665
69070
24558
62740
38679
58981
8991
7321
36261
7913
51688
40419
9601
89826
30212
44008
42276
69641
29071
39885
10059
2949
96849
16086
9331
8090
55949
60199
20167
47971
90737
30423
32972
34320
39054
62569
64302
96698
82015
17946
82159
72722
68790
30620
79043
71489
67749
76439
69143
24226
77166
15746
14978
5055
22477
4118
83777
88383
16927
12200
37300
54652
23991
70590
43826
47952
83279
3683
56596
74553
51857
35614
18130
54125
60131
59847
1901
16519
98340
97420
50593
3526
82164
98180
11728
62939
49064
65613
21822
12754
67180
27377
77189
80212
68134
35546
74675
89542
26091
97790
98273
23887
32272
31683
35190
3226
46506
2560
23847
87178
88362
39917
391
38853
97815
12709
74332
91045
30173
19153
22813
95040
74046
97744
53092
41339
83056
51271
46593
74931
54695
10263
29105
86413
19183
88840
69487
34034
70814
98257
72956
44766
70660
51917
29372
97774
16779
92170
96996
18309
43329
92535
38185
314
8121
88954
86155
42076
26768
97186
67242
70537
36196
8499
57166
59596
29278
77374
34424
11656
29236
50863
54650
6217
55938
56291
20388
19122
44723
14738
39548
95127
3219
20757
37948
65872
49381
19283
68754
48943
52687
61525
75970
39259
37208
98015
88642
95253
26602
22064
92684
29836
20288
96496
51980
18670
33429
10864
70150
97631
30281
96463
72974
46307
20344
96770
9723
62731
16641
72490
64639
12378
42336
38685
3096
28059
86515
41636
52312
39357
97025
86303
3566
77597
25450
77091
27366
84368
42834
10645
97346
92763
39304
95707
734
84712
28566
59216
71187
54550
94013
57001
95317
55282
77428
48050
74128
33947
37322
44479
24505
73000
16961
24031
47424
24979
79081
52327
46064
46969
53222
81695
15014
22805
5597
27642
88684
40097
10763
83413
31486
66478
90098
82981
56993
46630
69724
86789
52955
5607
14773
85480
69662
28754
39219
48390
99790
27167
7935
91294
95188
24543
47770
71365
69677
77525
70154
95327
74146
79796
2058
21995
81240
89404
93653
64689
19766
49886
58361
28222
74323
65823
38383
14309
42271
11594
30509
77179
79393
43459
52864
26150
86669
96858
53136
35931
95634
56393
18230
9697
8554
10489
29711
29812
84921
47889
49872
50689
37949
22111
21073
26200
97215
32610
12639
97516
97350
28930
72075
88014
91814
94618
92793
90259
46855
70420
31506
8450
17509
22720
46054
26642
38606
93558
40704
72409
82218
72857
76268
55030
68338
77900
34059
88651
35303
9410
25915
18987
10824
69811
73247
91307
25921
66091
93826
63168
90617
61842
67025
33264
93487
13243
43455
21411
74126
63271
57864
30593
46865
61435
9154
81704
8767
26021
29969
77776
37376
2397
44173
13358
85181
96101
57594
58280
59225
15426
31186
20655
80944
95354
12351
81735
87741
9450
27046
97116
85873
59513
74215
13019
82780
11878
49449
51374
77705
80152
85524
29044
25384
56413
10116
52644
41681
3211
66665
26323
33556
30245
92947
33048
21223
46159
23916
7504
33233
15980
3412
43646
21643
53494
20271
53787
91896
33187
27661
35825
55429
55959
50300
58824
21143
66700
62109
80050
73961
57252
34195
32028
33287
14547
44900
73652
23855
77528
24314
33305
60755
46106
54322
31487
58215
78459
80684
98074
46922
11946
74617
93989
53865
88890
55227
4376
98835
7828
6471
69953
61626
72707
67124
51620
43753
25411
79950
26691
72947
21045
17481
53701
95592
17264
62507
15775
47015
76793
87820
23542
40442
30953
23494
79879
38726
77865
13003
46979
67341
24869
78839
16785
49609
65146
51693
38513
35002
64525
67359
60340
96197
38651
25602
69214
70392
12164
3649
74929
53285
61135
62562
57951
40846
64862
11564
50014
83176
2253
57829
21104
27841
66664
67030
24300
6195
88329
63068
83072
57585
18871
69221
65352
2682
72908
23089
60111
11273
39230
15147
79726
62104
71467
6710
43450
46152
75576
74222
31182
11070
10035
19963
24108
7453
62370
73
58775
21908
47443
832
19648
42132
25719
95741
89283
40689
493
25088
32995
34389
35378
67326
61285
88095
35779
20520
78370
41275
47063
90762
28654
21739
88147
41073
51983
90667
39390
50224
28587
98114
65721
26969
7780
5863
21599
48684
55955
27226
61359
54777
46999
26368
17046
35237
88508
71184
42850
66075
70329
2592
3223
34232
94713
59217
49286
50718
33630
28036
62904
41888
79311
1255
42990
93277
67214
88921
72379
31242
78439
13830
22756
23498
99569
98831
80178
52392
94538
39622
83128
38301
23962
48835
78438
93303
97332
90925
8296
6094
60193
59228
18613
63686
51366
29999
12371
74426
58558
47012
89799
25135
1366
42333
73071
73726
84088
16623
47351
32459
81043
27853
50411
80775
58026
26272
23616
19179
22594
47082
28838
63555
76338
46602
23635
27222
78414
86981
58668
58166
42912
85421
34512
26169
35689
86668
33062
35352
33397
96393
25870
16031
53423
9715
57584
26812
51162
37901
95839
16629
40643
92372
34532
25735
89795
65596
49309
49576
72408
15565
16523
85051
20031
43542
71051
58925
98242
7211
53457
73549
51967
3575
42113
71868
48206
777
84228
56907
65869
71485
67168
34815
49006
52293
47761
46370
54294
82320
29611
9377
32739
27156
29142
24097
39006
18142
68953
395
65097
84274
38765
2948
28923
1524
77161
35773
79373
28495
94159
19726
56171
72465
7934
52187
65994
90434
34576
18472
43415
16410
33938
359
18275
4327
21530
6559
86557
83856
67997
89273
95966
79112
7888
82470
9718
24494
34671
94704
43505
29708
48939
36454
84290
90738
28659
68287
48604
73007
9189
11670
98615
54358
19269
80226
9036
84107
8530
83479
19506
9687
16804
34117
3572
28635
45437
45296
16717
40389
4367
74038
55538
59635
28068
90191
13392
94841
36258
45058
89753
10250
60858
26618
49021
84746
80914
64399
79474
45858
27862
25775
15180
99
48442
55644
56969
66078
11931
65843
60464
21111
76425
43095
17869
86116
34921
41525
21787
83351
93554
34130
71938
13563
21128
30388
13504
83883
24540
3876
37317
13982
52493
87413
3289
94042
81514
82877
3251
94647
77293
12112
36843
59006
78239
38508
92732
62908
53130
84335
50183
20544
49312
17600
9943
96630
23726
65059
2746
7708
89284
76330
46996
91183
93680
64304
61679
30986
7767
46331
27834
27332
44311
20924
12616
16879
64443
18719
68545
3100
94795
41845
30926
67207
60456
50893
6100
52810
1894
16776
59231
65466
53405
39727
23392
97374
8943
58516
1953
81136
31998
59171
77466
31255
96
18666
65685
42119
33412
30275
19959
53637
89408
93907
45403
55297
11477
77346
84018
93981
75997
68948
80831
55753
67047
25147
346
65446
26277
38833
84720
33274
9014
96530
3603
2199
15516
75370
50327
67928
2226
28434
12389
51416
29416
94788
42577
13153
90190
44460
1783
6159
7710
60189
34089
68438
88859
51713
41761
97072
91769
17824
77901
64624
25386
4680
56236
53762
67299
33812
71841
32078
61742
55934
30699
73322
47356
12077
21097
99883
98974
22878
46677
53667
64952
18326
54938
43114
44345
82542
81422
34795
33792
55638
43915
82443
11382
43529
84379
97291
10305
51553
9394
44957
14065
14634
41490
85071
75532
24738
25205
93371
18350
84528
2170
98125
55629
38009
72518
31543
8988
70140
81292
65226
21547
1426
91690
43215
56538
54781
83878
41758
64416
19742
48938
94121
80605
72406
89853
83344
18954
18618
22521
49330
26838
54293
55543
50637
61514
58582
25387
28541
79662
46905
81155
80618
99641
81056
86048
62878
61477
923
6976
27997
64860
19408
63033
87153
18015
57848
19958
5992
41412
39042
16731
91583
93233
65962
56157
97738
66381
17358
50193
85349
48026
87434
81508
14370
6223
90792
1740
97465
18591
22208
4568
9245
91008
69237
84191
13076
12943
57769
596
10902
19293
31437
50321
6756
48987
18319
70448
29453
9393
92544
73773
65672
16652
21957
37373
80506
37264
57456
54144
38336
34436
67808
97648
38200
94290
8995
35649
31734
85169
5119
70867
49046
83622
887
97806
58383
86945
67589
71358
83425
60728
25629
61079
34997
9083
59413
41283
89967
63269
47724
60172
2003
16614
18700
32298
93364
75884
50134
62776
90834
13250
5034
46178
66189
38280
73380
71864
74416
31951
83356
88356
5163
42710
3263
36668
69748
84601
53890
62841
6362
35120
41724
76320
92283
40067
78026
10142
17393
23917
74093
56528
44550
63191
99811
23849
83969
52873
20849
81750
93426
1514
38632
451
65270
73729
19335
91508
8769
19581
53740
1414
16318
55000
64621
39997
75883
66691
25192
22196
43084
72182
99714
56364
97788
67477
25267
15450
25744
33669
25221
11112
43664
54439
5752
1233
22154
2983
91469
16676
76692
54017
13485
57048
5977
28662
47627
83043
48283
89405
24655
47698
40118
59328
42485
64861
98561
99399
72570
10806
75722
19223
18990
69690
38227
5458
28356
18676
96766
8375
74937
54030
64052
67890
93110
74011
45904
38499
57152
42561
54448
29913
80359
1729
11648
1811
15473
41664
62310
69433
2156
54495
95486
43205
34114
67457
15697
48697
31129
75645
63406
95912
15604
25654
48262
75871
63366
92370
42322
36488
13784
8906
78480
82745
49246
34230
58882
63034
30419
39445
50792
40006
9870
70162
26337
28966
76048
4613
73284
25872
70331
74045
34668
15201
58436
61177
78139
96492
96466
20557
87549
99085
56409
8326
86978
59131
10215
94532
79293
21381
99358
68236
12259
58309
78115
61597
13080
28865
28328
64852
71093
93539
75863
15618
47687
23242
43732
40999
65931
92288
43358
32315
33770
37405
23189
32041
5623
43615
6823
40146
41768
20188
81148
77079
76020
50116
61014
18344
7200
11611
8862
81070
34736
64935
25884
57053
23881
90041
32183
10631
25572
15747
3980
54453
59588
66040
87382
76940
33030
41420
9651
34044
10302
81233
73422
733
97125
37015
31589
36875
73208
56318
83006
17653
2509
61431
93128
83579
79811
84700
57802
6882
34778
8379
81807
43192
13548
90312
83514
75517
19745
36309
510
98685
67609
82075
47928
41342
8007
94723
18832
78678
76037
43887
5262
40070
53259
52197
87132
98232
307
88294
12945
72204
10127
60636
19489
29321
43483
92388
29785
43677
22016
40678
86635
93345
37628
1523
61504
81334
82629
32631
28791
83821
65110
93926
52897
26634
74926
9801
66632
23419
20074
40972
2123
98088
46351
24286
59805
59467
81495
66795
33146
85663
53406
41034
57390
48898
50848
60518
13571
26667
55148
19962
55291
94879
73251
61691
37341
79196
40280
3870
40733
666
25532
6651
67860
52508
49374
28703
24221
83822
91661
24183
11570
85081
94820
27058
98917
48302
45207
84266
96134
25997
37107
68470
74481
93447
33830
96631
82025
24794
227
6447
6517
37572
77627
64566
30296
58048
1796
11113
23250
70181
13385
60917
50709
92992
6732
41385
39757
61959
23631
28695
32283
64753
6176
16755
45427
95341
25818
16003
85913
83392
11433
58865
3543
34868
26683
52326
48759
83025
63081
78907
97818
32376
28499
37868
35636
96562
27995
18899
27194
48420
41501
59912
47609
66647
98026
5265
44174
44764
65547
94707
41475
59958
28455
81315
66961
5050
17120
11925
14808
4235
37926
64248
6391
52686
35452
42709
49184
2325
97323
48023
48459
89917
94292
698
75806
1512
18476
78345
57379
36464
88043
22168
32831
93456
91075
41321
81006
72231
49417
63401
98368
8233
76332
29091
98865
98438
84839
17512
59258
96160
38625
42382
80943
82385
29299
82650
77201
16560
24426
87045
70716
22735
69068
59323
8323
93542
95222
47471
33093
75696
5887
93268
72606
87962
99487
90072
56808
72270
9887
87796
33665
77793
44160
5146
97812
32701
13582
80096
11187
46354
5646
61624
76352
13456
3419
20762
63770
94754
13200
5495
7671
71530
85878
50169
36671
262
71619
74397
74001
76306
90336
99970
42337
22458
49154
16947
27273
26359
65113
42358
33392
3350
67119
60562
55
46381
54468
28241
47785
80691
14132
66537
45523
38764
21148
13865
18794
62991
70634
79398
66334
46971
31275
14500
85856
53943
60060
8164
9544
34520
10085
15704
12956
56940
80268
88858
8863
34627
58601
5134
88028
23142
8165
92892
71891
93286
93079
9618
35397
50568
69202
63113
23694
52664
47308
92970
95688
95291
13108
58082
87140
13241
4628
45027
34591
26837
71208
91292
36005
74813
58439
68088
27936
34539
53349
8852
9198
80166
73359
78905
37069
82571
93741
69246
39807
57115
46945
3844
44762
4896
54247
52076
18664
84853
49327
82728
7990
87543
17056
88536
26732
46721
47309
39527
87319
46252
32018
32356
27384
61815
87261
14369
58041
61081
47684
43172
84188
73026
61249
85972
80703
98419
4503
64202
92306
92009
57459
25900
19887
21202
71496
26499
67007
55788
14379
36819
39994
21401
85962
72404
55799
28180
95398
5743
15753
89912
3262
41732
64022
85377
3270
3388
73922
14785
22013
24282
88005
80211
14683
57032
53296
61319
53209
1590
65682
89224
79404
21324
99411
11212
74404
76605
85400
61346
87540
96873
90201
22438
60720
64388
58822
2825
5925
28954
46452
96503
19234
51469
76765
82655
35016
99031
15334
6889
1484
89205
3099
90321
7009
77729
51861
86018
25142
54240
62756
8861
16170
65846
25492
86646
39003
16195
92392
82060
71847
5071
88479
41064
71439
42661
47504
14869
78021
48553
44653
82771
30679
52487
62854
96199
99549
57357
78969
63550
66001
28325
50207
19455
89386
87403
11350
75904
48948
41159
42550
33876
33050
82377
59656
90449
17070
56119
44872
16920
10191
1191
58816
68368
36885
6234
22692
52943
86299
84166
82074
95281
58917
1596
30740
25770
74519
75561
8659
28199
45092
92340
10751
59658
15638
71260
75193
31292
74652
19169
22833
90199
64619
9075
71790
85650
90557
64309
11632
58221
97595
17389
65633
57054
16018
14221
19768
92644
49437
30274
1444
75769
68735
6875
26045
61237
25662
18961
67826
45255
74171
92935
33433
66099
57954
10700
157
39897
54795
25191
29561
57427
56961
71165
52200
92114
52674
82493
99882
69273
72815
35011
66294
12198
70408
88195
90994
67654
42312
32901
88523
54426
78157
82737
58776
76235
58815
95068
27102
63910
54628
74609
36849
4569
79072
10967
19148
91494
87358
27184
86786
96564
11588
72925
84934
56740
48539
19835
1746
52104
56019
2060
18313
80175
26044
68969
8707
40119
34198
64632
91588
74544
37307
16166
52323
77738
87445
20026
22455
42997
83940
14602
72051
39732
7460
2272
4111
49617
66000
27599
89246
57692
52594
75333
18619
32239
35355
41430
7695
88384
75465
2135
85097
47965
54577
31769
73538
52669
87224
82274
15225
87279
39758
11411
35738
64881
74434
75593
93411
91681
18396
61583
36521
57858
22804
23327
11274
19263
33487
2747
95575
66896
67770
40660
37430
91102
35523
16739
90245
7563
98733
60015
57143
65993
17807
4146
17198
18533
70755
7775
33703
60933
20683
20042
12394
22370
50423
61703
35658
4453
36581
26780
92722
39559
25239
3602
5903
85111
59246
49925
43338
85556
75491
27960
74653
553
68862
87384
92906
71751
63291
52270
4770
22949
52842
96576
47779
54721
57985
50725
37827
4459
52939
35165
25039
79424
96691
2237
36377
90124
377
21138
82513
4833
4211
64002
22380
55485
31501
41576
82722
30364
13387
48707
45487
20005
96389
45229
71852
42653
50617
45055
53461
74498
27219
54398
15471
78554
57786
65664
70410
5807
70699
49504
8899
91789
95414
95077
57256
56354
45743
93142
73461
4010
35332
75431
78865
62529
58539
48805
73892
87075
86262
67316
58744
76381
63350
47887
31640
3104
98078
52793
53832
14782
62520
36997
46258
79507
25609
94800
25180
88268
15327
33473
83566
9637
81874
95659
8110
17920
70667
40832
45690
33936
48465
53379
22896
61144
6390
39894
20902
45385
29628
37708
7508
13030
39615
43401
78908
25751
50262
80866
79327
84848
75968
99034
35067
89938
73641
27719
93086
13720
81097
55502
96993
93387
39989
48147
43968
51607
77675
81085
40930
25710
93327
82864
58707
40873
20649
19416
76291
82793
20063
48861
177
80163
27453
8140
6812
82031
30606
75566
52421
31959
62896
39311
81592
93969
42953
60797
20942
45866
58071
71783
43857
63016
48028
36179
39429
90634
19014
48376
96438
56711
53369
58597
10862
91363
83121
84380
89560
1823
2225
98216
69943
86649
54901
80548
21265
2637
72402
39139
38546
42151
70395
22151
70455
43790
82925
96284
71944
21789
44637
65895
35075
44452
65121
23979
39703
57633
49127
48621
75671
521
51126
15068
58910
65440
71836
64810
23497
45621
45782
5436
81563
88254
22421
9510
67265
7635
894
30966
10037
27759
47247
37261
75834
29670
68297
37566
53131
66796
39146
62368
54672
55807
9022
98768
45302
60977
51076
18053
13240
36871
9908
80574
56875
13615
65479
78255
48593
54370
52408
67424
31332
8238
2579
25424
55024
39705
88692
12416
7250
62577
97883
96686
95576
37732
29828
940
78074
51741
73528
89080
17874
85450
77344
18406
7254
44170
44458
61071
70136
65025
74555
17585
22807
34956
35227
74610
50065
9387
14606
62941
55893
52889
67072
65679
20143
83231
93686
17094
55855
25647
77564
37642
98740
8616
18400
61496
43647
46742
45568
68933
65516
37053
84244
58875
67734
79840
74638
83516
24532
41626
43377
93414
67871
95006
16647
72345
12896
23953
77514
1907
94762
14216
75334
97426
84795
66962
2536
5102
73174
82810
62814
56052
43772
74241
92580
80722
49591
45867
42278
5822
82241
64772
14373
99769
77205
54703
53642
57417
3047
42883
34733
12815
91685
99481
28944
45358
34889
71849
64325
69565
39126
89561
23457
30638
43796
14548
74621
39595
47275
22588
73087
84947
88729
18546
28532
22343
25591
47691
96147
23032
16822
25845
87976
40150
21792
94685
77706
87340
75310
24594
27392
75343
57607
61000
76920
64731
84439
24049
92875
10280
98717
83240
25627
73644
18838
15537
68801
10026
42989
75485
31801
45575
65995
18098
30788
53733
12875
3552
2321
42722
24377
3182
53045
76196
34215
25998
27975
82430
96446
27416
8134
42344
10769
36836
9118
46555
48434
47706
66433
99708
63956
69169
14932
17241
74948
72094
8363
91223
84471
36489
75477
92076
34771
94070
7902
14762
58423
23959
51502
7622
35173
79149
71779
22537
49457
4139
88741
78977
72497
82645
71832
15890
23691
55031
34187
73383
39179
26860
91473
23199
54050
90335
59909
62151
44973
32593
25698
78951
35292
59061
79672
69863
96662
65152
16206
29415
65786
73828
64206
15092
32481
47918
93275
84375
3981
29603
78145
88923
33478
70650
30354
44066
93623
31245
53189
64748
29636
23795
18405
22015
11994
39597
60609
35977
91328
54710
69007
42087
70618
82606
86794
71877
46447
60122
58588
34191
44122
17419
97195
700
88011
54172
99807
75526
98430
70293
13544
82898
72831
38707
55280
35228
80764
85652
27500
45894
75378
29947
10336
21457
56837
50055
13675
39364
24224
82336
76374
65123
1836
68674
46221
28043
64778
97773
14637
68047
88124
86035
95285
57238
20067
50862
46211
31422
13541
29554
40549
63380
72547
40474
66124
43108
54802
65094
11816
42708
91299
49480
57184
3407
99929
5976
28741
92559
98309
40378
29723
62156
82576
40978
2623
87624
70314
60692
33023
53416
47293
4444
22051
49496
88193
5247
21776
46003
90128
38147
15046
494
74696
39736
3904
15244
36909
69965
94095
44189
99663
56684
50139
35552
85476
46000
83445
69576
84225
36543
21626
88664
67836
84495
7326
10930
4008
86593
51837
98396
33060
39775
54933
12414
59275
24774
25664
14999
43050
4256
47326
63488
68063
78356
17062
33945
61298
17314
20196
97087
9141
34624
30634
48986
93363
68634
40792
71499
53080
76184
42324
7336
7040
80621
97391
89039
57016
49652
56049
20048
29599
35271
39839
9241
27063
22938
42979
93561
18688
64460
97475
92934
95501
63139
11021
46643
31418
34641
37980
10211
43051
21855
53395
26378
29314
71717
60871
38880
80319
4422
94527
19725
18835
77193
57556
46413
32364
19093
52344
22906
24195
24497
59503
51020
98413
56086
85112
93747
96094
36109
28038
60717
71445
51488
43355
90539
8738
31029
97369
76286
99191
57940
56349
39253
5462
85802
18891
45567
84592
42927
2460
53265
47372
81972
91289
21311
24840
54842
56774
31993
37057
44826
81425
67403
64762
96626
48725
29635
40706
58678
665
11612
8419
52082
34121
86327
4699
50881
24545
64354
60161
17962
86418
67229
603
94010
20643
66571
2155
96983
61878
57402
13424
57093
44235
13542
16576
64818
88315
90403
22828
15197
83766
76143
23287
58133
41409
35162
19237
5827
65718
14927
44503
81142
9128
47013
90572
45660
97768
62393
47130
90783
12098
39482
95651
24220
83688
94328
20345
97651
23699
23370
79734
85132
71881
94991
41053
33111
62186
96910
83471
90488
11391
36633
3784
52297
95685
61428
27878
32652
34128
24957
23508
20629
22302
10504
5557
62853
31582
93434
98743
98762
97140
73025
72689
44422
52660
68376
92641
74620
96881
87776
40250
41648
16215
51925
54698
60333
21509
98993
11318
38206
66405
56622
63811
81956
44803
82693
43935
59114
76068
37724
35634
73794
4445
62219
41079
39472
20724
41704
12852
32137
44530
93802
87912
83112
81015
27790
24003
72900
45046
88442
89919
94139
62302
66924
96248
39093
58585
59115
40912
7458
56612
12070
38380
71197
94951
99727
53947
19886
66971
71656
41357
24745
705
83227
2850
15321
33079
56057
5069
88552
89646
47243
75694
62469
62372
48466
86740
35740
90398
93285
57314
59555
57825
56550
39245
82827
4748
30942
34685
69566
9850
67284
49645
2271
23022
53034
65140
29930
83792
64964
29843
28386
74338
91266
30530
59151
79050
43777
77365
31630
13148
92554
77994
66742
90094
48780
23096
30187
92079
30463
42507
71113
6571
55884
90369
25238
14976
4120
35248
85795
31254
98732
87573
23885
40667
23865
49647
31947
77544
66125
78966
17937
73217
32720
50832
97799
66076
60430
66652
62098
67571
48140
16388
51314
71920
69212
43070
4375
78424
28019
92720
11248
74967
43160
15835
79446
15375
67664
94352
88202
57132
38177
91715
22780
88044
98126
91252
24216
24846
30263
77973
72058
15181
2558
79842
92824
31728
75804
99210
61308
11865
89896
54614
10175
8509
50388
72980
18814
91908
71744
60859
28152
25512
1949
1395
45850
59502
19696
79744
58175
16899
48524
5033
981
5354
74825
89255
73831
41901
22649
20710
85254
33463
59376
54885
43216
39835
60741
50416
99981
39983
68322
15485
4540
18214
35311
97982
16161
82079
34541
95846
1333
39644
19212
4635
44772
92472
86949
4930
12409
19823
87629
77655
1045
70708
79192
99264
43261
26474
12308
49399
6764
3983
87911
55001
45192
46234
83337
72247
82846
31644
22777
89751
12536
70282
95131
25061
45102
18158
93366
58445
71621
46441
58908
91722
2377
95541
10196
56702
60563
34010
79962
39447
84966
33761
80168
79109
81817
36934
33757
98096
57677
51071
77862
88987
87708
77522
22540
50431
66794
37319
61761
90279
32582
31204
43390
72686
83095
38889
25819
9641
87862
68167
32229
7521
97429
72969
4831
8813
69109
79009
50125
48423
17641
3804
26690
9192
76171
48191
89936
17435
20456
12961
50323
28507
51518
71433
94869
45537
1679
82845
15358
95370
45990
68615
96913
13496
48997
34139
31057
7433
69678
50326
7868
44026
973
7260
98142
11222
7910
9611
55563
72218
80956
65724
19908
30302
81466
32482
60895
60645
28873
50120
72375
10275
19337
43735
99483
78745
91584
58685
68728
11146
49469
56958
37721
43806
5698
99128
26590
59989
40239
66724
99868
23316
78874
8006
58103
78547
23586
82382
58590
15866
42888
80909
38155
90213
24827
74258
67720
34249
7155
35501
31529
79954
33015
79175
6102
37761
3530
64897
64154
21503
6501
16412
2229
39753
95149
8651
94416
10455
75764
84424
74743
14276
33193
14156
99542
89437
40084
568
1198
32086
43339
44120
87420
7700
76092
2643
63868
98372
48447
1628
29880
17976
51212
75454
10771
80964
2308
90084
61240
19329
16317
12584
6116
61751
25109
21179
16754
14241
7096
34003
69418
55878
28190
18240
41383
23127
6878
28801
4676
99728
8439
65523
59506
14912
4686
39069
86478
60258
20406
54735
44134
51758
74173
98208
38065
25756
90825
52146
6008
77283
26974
76714
80377
15615
78894
32777
69481
97281
81846
67976
33870
31481
48839
13270
34335
45656
30736
26894
98472
99754
19448
33958
37257
19558
27432
84699
91127
72901
63321
55482
6839
36382
52531
71693
77566
1389
84531
41639
53830
42279
44749
93510
26850
57791
4207
98386
19863
38191
87342
20801
89130
88066
97572
3297
90427
74217
74739
49360
69039
7310
3892
75478
63797
76001
40879
12521
13269
43274
27861
32754
15010
7436
23044
10193
99765
60591
30062
75388
20619
99780
32408
95900
79914
36124
84033
48320
20951
19636
82663
92534
80737
24805
91966
10728
36628
38259
33730
65838
94456
33664
99553
86843
62194
10266
38905
4535
30098
80881
53079
19424
12690
2075
3811
9844
55776
30803
5670
93393
8203
79332
36611
19746
90793
10598
32214
94608
45003
75438
15717
49441
93537
79308
80845
46897
69446
17646
33275
14328
27677
27394
41136
74100
31627
72851
32704
14223
33168
76146
99517
8932
56176
77677
98924
76619
34567
4424
2879
98710
24706
81307
60598
91014
92742
45149
187
16371
94971
56816
24852
6129
94769
38947
61232
16954
80269
74355
28855
82743
86271
77536
78773
98900
94534
34858
59507
89850
41451
25374
51647
24483
15744
77381
51828
81457
5225
14533
58344
2291
80807
49982
80606
72183
34321
64308
90665
19028
56154
97342
28730
26644
99055
45144
45259
61685
44860
36580
89145
4316
64115
32159
74781
20150
24302
15099
34188
33677
72506
68037
60367
42789
74703
22742
20375
93884
53492
46689
14105
42922
57493
15707
90767
67966
73348
12028
89419
61891
81358
85294
44057
46230
8755
38039
85947
81083
31931
49193
34517
56352
18741
5879
6529
58794
17294
49514
29434
16839
30442
53260
98293
72084
44813
44065
37635
51772
63472
5558
59888
75464
36839
44819
2391
78788
80792
10171
80433
77223
8319
34516
38934
5600
99313
67244
53006
48973
77960
80173
29292
47400
47169
6776
59069
81523
68174
88833
29488
57924
7921
93195
71479
6167
76546
79339
19275
29891
11020
7944
65506
69938
27313
58672
92940
23770
82193
2614
16860
90516
89643
56766
36484
41049
77406
97697
1942
51369
84599
98704
12354
3896
68100
60184
44096
72849
13106
16313
2140
85935
39425
85461
11432
66148
28396
91807
52330
31583
70436
4661
44384
88450
44375
66733
66101
54929
81974
28486
21979
94248
28445
22776
64444
42537
83824
97629
24295
36831
40833
16204
15060
27013
14358
76856
92915
2872
62679
735
45101
16198
18928
63717
17883
97689
3344
5275
71606
80415
47929
27843
84634
30815
41467
6039
53970
47329
16547
46993
60779
49510
15475
34718
37151
98127
87642
87551
86916
88184
42641
83535
66780
81996
12482
52792
7745
28322
59139
75674
41817
27378
17399
52447
8244
49660
54923
39619
44209
41527
27504
29077
12606
58185
33655
10805
3912
86929
14890
42452
25308
96385
12130
79821
38887
72738
57845
84162
84357
68160
28037
41742
22039
33698
26890
30980
99510
22601
80743
29713
50849
94677
14007
69513
38655
30166
68925
9813
57854
87380
13094
4286
83991
59565
18250
69673
22072
95642
13484
87661
6106
20732
71084
54970
60004
28292
21436
198
28753
55369
83539
13463
83074
98190
72484
14743
45354
61300
59626
58655
12053
51186
36000
10159
8061
97786
73508
90637
54792
74898
90410
4847
9196
36793
17169
86688
4413
59191
31460
90639
5716
32237
79472
218
32840
57931
6755
13557
14665
34706
97205
78711
97968
6947
643
90373
23450
36256
52108
94440
65726
63018
67892
5095
2908
15524
59612
76054
91888
28195
71300
84554
86580
87232
11991
95162
22349
11438
48734
17312
57411
26365
6202
11230
94193
21211
74914
30983
88587
75728
20305
45800
24728
68626
60345
10688
16710
90809
354
65906
2589
57504
77809
4946
35907
60439
43117
43336
79858
74837
42875
52458
90795
95152
63883
12124
6228
61517
36483
40895
81191
1852
85297
79739
40694
62916
39968
86430
52047
75440
85185
91739
63585
86200
65247
34580
5746
17311
11710
40237
23463
26118
11132
73568
4425
23653
9952
50694
92131
50830
63286
15975
50094
2938
81100
68866
83526
48361
96303
936
71141
61171
34480
14690
76151
63147
55034
41150
42455
6099
85304
65116
72780
87136
58178
72810
83165
56300
83671
27048
40399
14851
58379
36958
80085
32060
81689
35620
77658
15543
79243
45329
46022
11223
68463
76959
16177
21647
20881
12222
96361
95102
93965
27947
90978
39951
94761
78902
66765
22279
81849
14095
25240
5978
58193
69945
69289
49803
85075
23140
25068
9304
54043
98465
74690
62892
41748
89132
26653
97668
34998
86536
46262
80498
38572
13189
67113
84515
55393
41042
66182
85184
84501
63566
56989
99138
45637
492
74476
40794
18882
86120
56978
77605
27827
75280
16129
81474
56604
63434
11140
63595
38375
16835
50164
43088
95064
95488
18660
8657
19966
21674
45407
45499
69409
9706
30607
33926
48169
37385
20332
63330
