100000 257 778
84126
33102
51857
44137
21007
94404
14208
52118
17381
56004
23391
79549
20103
84012
5012
92294
34810
32661
31757
46408
5120
78035
26344
9726
49070
14625
17196
78888
50475
39787
9418
81112
82998
2002
61500
76622
72582
15509
26799
72667
43851
89885
14868
36645
13728
2218
2173
49635
83215
60782
14487
76359
79858
1930
68329
79618
39230
998
89280
70814
5918
8422
77999
40361
31334
84226
16440
37435
47519
58328
57433
85294
79372
96609
19705
1843
903
79641
81015
3458
48715
74064
76757
69504
34534
87597
36664
34339
80933
84906
33694
9701
75123
10416
46453
62708
55609
18622
8215
30674
28480
75532
4597
23727
43039
35107
99996
87757
31314
50723
95846
94384
49841
87756
16635
19978
23951
13917
61340
33753
29926
58514
66648
54791
5916
20507
86081
61619
31788
33324
67178
55511
86411
47619
92472
32681
79761
2342
63375
11473
69951
21071
37705
71857
41665
90924
58891
87079
23778
72639
29319
85136
18152
14528
12446
52630
58121
32779
92877
49959
145
3576
64157
17173
12990
37079
48429
19318
79871
62718
17122
71639
85907
13518
78356
44534
68313
13066
14677
29102
53820
21963
98162
33108
67300
15642
21842
18263
39426
37382
73912
10099
67982
89645
40638
46120
47218
3891
65281
44155
99120
20069
63280
96264
47812
38015
11556
32611
28380
95803
94703
70362
20427
26446
19416
14015
27751
31562
56422
12127
72893
46088
55978
90979
50228
4797
17454
75429
46151
32342
98318
1424
29069
82221
84796
11208
75916
35342
41580
72116
3221
19658
25948
51438
28044
33237
21774
24774
92909
93620
89000
62651
46106
16666
66500
82119
97933
