100000 236 847
3111
6846
96259
63939
54257
4718
51985
15505
62538
44908
47899
48378
47054
71592
41077
67361
76706
17788
445
94956
79911
40506
39083
66634
87340
78875
56272
37942
17858
22828
64378
55278
97954
30750
3496
68712
32816
61146
15405
60318
87157
29425
44394
38007
51535
79924
7016
98679
57623
84591
65545
99211
7439
72544
5009
25825
17379
33803
44138
15944
70033
70878
63532
38855
63611
33893
56074
67101
50632
29191
55225
87362
40835
43839
75802
82984
86383
55467
72393
28669
75082
69901
35277
37270
85926
40095
68971
87975
43628
6063
39997
1287
79478
64428
7709
48509
25874
30613
23753
39471
53745
19824
74717
1946
95109
13193
60563
87817
67788
31587
24425
35158
53180
45708
42181
10786
39805
61590
21996
15783
80524
35185
72659
76357
66771
58396
57368
66165
72524
87030
27609
23766
88980
34344
15347
82868
59829
63065
75161
23985
39745
75319
99560
67297
65054
20315
58003
49078
26874
30829
24582
81854
31202
23736
91522
73344
76991
89539
10164
35643
68154
78879
41693
26481
36394
18542
34269
33872
2768
48970
8220
7033
62849
33421
27474
95949
85400
4957
53363
42959
61565
70563
20323
58642
1043
6774
84940
55439
15578
53186
87328
32773
56879
29412
23212
41847
35867
78198
66585
74557
69621
28356
55635
44362
9735
2268
72334
66019
55875
85496
10947
11766
57357
72398
59302
72825
36619
88870
64598
93724
15850
28781
42312
62450
2946
77386
21224
29209
57834
5899
22368
20737
54389
25164
6697
3728
