100000000 200
48634154 71964992
63619094 79069233
64599935 76027412
23663515 92507125
21781119 22127994
47420579 73392550
28447927 62469494
48197463 65773583
15400252 61414250
5346982 84565082
39828200 47689683
31054967 49554667
18915522 95489796
3711677 81657188
53805712 60119318
36287610 93139747
30049382 61641245
56163680 74216846
5649441 39472768
61325633 85203000
50159708 83523219
56070148 67234203
61813437 78150694
11534857 95928828
40239675 86138800
22364481 90368458
42462923 86026804
6858110 71640471
34238903 79637592
13250829 19427837
21093052 70012648
18627117 34645368
22566783 79899334
51376310 55396435
64147950 97395887
56930485 89609650
17886347 78959504
30438460 55218818
43988152 45217951
7745099 48600902
28365979 78360339
58077913 97694331
76565029 92407433
39445790 74929172
21861998 22040927
24509281 26003463
26515667 61241660
28690345 42682491
21681147 58789913
6719511 99535769
65482057 81579384
36930187 73498325
16094193 42098200
2165292 33860012
34780890 64696089
9550844 36007009
35289809 91816924
42944534 99657144
10830109 73734443
9922244 36505762
62057012 86262857
12211655 48415475
66045771 99685995
9220335 22988844
25917514 95566257
45332789 58484458
12631980 42071920
41136636 57302743
14041924 77779486
29328337 69305639
77233527 86654700
32444216 47991828
56715095 97919373
1743710 8069311
72868061 76526362
30945367 84241582
25790362 81277718
19501180 86406806
964486 97719970
3626796 37174403
2135129 95357599
79245953 95291601
10965680 65820599
76680593 91818948
2746477 89452850
7262670 70032724
79843409 93873175
4818150 71953548
21806992 95382502
6101956 27204025
10187024 83031820
2922082 7804755
48006373 91672534
61324390 76858498
31806832 57326907
2684751 19126992
53339693 76177928
16432077 45237533
15976065 74704023
55213699 98755979
41919830 43147301
56953383 65562982
11640256 49995010
4950200 67011186
9331347 11828573
22809660 90360129
21449220 89415851
66747816 69220276
7734565 90868590
62601468 77024383
29872278 82991659
2335195 51409623
41754327 83519818
76480880 76838918
43501583 63425720
3217531 84273247
30504573 47686524
4949082 77251227
49705936 72582975
66865215 90386779
17846985 66181676
46960302 70198232
45758756 78257980
32288291 33781523
21573462 30810228
28040713 49715399
27700748 62971435
8691264 65546083
3886008 77796536
15323201 52396492
48667344 71030777
2682520 68241804
19714920 32242350
3832309 32110603
19424818 90787469
47342120 83737227
32428750 49375114
28880960 53879302
37043816 58299669
23820021 80096834
7621170 51050627
8895942 85134717
22402781 65056211
57277319 99167334
67725718 84494187
73211885 73880134
77341890 82250592
41069110 50317122
14222953 75586749
45579023 67342508
39015038 76077702
5733507 67767079
16368829 94924242
29993983 47865830
41481673 53492691
39576837 92123779
590732 26496555
12873703 13156804
67613345 71049245
18613304 37906416
37569853 41546356
21760364 38350012
18280539 30504785
15781049 67593485
55832986 92699445
40798130 52580218
1160967 13215429
5555519 36164766
8438513 58782631
39425371 80570041
24134874 95180087
1808401 56785215
79606248 92316110
66034612 97206117
36434420 67602569
13106575 19079609
9948938 80445179
49987340 62965365
70267669 88247938
57361944 79628866
8296671 60078543
45002565 48694708
48291973 54926134
38422043 48288287
14499191 19692742
26051078 28157938
17479622 44728670
18771216 45746582
7040405 47648794
39156536 97267702
12967920 35805894
60610067 71795018
4297648 57454874
21265500 47683000
7611097 61307969
55437914 96817470
42367281 80655729
40400114 94674488
17471793 84303372
40447307 50476230
