5631351 84
1689722 3337150
33413 3671404
430660 3674418
1767447 4577609
2458079 5438655
633348 1111597
335393 490082
914088 3373783
307066 1038109
4125033 4474589
1961473 3638118
3470353 3748181
2523920 3395984
16341 3273721
1613473 4342258
520171 2287393
1417901 3122808
4360983 4780532
3864755 4067370
1112270 1799958
507409 2005883
624280 4632579
2012364 3543149
55655 4512936
605652 3643911
3046049 3193581
1209370 5138314
2152695 4276453
280376 2442234
1852592 2665670
1609463 4082571
165579 4502252
610713 2491438
1201116 5457275
3401217 4188518
766287 2596106
1531386 1617286
1872332 2095836
1571294 2138130
607104 5597902
1373178 4354677
743052 2694519
2496473 4421647
2722203 4824845
320710 2310863
733920 1763772
346584 938451
834875 1477969
1674530 5218315
256461 5469753
3837942 5154054
548331 2565408
451775 3059252
1268341 1858525
2280680 3702445
1137935 4714380
3588251 5231336
2392381 4550845
33721 854620
2119148 5361662
4137223 5440918
1116347 4519339
2687276 4320310
1178532 3948424
317707 4501598
348988 2266814
3023792 4941184
3225390 5116198
2640672 4483527
4386542 4781050
444064 3328582
2994005 5359523
4953781 5014293
501749 2620263
2638712 3047542
3659640 5524058
970895 1807077
799034 1612884
1239978 4176995
155494 4405368
3586582 4795014
814841 5458725
4071721 5514554
949662 3023450
