5766503906 674
2425730654 2563247047
174042705 3280786721
464457029 987946335
691865983 703742340
399859232 477209014
1433206685 1628849489
347145032 1933140821
2996698418 4409919070
2794099004 4623686592
1743336338 2783357295
180215220 5281245544
3099703874 5097954951
3438897957 5283389967
4134414012 4572324214
666126208 1005879266
3661340104 5238356707
2088753993 3266499867
5349980676 5682753168
2667004445 4204789207
823343217 5452715159
327981166 1217336007
4285632812 5322465190
3792970795 4912407439
1878573880 5285562739
683962517 4449512978
1111414356 5723860243
1642040410 3232451166
607289666 5055524856
2146807136 3815975694
1122481596 1852615083
822107072 5620638072
2856880329 5635645594
2687863287 3880508662
1550778799 3668104885
2445442054 5466778850
1665686857 4316412451
3882031763 4706337383
4838048813 5004046932
3369129622 3487562936
4976102486 5457156656
4293724078 4706242412
719128961 5055361589
1986695772 2392376372
2070210561 5235557548
2405980863 4932969309
3292566491 3846914531
1719875694 4814790717
76028318 612907648
120854866 4791153136
2396859693 5252953630
3479749434 3590948452
137998427 2576730873
307529361 884632947
855266587 4363308995
1082495646 4486966069
1859114354 2964681825
1022897046 2410760380
2383562898 3394759206
3954181936 4301570023
1130840510 1306572856
2438863168 2949671403
740887014 4965927302
1498068058 4297958554
1109626045 5206533693
2341517772 5471101285
932593397 2446695008
3147677561 4899433523
1949685026 1974063285
4439173770 4520255078
4425961480 5514236338
2355541301 3093297355
287014753 3342376501
764797174 5697143447
2447329247 5259346483
82030117 4760394663
445143635 3412777575
2319381550 5386557361
3293291232 5616839916
1908826692 2522032325
2221080436 2550263107
1474116 5465460533
3147587812 4592809924
1656345638 5059058861
3056020641 3777839474
1486206701 4957778163
4728854577 4912732440
3404161692 5031641050
774227208 4114423758
2246071044 4212768596
1386536936 3208232339
2104666195 2321266693
1482019136 4118114989
128799496 2415370265
578568581 5295114747
1806486721 3942716724
1358374474 5500128517
4150348934 5489859707
2072459250 4767658922
31544763 5264386746
3400401944 5294385907
973496953 5070247472
2354919826 3269733858
4286319018 4480761821
11221622 3549961139
111556373 3422126446
1668765272 2178578708
1773261005 3414263939
1063841698 2815407818
199933659 4362243262
1122987494 5089801586
1581737214 5612866362
1221663590 3640353152
1265656321 2673969625
900465699 1446043040
4024060930 5339386501
1169829021 1220046742
434985624 2827237849
772618012 5476695737
1515280363 4179330124
5135224320 5551284183
103581449 5540129494
312993511 600158726
3642347072 4656402410
2642461106 3641780086
2999679722 4722790209
3604107298 5002209068
16639376 4464751107
458220662 1226074226
806549237 817447686
570406040 4302522495
323706152 1600532759
128168928 3407039418
1028191882 3970497942
1038599751 4806533428
1411588308 1953933423
4904157904 5423649107
3773342869 4489795774
2927678700 5309112678
713775492 722953867
1797124897 4347878443
1793079638 5008041248
1396244935 4509129613
281023949 2794224534
3732725371 5751322406
3722554982 5399547776
5267230481 5291071364
4675985340 5216482894
1850792999 3421383625
2988480466 5248888930
4398813945 4410122864
4030087902 5365557490
140147149 4089439951
3921764812 5585439840
1869140456 4989153206
303353510 2679526143
3346698683 5226076931
2696036276 4083062616
1658298200 2053900560
3741220287 4443323490
2941321218 3340826243
279925713 4543340308
3160899158 3814562551
4151207838 5088352871
482872054 4433217130
1105854604 2994404874
170986313 686828643
632592767 2671435516
294322837 5498874552
324736790 2721435057
364674433 4823923018
874070183 4568889453
2079651783 2297127211
502735650 2312688795
692604679 5604591094
219178091 4576245599
2142995491 4087691732
3908474517 4196222688
3249677140 5117894814
4225995314 4814370256
326001132 4104260449
407037994 1090007113
511482241 5322139344
725871556 945669719
2917929220 3518259267
2942143403 3532172775
1296321596 1836941281
2683320516 5699767213
3410743344 3776397219
805251464 4961443024
715858275 3737316461
3728959880 4752781309
300056603 1052018538
572551318 1596405751
2309813226 2572736336
650215687 2374663788
468305553 1556790269
3027562670 3913012925
4076523472 4855292113
128788395 767643409
2725853494 3873736581
4516242373 5287583933
1980441230 3746588387
2907601768 5344527833
1088045867 2766959760
1381032746 2308371227
596646258 5055643934
3137633436 5090550175
592171790 4816146132
1446433859 3336800161
2156188066 2410920401
3534902770 4227778265
580870090 3133799368
2903794338 3756138135
1797596308 4049724628
2227886753 2913074667
2105340399 5500692154
742990633 4802732729
72360485 5475801657
1368803103 1386695360
1305567968 1352394224
4407774957 4846390479
559064144 2149562869
3462080114 5398666079
605517800 3233844406
514065703 3847679420
2506748670 4151566740
115400865 2836550503
430082227 2502216917
8566356 2901057603
2181648403 2660640173
1785359929 5054178620
1693533507 3040707106
1170632428 1176601996
625740640 2484888623
1507037654 2506825998
2424048367 3891612217
666322594 2110875132
2247307296 5562205926
2830687967 3025249178
2329204563 3502421581
890042132 2694382662
4761841726 5207886426
2201227353 2272009586
155028746 3014600681
1681469709 4762869905
616175877 4185599718
1106245370 5159659688
916817960 3659096390
973962146 3912145809
3600012383 3969066563
4026011829 4582220541
3503982002 4342212648
2123836515 5171907504
881884492 1104574630
773211583 1319076898
4095915836 4126176512
465594146 2857693762
202843634 4270737276
789366584 4159408395
849850515 2058341572
3628711778 4596568965
1184184226 5758196599
2836575923 3891257731
3855100324 5154858529
2672641328 3481261172
2472850700 3730749869
2558125058 2684334172
499178778 2997561837
96179487 1499540415
2977952461 4641910899
229426889 2883202747
4411729670 5222326290
3654504507 3953017489
534397036 3209659015
3059014559 3642019295
653533096 5621445904
1545576277 3777041092
3085248030 5190053626
614456844 2074390989
2162591797 3996997821
1122112792 2539143628
2938826368 3542518568
688179989 2035491935
101851069 5347090804
1428219343 4220598745
2947454534 4237843900
3359110891 4837524690
2418355495 3228125476
4465292464 4796488735
3949483786 4748584072
379967316 2567903387
552832810 1204156651
65240966 217776100
2155739566 3500592061
2643278606 4305717025
616902708 2314434527
1283976613 3682138618
1258593911 5273810485
4484670237 4577895876
3712851219 4454157263
1324880595 2676962621
1035364802 1297710050
218356831 2791796532
1184024419 4178467703
622130621 1727582599
3185995126 3244633522
618751614 4646121152
2206620275 4798698078
75655805 2719109402
1151852572 3504442299
347503587 1207095473
1295924987 5575963829
2496547148 2728857710
3823499470 5546531712
2277907092 5547693712
2466596280 3952501467
540792168 669183763
2163263034 3543680290
922364921 4807477282
2531972807 3413486631
749502276 3373705284
1767356359 2377440906
3150650110 4600658062
1342099270 5391568750
1820236848 2997720212
5087619880 5098281909
4210944836 4287167185
487279499 2987517954
206457483 5761740147
872358810 5018284392
1808545597 4895099395
2711930265 4595006570
3513742731 3972586803
2133306992 3734155332
490666838 4690350952
1169128473 4684601585
2554326590 3191983761
2506621301 3405526134
381806698 2847957635
3616400775 4988535352
35120268 4109192282
55718792 4585811083
1350890482 2065008740
1129879294 2771731165
291627623 5600696560
2159350335 5225321620
4029573364 4338400633
76142841 1628521161
138178858 561651609
1399348636 1951248810
2163081243 2186264056
5035412893 5606563235
342336051 1380571298
252373969 1209428904
756235514 4591207148
1690125880 2055109157
3193314728 3995252064
1799594718 4036397454
2164295909 4576866728
3470396482 3951414450
1992732395 2057226202
176063051 519103602
1964506587 5446179231
1364482327 3305980293
4148375521 4735644738
886712195 1644762201
2686152511 5118119253
3397020627 4866122505
2760111859 3004000716
1993185355 5370381105
3388219781 3992842989
1494607071 3385852770
1507429845 3737502645
1430333266 1456323393
997633330 5324147814
5481099300 5720063195
1142077210 2747091743
2364513411 2421262204
2601061004 5001972595
272619839 3096258815
636746979 1228821051
2083526186 3341790721
779478444 4153254499
2380833527 3754227623
2585244943 4378086431
2385147358 2524390691
1292302006 3316160052
2221651402 4178148209
1837855241 3101833657
2536961376 3950615328
1325796080 4268966486
1177238856 2829675375
1953904114 4664521387
4763139026 4827817506
442714175 1363920955
3159101744 5405852648
164604248 1269666617
2000865100 5424704452
2341031766 4307142004
4159227884 4715909131
638843767 4036247864
1504884537 3849492600
2236088210 3046251734
1921450903 2820834700
4214881009 4867946007
1831812432 4139679549
3397400839 3625278358
2296020978 4965387795
2340650027 3086424232
1704865797 3037690398
200051436 835066557
2312097782 5550443925
940687668 5458580976
1784554978 4727658302
3170543912 5541252506
1932976380 3968197883
2567842074 4199722940
38401657 282644676
53172560 1320454609
1087922747 3053902881
1675272328 3908517776
2650465078 3506351943
2150150664 3606486934
3698594464 4049893654
882964413 2744827235
1574509227 4334187975
1322650663 1779975460
692503059 4522416799
346724847 3210432064
236692972 2627565068
841525876 1921092164
3890059444 5373788742
73746747 2708039321
5097452138 5635228033
703071156 2178479353
2412381420 5318343197
2047111552 2749725282
689136495 4894387163
954983411 4103807065
1845855537 5020493931
1210692203 3611792830
4170194146 5376730621
1685463919 2970794192
3984233530 4327390539
2276891452 4630067267
756579051 5419345170
1670829128 4552989500
4227832024 4853414146
1723822416 2537809237
1163100149 2447322859
50565710 3030237349
1990174903 3544524254
4593603799 5372345179
3686473484 4715506372
3169654958 4182704451
2035691628 5629538387
612033899 3312124777
38364289 2896335284
2072059308 2621842759
4631350745 5342165408
1360222300 2655151122
1146613583 3397868070
1955836028 5332472677
539182541 1731896237
2645768037 5446195033
953057884 4474900768
1977854465 5357555441
2355327545 3136089728
2550889537 4715952670
1556169074 4927032900
4457149146 5274538769
923003772 2178459883
3445980484 4421284166
867172475 5544048550
5409190634 5691284254
720739607 3200884896
1916872120 3676563113
1625020219 2868300173
4689999787 4821642026
2938195304 5144807687
1058730339 2882782569
2736921319 5630536995
1962680638 2420026546
219152139 3476340993
1845084887 2433514657
1429577049 5285494163
4512601874 5186226936
1585704613 4287732349
732486862 4542997163
4132652793 5301834393
4639078059 5197960502
2744798840 3342435103
1026422732 1197025983
696218763 3037940766
406827106 2610327553
1920234561 5079280054
854267823 1890233165
1284397365 2649776046
215694397 968322133
3694618290 5505396512
3450122980 3871230270
1998423260 3455524618
1006193077 2820961036
879036947 3630329347
2495188935 3688331400
1050294600 1230933479
2708994977 3637372751
2434534653 4064139980
1587155507 5410666825
674265097 5557703160
1316809662 5159122859
1240756560 3592290057
224756733 5265167977
2102340257 3431239233
1060128477 4951808340
1119348667 1158674360
381378441 710179663
191087940 2204657990
3617576327 4566930700
2462088416 4706916996
2918436278 4731871432
1933256877 3425889097
2901630621 3643748058
124394817 1549516794
286494566 5021684363
5092262927 5282289379
2285676774 4580806001
457611025 2434513869
796653256 3785933062
3098425410 5014110710
2951682334 2954602088
4939709067 5732356957
566850655 4992556213
922084233 1045848440
3845586675 4406246841
1714200788 4216469541
1046768927 5313446739
555963433 3311436711
1459361857 5143104774
4478619527 5009749028
529794835 1549577241
2293306131 2552523068
1333677691 3274579443
221148945 858518528
2007931833 4234917414
1255678166 4705366597
2389457053 5307271842
4473308328 5266822743
562468934 1971778381
943052390 1299401199
2660406500 2905500245
1552514500 4173664546
711987711 5601727704
1991993619 4940490931
3301470959 5497792069
3724878725 5128067980
1525541210 3460757678
153742429 881569407
775119285 1831793950
1731056523 3359851042
723353594 4023723111
592398952 4650662728
547550198 3648480076
4541019491 5246679519
1163986394 1759697995
980888720 4987717028
340859604 5049679299
3845834684 4514297279
1628437107 2679558872
1257391389 5068454687
1887339933 3924433853
2839968230 3189907428
479642329 838906054
1889665412 2063568620
1079811677 1563046883
253629539 2858287515
2285018645 4254300221
4038057687 4152292541
4155834386 5570641344
265255241 1629943718
45757694 914437971
2535851684 5057976859
387435305 2693884196
4462139670 4816432328
1334214400 3771850856
2220082298 5538278238
3097688562 5277760710
2985985117 5473262501
295667924 3161768242
2855655570 5293221011
3890226232 5212850420
4287001502 5762295330
728768636 5454913664
372352941 3186043060
904501795 2612904329
615884472 3818142882
454402671 5235486296
2536708013 5634238904
1020463755 2722439804
1695856937 5391167532
4163444247 4465852727
840688406 1281388186
205005224 799102669
1266674040 2860127439
1977951534 5291868427
2561386458 4537699570
398852800 5058359433
2473530348 3822386432
2533297476 3888146633
980436388 2729475744
1347795789 4519689073
902179320 1774811325
399620462 5161184064
2925507317 3327824592
2921169003 3059633814
3686838699 4831566255
4607388387 4931562502
743782663 2798530854
932778924 3591555454
46079011 4091916813
3022875726 4558417935
4750814372 5549667897
2398511535 4876473961
3036119169 4423246393
3121482034 4246877975
3209408997 4019943772
5114700196 5164821318
1332092709 5064731314
221920951 4284934460
1946582414 3196923462
701729646 944485467
2524597021 3260182545
418791780 3021370523
550824571 3760186682
3379264821 5619427799
635985865 3699787315
2735967463 4561249446
846181001 3787630984
2970995498 4285815113
2484960071 3075474370
1557860919 3659832780
3310188269 4854828445
1046044275 1181962204
2666245646 3659392080
440176881 2224143403
3336670007 4326002851
4405679189 4467724488
2144956207 4899076072
2124673664 3350231167
3746847364 4416594769
719689859 1211715528
263156047 4094953225
39347607 2832720902
832204653 3330840923
73354264 2498893045
2983508122 3611779348
2751086522 3464384890
1601322607 4165387378
2352895131 4541422466
684927068 1785481038
1080033060 1371910149
42505725 4165172256
1381966584 4398069875
1245642594 3405718626
1350321435 4989054174
3935838736 5332855685
2012915272 3246027070
49113141 3355179456
1048695076 2743467638
4516516533 5091079973
334642630 374572637
3122894659 5642817925
1956925085 2052501414
3376483674 5575979751
