26938938999 1071
14457354278 15332466041
3763100851 8200146704
12307774844 12916232750
4754866457 15687518304
12162228174 18154238253
2084302072 8575779749
6756224179 20874383871
14322264036 22487937052
12362661280 23489081172
13224822344 14521447250
10205763099 25594370885
19789875145 23364709511
19206593263 19941810429
17000755315 26122115338
15333308237 21523015034
21490172205 21800834369
464272383 20032284957
582218831 12871465903
6613990989 8318475076
11629414972 22949590445
19217641671 24077798575
6546031886 21739678148
3560155798 20904507557
8459134384 22056702347
22427415586 23029131940
7715293246 10655849037
8407199024 24730710361
15896101270 22873694430
10105933735 18356979304
9211243135 23219247079
4538125922 14024018622
1521129755 6816945831
5933557772 13390884554
9842501710 24294605161
13928815046 17015484924
22861190549 25141510859
10566906581 17153032179
36998312 17804367445
20034540447 22743257823
1108834012 2108388219
8840828595 26728274797
8863444679 13439200849
22577039856 23109739669
4187314994 8892246319
8982158642 15463485581
110962933 23723649721
12029402553 18527599535
13713238471 25889921044
6423322880 26507683659
1393968562 15246882732
2237871993 26309646516
14826191924 22732611378
8002073374 17703546931
11306979902 19248533556
10954246014 23681726387
6331667886 19738954044
12952242796 13486270796
14849959923 23332669563
203616741 25077364320
1875662569 17214204972
4913910045 7131425518
5759822162 12253670677
338109110 16424624074
4797598335 10101710873
7607880993 8032396633
7483198223 24903807028
5801863590 20092886610
8970200884 25949176377
6970719839 14964775194
20248596182 25635185239
24798645643 26920721749
8162990999 16032498643
11723910168 25341634218
2555775084 21828866463
19160008249 22056586997
12719736616 21614832865
771059689 22207142669
1707917679 2792864633
5890417939 9309435329
487559065 25457675560
102806108 6183667116
14065757625 14163493546
15532462076 19352605841
9484720909 17871329470
3816742516 12864741225
23344271153 24540463022
6256132814 14365183391
6424581761 10021899673
5199489712 26906262654
231682886 13619665105
2971307228 23272550807
7630381053 25227420541
12045327118 16865704732
16197553647 23021280612
4131428354 23757034058
18702323348 26456389388
2968415448 10168107385
10347330150 23019409833
5227861989 14388272307
6924643258 25638993956
14353280228 14389362986
20367728846 22930368397
911989889 22971730140
13268453318 24332179549
985075351 6480980481
4427389719 24777588512
22595832316 25904329735
10518373452 18686773249
20626311461 26793492731
12658996806 22074482487
1276670047 4594353875
20052315635 22572605714
1137694692 22898869252
6163296887 12203525629
7578052613 9523309916
3295570907 20971728606
8054583412 20245474668
1521940868 19803493344
1567311504 7644081327
1954359933 10394730747
3682629332 22339547592
1345888870 12296414746
11542513797 20283676661
17064481441 23481204244
11275988478 18424826951
2049565933 15470998126
925560473 2309332605
6635623179 7825295714
10255681888 23770974541
4901201708 20991034260
5341074407 10826933132
9261835007 22618672120
4571887917 10628023237
17885424674 25800424451
9981798718 21380033811
5835210160 6281212742
17105227574 24718092938
20366192398 26637348410
271217812 1751524880
8151529294 12651276591
3594968872 11340235606
8552579159 8584564499
6503626954 8730067047
7826943223 22505082909
13059122839 23486714341
9803057523 24550907916
3133461055 22425750487
17622780556 19445873582
11901697265 15251523048
10563596284 23360093909
10295982796 19673693012
1971855878 3750664563
6076019687 18547911161
5758439584 6149631151
7942997798 15998145293
17936025374 18247132808
5053587878 7474516251
5510488605 12809863296
13593610803 25692713854
5983962673 24746757175
5566454257 26538938756
5632257144 6819486399
14106359756 20805315233
2099533529 15325003632
4113247728 19861116142
7762589147 12495957675
2559988971 2791895592
8150563555 11660452530
14149344847 20386974114
1002101667 2023943431
7335260193 10644545214
15977972344 19591254444
16521275538 26724164501
14577258800 15314568565
15956041361 19630280635
23090677802 24400835642
1870556285 25620856543
6353708090 23553784990
9229159713 21013427174
7890995903 21608943951
10014618768 14988921678
9637727812 14171642157
26700204142 26814679825
9640312859 25930433120
9485975958 21806672876
6316100529 18467073938
5544505609 16160166581
2961267089 20982414634
6746561639 9234548115
6103540083 21913704205
3385662272 26386375940
971039919 11463675596
25763239472 26672318553
9603834877 10703792913
4517720090 5550216422
16206516908 18658477718
2438077841 12374183522
10535656992 12680082821
18029128164 26823012035
3978963900 21855374621
14835221935 22876657382
12151957748 15965361193
12958681320 21588799750
1660229672 17589687314
10023101166 22788098542
20989612529 22220725744
17117207951 17273152201
193560627 15991553705
7084623118 25035794067
5738392309 25422927859
6339224351 22751921138
2688984229 5285117295
21770498017 26444401522
7375766253 15219453493
8601064513 15488673255
7049936905 17748237811
11717035816 26059028992
7135175075 9762316297
5385837683 5913739225
9200656373 25938569057
638851748 17199889516
2041115483 11895165332
1583498374 3081985469
2557103938 17867741380
3818869020 23540416973
3770179152 14541692204
7318888722 19692680561
6414123118 23095952214
16194415773 26552038125
12816043728 21448179958
12994286787 25416597706
16014480987 25776665991
14148671612 26190367078
3339323076 5154438083
8576343073 22763865760
16046250402 19680481929
16816437233 26898457504
9162200210 17247799434
2883044588 14262272574
1638972105 18682212324
16939124639 17343077800
4292505104 15515786989
10244612056 24864913980
1979355667 13020958196
5392829490 7503991780
6835556060 23264718650
18129497578 22164382541
17144789828 17458938548
15104015968 23974073563
14546104149 22524527480
7319932814 16683782360
10771205957 13218515681
10008957005 25819593436
12263956609 12401562298
5533330184 19157644453
3011824341 7582907154
2446317608 14555394653
16404693904 19358925854
7208577102 26047922719
9097456323 12470396107
1273314059 17476908760
3839197625 19340091383
6840486388 19856696162
206603073 22987566237
5879401808 24442862218
14072041561 23898215408
21254813070 25571526188
2518535673 18839368267
17424036048 22053626684
17028233054 24486707087
8177847488 14738625891
3445395758 21171977749
17201176421 21362493230
19322403227 25900592233
24513017225 25494159024
64246554 1317619986
18283425925 26257871042
12495497786 24741936368
1584363586 8923123139
9295166134 11209387522
9863946391 25015472325
1183621583 16085962154
1831066637 10345110466
4827829915 14484613194
26463530780 26818043288
10247910193 24225227900
3698052930 4784980209
13611778276 17416737581
15277877847 16943232381
8689519100 16657287111
4229893481 16642515011
701123229 24786181526
3515533882 19123836953
262281088 17573158618
17194411504 22567916619
1260328595 21576836748
5015117968 11091146490
9709386627 11901128316
9960149737 10680484240
17162088327 20526348326
10620261937 10870725136
2693635429 24366949909
7165022204 18411287313
16400492270 21675296232
1515877143 19683489105
4369303513 22417466651
3454583514 20914127134
3654113722 4557734051
10932326062 18967523112
908580331 7584047778
971520160 21225239746
6137898980 26714327394
7272688735 10215982903
1819747887 14239104812
141866073 7960451796
7527389987 12764069768
4297444713 7837078888
900813823 15804711916
12582028853 18595141435
11336251673 17198829421
8496194091 24165938000
9935713653 25929861275
11267470939 22530759595
14355472740 22291219941
17565948886 19221174941
3050638128 23022308812
4806917245 23780661438
892710780 6538539525
14441070240 20390263933
20392272980 26744892456
1274697815 25236682999
1146062646 24644073363
1567334400 13716817431
11382689150 15007953561
17025671266 20062306597
9890003449 11648232598
5001059660 24144688338
5289697325 22354456621
3464138742 16402172077
419537354 11712553071
8130969155 9306204528
14965786969 24541300491
2205057082 22071420845
13082993610 13651346531
5629430751 21511446490
6524923612 11033181096
8915234814 18003635302
2770184094 10702136765
11555971683 23356984655
10896678589 19758153722
20543597251 23269878637
132103481 18725845063
9071706386 10023629683
9407427892 11896600054
8888186468 18103306104
4797800650 26713602806
18682409054 24832300089
9860668218 15051082269
10532452660 15080419340
12434596613 25482298107
16699175313 22564294468
17318813139 25141162392
8230760770 25525315677
7937586581 24095481135
18124875406 25197351796
12649681446 12689789704
13774666429 21911003545
7110299941 17112146565
9882081839 13353438670
14526350944 15562604520
13201272802 21534115378
11430083017 15081955576
17940105847 20657487250
18106351230 25121830358
16997204416 17784650417
3720642730 4892189772
6502293074 25690563682
1383044955 11875626387
13542529345 23343874493
6845630479 23319515315
3080393523 10568986579
7037794215 18529872907
3377492168 6916271388
3225273236 24678921245
5967461292 25502965856
5948817368 7612831065
8769514778 26605932863
2708250444 5491954613
12746825211 15448822191
2101592934 15011114674
7766482340 14640200886
11148815370 21073554456
4618982237 9086486926
1125131766 11266120710
1532956137 3980890403
20093891296 23148510324
4388334201 26068373229
9302108804 9593323151
16516213279 25702935608
1933750808 8526748699
11634793075 19494986130
6328047152 14420078699
8025499735 23266789521
11376806448 16147704267
4977133691 18380663181
20501938948 21684444539
3621448860 8182213920
13194521647 21603624960
758211513 10602437296
3249263875 13243442379
24017840362 26869171414
11964921679 16779689571
4726196208 15712801202
17525521198 17742888386
6740686322 24128559850
1231394677 18272502219
11134818292 14609454024
15645010069 23623793435
10659389264 22329022430
941690404 12640340121
23332956041 26374435740
1438694356 18952800080
3678273276 18760712196
7968880886 18423683589
23257005707 26242616131
23152153413 23228112206
13229875010 24156399373
380971500 23516326678
3990717230 15183229993
10984172865 26471658474
10412547893 10982629929
7366728161 15807258817
4329698896 13081590924
17011991999 18345229785
13744144672 17055203767
2916021966 25469605190
9712009731 15865370132
20058840288 23159840105
3590738477 3691475379
15759390051 19060899313
6423625052 16063839978
15677238579 20816694777
362121995 15517830319
13755649799 19114209144
8771036168 22281468975
12515496552 23530286412
23542256361 24532400484
3778889443 21432735342
15488664493 18079110806
24778554487 25293162055
23550300018 24502720607
1604355078 20604242746
5841131054 22182976774
4704385338 11519713503
11189677804 15317185088
18728538138 26374648407
12576514227 17339269602
7454412861 8995457003
3973496556 20673300491
1131527850 19545614576
7765952542 13401969140
2668321824 22249376612
13942741213 24996128172
1648185198 8964253480
16441598487 20095029892
4190610667 24242154384
15740782473 17486054781
14591108850 17778403459
12062382431 18733443950
13823519928 19593689981
11523236587 26419245833
26013202425 26340241676
208380160 15183345008
899197933 11150788583
1256123843 10898967020
3882338919 9902143928
5051002408 7173568323
1548340138 5033130494
6291755866 17802046497
4839282677 13348724249
18248319098 20865572696
4859692763 23160850240
6880842764 15244724026
4975287660 12313784517
9317967084 20861857668
22100815354 24715662466
6836421447 24793171810
5185889204 7397483648
990165525 992231491
18079060506 24813830078
20531817085 22800167927
17323656095 20703140358
1589031798 15488118928
6522630514 20043731276
6008364876 22132054405
2884493384 13882930842
7843155616 14269489073
2408379301 23395082306
12247252700 19053947439
10709892441 15521512747
2094388104 17855026631
940097875 15546206765
6738920272 16837654659
2256112533 12453038187
3844587907 4546180797
5222619930 22790988806
15090729028 19942057733
12335606730 16200830179
7119798618 15291979193
13231699150 15055441662
7847030980 15991799163
3939372726 12122909441
547077145 3522732066
9467805609 14142293125
8887694260 24033317757
79327239 4238053674
873543520 3109793707
9311201973 19904153390
5389184716 11085076327
4418928913 22795046633
9321443532 13686754469
13285812300 17289300788
18412479170 25977398151
660444580 7347693790
11379109780 12189861233
1838344321 11450005049
2297416341 25535856170
2021140611 6089838031
3209842106 17455577215
22341523052 25818916093
17351563167 20671196529
1863922245 12175256282
7404223163 12214429121
3950304699 4740823610
9854731597 25269266675
7893680150 19745116203
11875720267 23967864687
7262443273 26181036581
15031616703 17452083961
4916966267 16544239002
3271724922 26419987495
10183129417 11782665423
3696127199 11474508498
9541587067 26089098137
5253653229 8600698674
1775496530 16941988259
4140883164 14626745966
4879204410 6350854407
429251365 9674227317
18497722530 22352730305
7316521689 13751135314
13793935651 16205785385
5225677866 15347718607
5505932111 21369979431
3393090083 15866659132
17150414839 25860045940
228909699 12030733666
18865164284 23655861777
6671680375 23085993705
12922121833 24148643541
8844872901 25949732195
9574073289 11563941872
3400820630 16496314840
2057472372 8538976998
14684811329 16365673654
10158867506 11177974884
20791662523 23589894065
16478653712 20592385815
5239824457 23106371234
9851353444 21325123284
3477491849 6618457587
2844659430 13434928557
1097830465 11423078178
1322124105 8460301805
6666154851 26128791723
766485978 6379937898
11168777563 22051993346
2691551569 15829142175
3027948587 25343005375
6151710907 15065035062
84051249 9577849864
6032180038 19857350816
10558558318 13907576935
10427393868 14862224515
5936178839 10260351227
10577161944 16803466469
7301037273 9986678006
5718520556 22738343192
7364835840 23311666852
14098324694 14489290989
13103349862 14862912340
55313284 14835310554
14765573984 26665298093
23449969948 25620171562
10288532855 21920172360
9911231238 11484988936
2464606057 24063248382
11425451800 18352851435
2292359808 8157625805
3337229034 12821315789
5951688179 23712087070
11604328125 26814623798
5272383439 9544652103
3246450020 22090177235
9258547880 10825837939
696241521 12862759806
425418329 4996250499
3605756947 21740636982
4689684472 20845525716
6375828213 15816162294
9880537093 16204706782
8399280287 18356630813
15757286921 26683183448
661984160 26240757503
11817225821 12650287027
22318134271 23259312946
3320014113 8944567602
14190293284 23302581127
19488356478 22428750607
4645275535 5564072744
19402866085 20958382331
12991096486 25350436981
11177240467 16644012538
452106371 9348321071
6869640616 16693181437
4658084320 24084759166
21637988135 22858279521
1813422850 7291627548
3840531626 9246070823
733389741 9043716963
16729795314 16798139179
694149461 3466403563
8798950098 14249205037
14107977187 19760565717
1292945084 23116544863
9265376517 16922504607
5387118002 25216025187
22057151650 25298579612
8348967051 19067759914
9054395471 12236309846
13574511816 18072252533
9730027485 24269674153
9460901109 24460772669
16618537682 26623628741
4266724698 10207321265
8994433332 16917932679
10438467720 12598215147
6373361584 15642597563
3013965862 24113295664
257258711 12564344220
4436815659 9789382676
4058418564 25667241709
15798504776 22033589618
810584459 6812945623
19272058827 22250096909
3262288463 16614342662
1248367668 14185004849
1899854369 2067627001
129225457 21819400309
11365968074 23784363529
2400399377 26484628679
20317159154 20888821126
3737949906 6597626226
4875543457 19224682323
14973132731 25441055413
6951641660 19109565063
1454489218 10555129282
1381122709 4151922014
639687527 11044009554
1944608812 13821442190
25504222675 25762492723
15503473129 24824862848
3661730705 16114824193
12317334380 21684261781
1708324463 15928287182
2523711676 25803584320
16070340774 21821169582
5313411490 9110120042
1072431267 24128265720
1489151869 17117603789
14568100081 21336902056
7789860806 20759305176
8033089280 11291700217
5897339245 20666142771
2801735445 24580018897
15775384161 21130639959
19453429453 23771650015
3622356058 25139322335
11009589686 15501325478
4110977411 17672663090
2517716257 17751923264
15450698703 22181187345
7784106670 10564112429
1189876546 19948683166
7270649549 23088390454
14744266282 26086132489
1002432424 14593759544
6803765368 20628202845
2105199125 22050518702
18900310795 24657669181
2119106639 18956919940
3051754932 26713402767
4041628878 20494414534
5250446089 16441968023
21799106024 23405498943
17684073417 25340479458
8876456565 19863357963
13058248771 17184016779
696650669 2300386104
10387997560 12658525055
7332618 24467045951
2426693587 19470978943
12813193827 19708985745
14941174383 16304641254
12147629962 15293851997
24996226957 25686195175
3516816115 3828080646
1602220720 25331208390
21890405570 23496859731
7084999536 13890000309
10539731715 22268090161
12262929443 16807500402
2815600198 21807757981
2107933126 24679186654
2667844955 14442337303
17272001389 19671169737
14438567397 16835455098
17332461936 22992098420
7482661293 20736347011
3085077850 11821120821
3928057263 25907252470
758387017 6903742819
1466459104 23106200599
2024539326 6652124302
14179322041 26114227557
9392719889 13195274087
22240123723 24040913829
728502175 11812622001
3179520688 6586366393
11245874851 15075558999
5677332026 20189542460
8363520879 21530343908
4334165476 24360178756
14223931200 26254031541
6445348418 17947638190
10671010368 24505688600
10406658332 22157848329
4427776510 25825735560
8029846937 15683100417
8068369030 20175994980
10579939915 16367514155
269555949 10423925261
14671958229 20874339969
8640447475 16437253579
5440490477 12119643567
25009274118 26465920119
1143886250 26014288350
7978947831 17515781838
2582786910 4034859823
514864974 14166678762
1246012771 21013738704
13131444288 25523614761
25860944932 26530290153
2443149355 11502544625
745631758 22959926320
467638667 22492433265
17476616019 25570006816
7023192245 17703084913
8009468402 23042420849
8174674979 16169223384
4145218380 12954076191
1675950486 15770734044
7952343643 12478272981
20924251153 23156261434
21320270767 24124346171
9916294944 19454080938
6265630722 7372205913
9994821123 25755172362
18079593570 24838794675
15937876420 21901197638
7585208510 14121640450
5174847842 6331827374
11951567108 24657790442
5828810319 24294712561
7543312622 17994637717
12861225836 25992938195
3068947840 3465379889
22129768223 22306204119
15044129632 25097070006
18710483511 19802282107
18637119220 19720099689
18105455084 23311050525
7942996891 15036931637
1163051692 19890092963
6730852627 11838035582
16910991553 23209234505
993500242 7346397868
10920117804 19952007080
1279885668 4826870057
9917150260 13800543103
8153443166 26750499331
9015861149 9772568311
4499548065 21746273337
3981087614 24224183833
11777290518 26534938949
20220307248 20839565698
9524467280 17549363293
2247452871 14217827182
9108857076 9599318940
8025116693 9226212385
12471925493 18560275201
1191811527 3132528062
13794402392 20292156579
1913398036 26553676019
2867900568 10398369594
11791002348 11795810597
20138279640 21711359002
3130999379 9258216620
13532445293 24420098637
6126268843 25098372248
8553699577 11716395295
383696818 9145382205
1551369393 18109816727
12765368943 13249798393
4920319372 12200502486
13220309029 13847253289
7825651854 17291353923
695457855 9155205545
8886407800 21606669854
9829641628 22852064998
19918829042 21688921508
11158682325 13020012370
1691052514 9171157786
5091098747 16315439777
2607029980 17355859149
2953085299 9808292218
201083536 2343870710
2239435383 16945618676
21220998418 23472417602
4829870844 22082870437
9442633206 19221315744
13561371162 14364186290
1265572412 3767476063
14878789672 24096405707
881348406 4903521851
16743161125 19420875678
8234287047 15744948125
3084894695 21380065028
13357804326 15069484261
9826075323 10665432733
14924890797 21193872894
11582001372 17766534289
9615823757 25765960077
21948891024 24215813797
18358302552 19315797131
25092733684 25521449902
1251236192 6950739120
10008817415 26267818689
5269229106 20932038104
11956032915 13305488316
5031123419 17202678783
2763420108 20079283325
18501752406 20590740337
2550143802 18818936643
4697721439 24987498034
9863587115 22919290350
15030286370 20951179605
20023544471 23562988598
2813386354 17660011086
2826061690 13035644076
4681012061 13002281685
5860550500 15123521926
6787198355 18011211480
3619740909 22457799163
17761662053 21769477123
1076445808 7598661045
2481049982 6674797607
10789165961 20149337208
13277215803 17246562602
1419645929 20926679864
7131235171 20325204095
6950249675 12285829573
12123069116 20671023055
124274348 14627036648
7678803560 16649048090
12143498399 23320435074
330442840 15140313145
16266078472 19472488039
9042857035 22368414764
10140430779 14545980711
5613339996 13574926565
22154031379 25040806027
14567782447 16566943092
11676494368 24776656086
3720786722 14260821102
3379763898 19857966469
14242256887 21225543497
19545926659 20110791698
17569367260 22055505591
8612136014 20146465678
838546561 8874130014
9355633588 20058939837
3768382780 18616372098
12344033602 21631390986
6421693855 9310711272
14387269602 21583464995
1646392186 21999604480
3937547089 15678951007
19773092227 21896617338
523793212 6817678100
8870775270 10741543174
792801200 4483164333
10137895836 25848158535
5374466286 6590578845
12302161100 20778668811
17024298471 19436979436
1511892942 7343721135
7579593928 9408499158
5613126803 8401215987
11156581843 23947594545
9571232579 10759613832
8762917370 24314772682
14038880168 14348561742
21651753712 25247795907
4751745492 6480851440
22861892715 24688321259
15915767351 19633857511
8246538901 23813390564
6046564023 12750867153
12618871266 26874340990
25641735021 26705774852
14696570879 20690322690
13241261193 24748188334
2570089683 5731309617
9717496522 11888657265
13019194872 20233324144
2024466590 3136841109
22002989738 25802871087
17151097726 24946642988
5331843420 18144770920
7221954486 18427798550
15176501511 23090316816
16463100475 22367189862
2465520392 13009511753
15341345914 22314090771
6524943294 6721300542
3963398805 25507309799
5369629386 16072311283
10139628132 12490698924
4762842007 25837179028
11040144563 24704069527
2149157159 2961744629
14746013019 22592663002
3183377059 3188705609
22164854336 26219741925
10688163336 25807483794
13892336426 17649626364
2583028032 12986310131
2621675316 24932117120
3395614973 9209608308
19968994928 21777422586
7947213360 16699026146
7014931527 17338730852
12284946982 21565143354
6510463669 23407413649
1550367426 13879559993
16400641821 22220452342
12970815309 18244484205
5833866948 21115431755
14319506113 24605286018
2597060974 12880483179
1321180653 1459392277
1270721664 8780598357
4594986158 13752397108
5955059469 24575167335
1345943540 1672198660
4808615416 16143057647
8266588369 18034763262
13446857479 15915738882
3403459078 20531569035
5983200957 20804725805
6702660079 24893223027
3492662903 26713044522
19390647526 26376624701
13662172498 18916563907
646523122 22966155068
7490782631 20293044301
10846019221 21244955762
3388604959 9748830896
9451599487 16638078831
13028228370 26449281711
16267641389 19140735276
9216699872 24666390946
10083343035 23785264530
8124292893 8889812550
1675267205 4034579215
5708435049 20315401363
14330318122 14468913847
2099804246 19269012357
24753516799 25344903555
9521181747 22538303194
13792548726 21630306673
10221190883 17239843622
15304328712 19734860076
17226126362 18277900778
15644237692 24771878928
10548755056 18852760881
17215610263 25970806393
3923392186 7013156737
8777243660 25126224328
20917254432 21254540046
906512328 2465579895
6565428906 20964383245
1667772953 6211262152
22736790014 25107335698
13019902021 22469041313
23698230543 23725422306
7635262731 21939077918
1447298593 26605259847
1693679086 1734889643
1992197461 16492016395
18023963436 22940955197
14172820032 26047385216
6760516783 22665200292
14011626933 18763873066
9040061932 19679083379
23447628656 25098342241
3766223015 7449758871
4712317292 19503259227
8309686732 16690218429
4372101684 12080282996
281609010 19142777671
8567500339 22836436374
11166218259 14430748214
22522582874 23372985264
20261966550 26827034846
19866637245 19895766290
12036076262 19110331079
24186008635 26056351772
6400623657 22110587753
2670724491 4016451738
3829193050 25853916097
3294823077 22736102628
8589138323 11250522908
20826075502 24727387507
6029195116 23757341875
1273955004 1910148577
6787593429 26869350068
8953878908 18368856351
14759656044 23045782891
3419046236 15271852673
3093707912 22482323726
1281367642 14177920057
3311288245 8818478192
7805723755 10840346006
8879315045 24182534300
9780410381 24100077313
516930162 25372787698
10270609976 23708290878
10562749540 17267944243
9953700759 13342720130
2288251055 20017585560
10978907937 22360164593
294759531 9898672889
11233175677 25418507508
9604240930 11953689158
3686993007 3876187894
15251681181 25612053075
9230360597 9846088695
23291451064 23404964260
18377141953 24701942224
