332525673007 2278
77235808643 296442918739
103631198263 232821912923
118384436858 329810649006
13984723161 302034851841
129106497849 224732483530
131245137144 227352919914
14394239718 252837822633
81878337419 212223355473
85257390983 198463957276
171127560261 290652887618
40012027660 202699119631
113950640795 261012351963
57858177074 230480305148
110272885790 239435141192
41112782609 83557690660
14388851568 97987704663
15314739206 207461617441
85651862899 215604712662
155432679385 282145518657
181991114671 276127810300
62182851412 192211893603
227829139578 318646533282
247189178676 295796576907
274746062541 300571844857
2877474388 181531960204
80360400105 188900593752
102858263693 240241375671
7307676388 246179194004
34022171102 152473440591
208682398954 259006196879
300522483703 326695965092
24197980464 89352963926
71014581775 167443481807
166647632718 226679206448
81089864586 90877214947
156400358973 183667542960
646352090 325155286636
127750409457 291160985837
77478068471 277097264064
79869814461 226183417415
93540764203 120752014604
166731358660 321335913283
64778746156 282464158074
62985193142 90658007117
43682620559 144725528274
282342054744 285724551830
20083856588 327730130573
246842548122 249377570132
69176284746 261293260039
271325542397 315410653427
151865428882 255931385435
67445102477 150585426390
118481274490 183913689079
133331097789 294695639865
8738841962 295619382397
86645414481 123744740633
254745312209 300056072365
171127443514 220118161796
29260858761 46020153919
253627493616 290671447940
116084955086 308167499547
135152126828 281487213571
6119189193 218606827039
2040052140 198562320611
61553774878 241368859488
75112926158 250394172079
7619915291 217486547977
71360037172 163826059815
154585970382 260399319181
68830090150 279000665021
125025856631 311946706044
8418559959 74240675070
278857276094 303350428707
102274953577 190439512132
108518581442 231524208443
78439434126 94529227320
72417186813 74270706970
59047987644 122944879749
66627673411 171268703048
163226092044 186850358532
43576528718 169771001862
151742842272 232320418468
313416558 164361011507
231065754540 295937499700
21945865213 275113390317
66818886489 150159339477
54754951577 71149245420
29760564823 54719438675
64533661671 142836156284
105577777162 198997827133
25860381889 118321177649
36430626670 243168558284
93928113585 308722982054
130585340998 264386079989
190424224854 272819254210
151634307588 319076984029
295896709333 318944756210
208405252340 225018185642
101653769356 283408521107
58144262793 91540691380
75020027616 276130750212
45052816258 184343003511
259805145745 285116102691
144863383232 304452257085
101384671918 165872193030
66469273601 220372189401
151590352782 217764729312
165867187423 318355948179
48695966518 304694322872
81897327135 275328923510
58779209548 163957705351
12679229167 254932291984
164330113189 189303993799
112235345325 181518686403
175125330472 314955256591
165573170658 319147535630
82232351101 172739548760
94504003913 143323596476
206470906702 207186448753
7306003625 252286758651
134376414782 171251966779
153081838285 171445682166
139659215657 184237878170
81595676971 232963956081
51549693294 159691267404
113334730624 205919990288
6620802003 311507307064
22490648651 285074568020
274630350033 293106840195
14046616497 203874487142
53910924165 307714249390
212019260088 271551293548
13825670110 246414053364
19673023820 180729530168
7184916016 306339654015
109811945165 174459477317
6666758521 54188555003
17318794105 52162413254
222761353786 227246013184
172438082531 215661951110
68414104215 83907189383
121765052281 323125471381
141784183118 225936686054
33426214577 244465046720
79731647706 175817120329
68097210814 137944583260
51289531687 283966281725
91771010427 286993417552
66863352082 229450975067
50076902955 190044548157
59608804719 218166141158
33397379326 200223423368
34318221736 303730743436
60371730001 211832391517
100523755789 116589325926
8565056464 247382600283
225392077276 300166088471
234484506939 318068572701
245272567461 311628103897
57462802254 84434249649
100497727257 272723674525
99511144677 246678040245
161239384532 224751933502
250193319282 310196642967
65691995510 138212405548
157597236891 159665805604
131731837299 167223498642
188320987815 218649801108
112351108483 160415716130
248635771711 269569656505
241375398048 270744956232
25701065841 198275237291
47088726317 318223913676
16807545728 283922910555
166460578284 320397299712
258575457232 274588701652
18139592214 148896724295
83259838540 102836729916
60341427251 259133849106
89300418353 184027764048
200750781497 233038471453
25932056249 153828878390
42471167673 53501828421
142269887589 275604736506
110307571301 186706538297
152086361276 332364890982
44043910687 174216147111
206180141285 294613963856
244342149361 281250589995
241270216131 241476931713
34537024242 74852957902
187841075634 205666823867
124399720450 247513411763
173090354966 288027497274
110612187203 192848840739
130431451925 327639375836
267623460116 282728340733
62963629053 193638862132
45003217264 90922815803
150360261709 166733144223
50774832939 115944664940
23057207879 37493431602
25452025106 258102831226
165633277747 167084815026
196532028888 265974267337
183331382638 259600240059
152005133274 268098034413
80017608092 87735041904
98752415563 208801508545
250836884556 277093755424
7558858185 69428656308
151013372059 275810064569
210414922772 317392724856
27912264536 141080765471
259298845906 326143120636
189087725442 266532301501
43869767514 319957099702
87294043403 242538082415
32132507538 283119659165
17443763490 101046769256
308866199472 327011904537
67059024780 192792111246
29836635810 222394146320
109049911405 137977121857
83107716098 94986777967
180797181560 301377977937
242699299202 252329113685
87750118478 258068306928
58830566322 124940249070
195042895035 317178862125
208455293234 310748823234
163892619227 256375610318
41793257662 180696327245
174235190266 248190628529
125554547766 210644074603
52216998211 133532255148
231889121985 322372059037
95075912683 285973089048
154554131463 322387472776
46611064772 266904358393
290566035845 304080665252
149290574308 162647984350
143339019021 282236397544
227538830814 318106159253
136423790172 271514752548
96550654113 163588304372
84034315686 294362556970
181623497714 185460008681
160423051265 267034774729
218925577597 329721277081
148342712263 239248520970
21429120648 198130910644
194317711964 249640586827
63409604516 308503084073
112794790338 201162157902
279714577691 304528206885
131184717243 187124152628
146905579355 263012739006
146876961983 158151585543
89192028138 230609185865
91136628375 109296402304
164368908657 268697076494
154510224620 208994815873
149567481385 280174615423
12837499662 228576903283
35245619864 204087402185
69320103679 236464848735
119907243240 220680816076
92039379777 132026607862
187440707309 249014436428
114234581077 269371635789
2395700064 296137726908
208517896636 328268205832
135977643440 315556082065
72876152100 308093118563
92330352595 109446105747
77602242885 83019430896
174111381463 221474058319
6596564867 75281466035
5707911966 192384205384
23867389828 78213253202
8158908120 98119468858
101441672622 236766323370
82958995259 92167096624
117260599600 325639842043
92420845785 297177729610
2443205097 194427796898
160009994611 272172810175
95477948413 282961586608
78969984709 217797824325
47843879954 244985990652
35789852648 36783702932
126441109471 329050438214
104731856084 313032300434
48687659542 66422581003
50936145435 211054719167
49582333373 228791135839
141605476141 330643913504
95045601097 175659603588
32400712133 207412305509
16883853962 171036373907
188904882177 214889561706
117872486152 273841109951
86873310497 243173190781
43789989676 246258199948
3600996869 251933358112
154290556884 168694207155
105440548877 308795063805
12277575136 238339711608
257868375395 266170409361
24622213067 161204641106
205195984827 294831537186
107360403834 133612702787
78459161170 117381191332
88447094516 303119083012
53097459024 267534631779
55967081424 226320543627
90088353520 114634577360
29637934677 42807462644
76726006984 151244617191
18487935019 291294239185
9316240514 42202414005
108947917781 219007753661
5239503442 53624460058
270814712132 328061677350
133148749296 151974649385
21724879526 220137976716
195676669569 237865369380
169344138731 240585640950
89577771962 256949700090
10351538121 291578563341
180461297479 318663964971
175112261575 287083447903
49327379634 324526910381
79781189731 145701227610
40831752489 312513016395
104912032664 113514330867
189600476247 285199584832
65759607321 274279117012
194906337332 213991123394
231390374380 247225714362
220962959231 329553192397
21118716189 113882786525
20767660656 295069829241
109810751372 184036534368
15017020102 78929049886
268951949991 291500421958
222786798422 280203064295
77316639557 100889065743
210667118326 226794192314
12114390786 230872254082
124540244323 137519708045
71093952504 167657916811
189932389642 217759160769
2030340959 177117782972
188055466463 311891009597
18756632835 261119093011
225491030809 245600484289
74763938229 147188025860
22066736858 274313792925
53245932186 282962319172
161832033601 278265491423
182891067720 328828476747
103343023402 270445667495
64743401881 295645813300
78889121917 313707233060
19636357598 170732481329
165109938345 241915617365
59470606981 228410654387
75814888743 121328604039
82643975769 319912086562
4944113601 192572491335
126433115702 308781611769
203223933217 249375705473
13142427157 214218328449
20834275546 299361053907
22545223958 130731041161
27210365216 138568958867
66865989909 212162779139
151931854948 304687620476
199163495096 295175395098
37968796619 311653403854
10284898838 161700354964
297190315135 320644192124
205009768017 237843155850
76664198481 323700229639
292539553406 309681276667
20788981904 200960211681
33086054504 149945225873
175243596653 224007698041
84204817635 274960213074
106807378413 323117939890
43017228475 103596791610
17141676162 267854524026
131996584960 139021662775
134915564682 244302466059
65330941505 253435441648
96320706182 190130019266
120328595090 332482103623
163122940571 316338860902
7506271171 284198564523
28521065931 197971527224
174973075561 195140802662
49459867049 280821513413
202019568175 251660211880
42153249339 188274291174
27435117617 326018871062
49155295509 91304746547
187831977953 316923373836
150481420858 230587285853
60782179496 136520573478
158990252249 186761588860
207649131417 284102012831
15402632374 231612478642
99455540106 241478354064
125818711754 154074949658
60079161902 102729669978
36721527596 292956095101
113881042306 157459408620
101247744929 213337329190
96609624209 140955892856
42387804241 300446583615
200169543224 238976929287
57768120982 153615744736
23275289780 230961266042
218881008126 239110813119
111099262709 142220328322
33496444529 56448204743
7705488135 222780532834
322889882809 328560003482
207952350408 278282196707
239690059213 291843247650
247658069296 327014873829
98132801822 212195105984
171789656137 325584421228
237440086976 247088050500
80920415605 320374451773
68796184544 286677929120
35784455576 196392225391
185638097732 313620636880
103981999442 246313061625
56560406328 269867020641
51669925013 99881336300
143303119206 332114025866
251544624452 318642536013
3924499288 53848933509
27631492619 254468827051
68316680782 330592320287
23665261233 215072225112
77015687574 158226767508
257040336143 267621317057
99415984439 211639102013
31232426736 289518947661
221652425183 238614536691
14529624576 200017792313
64727552509 143001228098
244028223344 254911372078
38497983808 143615090744
113074621541 208883939152
120939944777 306739003085
64926464299 208740502801
31840740914 319002397420
152123101822 193830779884
161325484766 191769659455
77237028518 186018356942
204722663508 318968142432
221284266428 222366191087
248244115337 299153955722
102874454100 196724515839
113686250559 276751890331
4725851048 140588579614
22027700078 180893400463
99246199107 251967181055
21848352691 27158960856
115401402923 178337634826
10169106361 160949985592
93644941409 259157478107
186801834275 217818004567
33047977136 69771879872
148888414171 258290501313
69119167723 190533615356
202129179279 329837509603
20657263124 279797439042
203955541753 311720772045
44652746740 85315070223
152466705839 177037160051
120516390 56317783544
103169927550 307933646133
29818601093 51946656817
29397374872 52928256471
287576374114 288822209914
10790018160 119383460712
248885959361 326729137511
225689251596 271272388199
116801613502 330900239778
10453999627 240306251100
318156891224 331816991188
18560678466 140688475389
44491786446 66875211168
242311341324 292342854241
13548566866 99761994334
196233009258 239366706596
4968257631 170753184910
37259156408 241956714010
4341340197 14861740954
94625894262 306738413359
121240047896 270805635284
227364970946 255189420575
123131043614 139281771888
20974315091 164637805617
69034728369 111861965335
136260793282 149647343626
70918035703 131144774466
62958550775 88978888831
19633906095 198055156141
214950673005 295514144862
72352024616 146243217952
23634722941 287619274444
174469016503 267412592109
73395334 303046218761
30023561938 295782818398
138941339544 313170844781
118227478595 118874010579
94940556594 272024494651
167663332471 210598486464
19635588906 266568870113
235641154664 279208634738
36816196363 202500296702
205028517116 225852538557
179249041595 262159186425
82829187086 235424122959
133909338067 209326144415
130937965757 239627957694
107635912758 306124240571
280304108065 329034762855
19516471097 281217475856
3248809168 58298156403
17619934237 209710127961
120275844205 174956718151
71896770436 331184850405
107735694017 163540367131
309738253706 329401394445
109588903478 251627752920
71269840362 267274892645
44346218887 195330616994
244910011215 260593350307
83377493317 88988880614
179487232119 307499491395
236396931854 301571409955
27078716039 58658732067
100909993223 176754774202
150726138835 264792475429
57719463590 230057420372
81550890427 269815776386
26103055245 328339649291
265638381607 277548119797
121199176727 241397288545
72451299196 243400970694
78551211163 275965708324
7783611406 56674303193
107362699362 312658394311
200780929194 222864402321
102567717242 207978482101
46975309020 288149871787
101472131593 187742784522
28608532099 157887549811
200997747729 307324213340
41049135687 153896008886
96311840327 140924683081
174228302932 190431535163
57170537049 173576336965
23060572689 215431483392
18447569882 128791051656
64149091174 200314729931
110646108860 205553735811
3740159205 129062757564
150458056070 236391404002
82709995333 215190831481
161798909077 263574088324
92765591040 324226837795
202757811921 272936674249
24853047757 323583495807
92954562784 285226393892
146991779243 252323768906
33040283285 150895172839
59585643803 136222394626
136277907918 229623599677
79044004954 176059409834
178031395958 305970699686
29121487618 52560281987
4449705146 130441885230
7474231997 49355933070
57357281761 59654145908
118815046990 248857006124
174063464708 256275687799
174874981851 249978627046
87766164649 304447165008
189752818873 311974900373
147701759763 293036343443
256199039582 301690360909
161414212228 210670273428
226726284471 271652145798
63630783863 207880754641
16787711796 137370533924
262784340188 268412490168
2432623755 214384597628
113638840495 291402933890
104625835857 164528241111
143606794172 164680807910
37001083962 118386374495
18095484847 178294523557
61020561875 325870108915
17403239266 40408732382
78941155674 270334814265
34015278357 92518355738
286027963268 299433172808
129909278531 197003367968
198469060091 323879771130
3765976875 136158901460
105261925559 309074739301
5083593603 296450255954
18230795940 278971559123
173133918970 323155726442
37776139693 119408589047
189908560497 236440797970
53487077254 247487190535
309389538595 316971378124
81268461469 249572340366
91027650597 210365330291
17157287622 100084620062
27678461447 28438493452
191277097193 282648341012
22379920011 187617601335
65804732914 104892273820
82975901915 218527693000
242396107787 308677677517
94204894416 96307872144
88674684374 136846399292
75156498651 296381147827
67520770063 257751798986
4219761408 288377582774
169639463785 264959902655
200286243655 214087863217
196587100015 236846981301
110876020363 208758059503
42306752787 211118406799
129684029884 157681977201
91131636041 295378799973
71399991164 157400808707
114106117235 141569069041
201489893856 321935930272
261545478067 286494234481
177689454582 293347699195
178299907178 212970633464
177719476036 323076452920
161853093565 276045587550
51257235015 173736497497
118662288784 284581049941
221855342973 239264262637
75054710370 250472957938
35116439633 320160608208
127151432220 278891360355
16967812708 133129336335
18652635688 138449053924
31077177515 64485939592
112299654802 177418802188
11356624646 136238810064
87006629190 193469588451
204483301672 217248799020
37951622760 293350421372
9004977946 194318512343
91814226200 200186846389
140136141803 256803431658
51833112268 143915127244
66830090856 249483483983
57335384717 155806522214
68257820836 116815751762
1480292659 9100817317
60072925884 272943974485
240972462340 281364212077
93949885866 104236650584
18881947495 110092874443
6537713239 58698751812
96320829633 159325988624
29305324957 52389692288
221670331875 273130629703
96545238310 306982811211
171346137344 289308452726
180033139607 231741121025
103092596537 125874867304
84226883982 197659777048
185113228532 304028390438
136290803535 264136380571
67848582810 84346564069
270431748866 302070340400
158923499480 274609824065
55340087980 104930840199
232256639501 249315188364
63285237106 146899307760
26001928324 319141609299
31108025764 277737907742
23088031848 106578309671
15385428264 144417696126
243340507090 269609913127
5971464135 84502669093
126612730817 205776618709
59577923069 138131261945
77921421932 90166834947
173770780867 321498375089
190751625337 194916451837
280107243992 311191638227
165098901503 259123916979
32618129472 78096882166
88160534629 197305189771
225151247099 326340206787
213985523717 285372893676
180974992792 295850956842
79097631655 189385852116
5084687936 262244542372
158707352680 304304265894
149404837789 325568356342
5399192781 86040704043
10357399973 219906540317
14016849080 115708182197
94356167887 317325666799
15006188632 141168860831
54845417670 241987202201
22897177576 39465222199
83811178823 256237133130
1791912547 264800086386
41648711575 223283337913
45578490900 73284563485
177757208195 283200088078
68470146466 107220746275
9943775153 291342832731
218557904374 241701666645
26521294238 32699554734
52651031923 164287900211
128746926676 210262943080
17946115983 179801687731
58452651143 164405977776
11313386649 154178643087
102666188363 134039289749
183541537462 277033869525
83615674179 257455376154
16114404183 25227308669
21342901187 49955757159
196636839389 208893070895
70047118623 192704426596
262018146134 294950388024
193723433662 212628927622
156708423605 226851329236
93683060108 120371872378
107166783441 178183510208
203397752976 212192905942
110877891529 251279716392
77027320216 204053049125
1160783682 24706464067
22753847700 293474068643
261368346975 277177318683
14658322163 211874702840
28526712105 40709809330
36391322612 57001130334
114753524672 267923025437
34695746060 231001281388
76100514448 153719960488
200868899329 316048301901
168349402395 168474402109
54450861226 132424453495
18141109441 147249735674
47568498597 50742727965
215694025204 276564333228
35475247527 132604426966
254297436690 260399635576
125251670308 310514645682
118671938351 219921203219
40247313189 160770420492
146378597981 328807627194
21743688862 193007257255
89792508849 127992893883
156872410563 302824682891
43569294108 177860878367
159248993881 174029528849
162075655211 221363903812
44711064244 252844711276
42666316085 100446906487
91826089103 165210061799
37989326969 164938784635
137344500669 300756897786
154830097157 299406027810
69012186925 318689238293
194147742882 226935910192
85771825198 328939623454
84727126352 314384129304
133499573919 146406645605
86166262146 123234226056
298775984340 330537269607
99141561127 230991566941
143232156130 243103334425
60655716709 123924650297
62830570057 299262329919
170867309922 239646350200
172566382961 323007207171
62912543788 141354027276
22315232581 148304794691
85441007770 101824853497
150550230309 192550071556
73380871163 259022827388
81962760346 119517465068
213040336379 320095143632
182062082114 286637477002
22457990844 71102543134
194163711534 314072470339
24815246287 96615886393
99352951419 101125104918
79831168434 124190915931
103883025115 223148102913
29808258773 220382308927
42073438928 277561737559
161111520374 318147895119
124216966437 184267247915
72190949877 270657785929
121135216568 144338172992
159391386351 308942761734
137657556745 221379691224
180881900 200500943889
233250948978 281298856540
31459083503 300937761598
72264102450 160246146347
179075304311 189164724696
91824909025 113358458471
192650924747 296508721880
132092572950 322366001175
51378424186 189932166751
66886949331 245702531460
47121587354 230222956489
40671593343 104841287198
27837805096 187163896611
21119247504 225651517579
116663295455 233120370765
192109066921 298475291685
19405849988 263937758487
160394341776 266486461641
87063183773 309947649425
179181793076 248278456523
103118360123 176893207600
84419971548 327860463220
126462760973 227017198944
27717318480 32279279476
244254504259 259588515710
56504200343 269773790041
281626689010 307304894998
110645763647 153924035536
101121789535 308526676162
205032813411 230482051504
21905934888 272015064033
91130611610 294990331731
120690966139 236442040264
91871073633 298157165248
115851094346 246767897114
17535648019 248156302444
179825281575 316674266544
9184837479 172531970024
24186975778 266406824849
39757327948 84436566394
108788730125 192684585164
49645192961 290184848618
41104391008 81577102745
33334811177 254383299716
126703417693 322428237203
58659586823 165884431167
220044739251 275199271397
33417747995 89591656941
165493958939 180908587353
75023587314 96127950329
76165340594 86863533869
63525606628 83154313683
48015762731 159755925161
126858742719 279071205980
1436700156 132927909511
232246232392 234360025703
34496925984 298801516696
87394030018 241300273536
2745697854 78981514376
112180994458 304466944799
1725989304 310752077157
126436621916 229712565801
62681935323 114108920240
56058303516 159841611967
85434431922 292017380347
87701601056 277128934318
240968544957 253785613968
49089006630 303186140849
112024390452 259367059884
6920070955 125287086692
125263068242 322910246177
26917160423 101312361616
120675725027 278063486053
171250658913 302738846792
129177672939 318322692768
142985523996 302403796314
70903131807 187577427160
71280866012 225232578108
137079871353 332195814625
208621741699 277290014861
11872120357 150049950046
21999482441 131936669404
8987953504 41370063783
119490286394 214001577344
6075404541 52193177124
36344414843 222665199581
223198953807 269606764472
56850954160 240383368006
104715586947 311570178595
125354692678 256717023777
199444145508 207695456288
14582346469 221036175408
69880840454 191818437101
2533529344 187639480926
152840238264 224487123527
23632753790 285643877212
84649830732 153008689069
251691738028 313276502145
93935120164 292962566185
96750887010 194451053706
94555159383 131227138377
63893066969 276289212990
15087614349 73439649572
19356645007 115401527718
157318753899 315923732281
76716422760 230332807794
81914796279 182360371814
38725454524 285729606240
184424921777 207059983095
32659759510 46275317382
51706581033 79728519208
117807821512 127636124768
106263899418 305416848751
48911406870 200447956989
171219314897 301864573688
63286418276 332091018309
87975078198 199072429843
205692398562 262281481354
175767155821 207692919371
62055311590 69829151976
68550087380 170447878774
97585471146 288351517653
221023245002 289332741173
158282668007 178787038721
209724529203 261671043564
105701437328 269859023855
639990188 286562520523
86137701247 303150946158
187844460897 205302026048
6778372038 77724106946
72129070386 129515070169
137921478094 165165199015
41403147017 70896503712
45445656317 208805163904
226304035860 309227184706
38147926751 323684878698
13452555332 56047224351
7003896483 207126344745
150665708570 233533223397
212421781391 312092459957
164988969575 184121157208
69271975669 197682404158
232191051371 330027039307
141059472363 294247222084
15205934060 273423020891
143661625814 157082918388
81145310776 149769063349
126120766913 179225796137
238479708312 240879298036
13429870737 216885931623
103106629450 180655758924
101338091557 176536091931
18529816351 126621820713
33004166820 58295978982
53222966449 189371105155
202032638082 239278219602
24267275723 87519121682
79306055670 285547067612
89661779558 316034441294
41748641745 81946850904
102252346575 192404097973
15118984309 94997264434
233177155162 250161426411
206960455147 238088245724
25379622269 285166502152
45084020804 299836349516
24340732229 71418416396
93759236834 295737354864
139500040819 162838269900
120117431588 159811467931
133132924900 293268121703
114253440423 301484201396
5158116732 241706361362
57418716001 235869071195
307103047508 328734265968
104732299549 296112648604
122089586784 130475909538
193394133721 308455070738
303605976543 322527238073
90764808998 175399931793
153574730779 185718149820
34142239454 181688571827
71955469180 149547024277
57254722909 106629984663
42571075691 183481583580
95351501049 176286938921
97816498948 182102512503
65326483725 94547211455
30622165651 55064479407
57083314752 133934917341
176747624426 315223048259
10861590748 295492463455
104722669158 291047685141
257217823922 304218260749
48352652980 158083973363
91519120732 100288820474
49834896227 188113020673
32154421009 105215970022
93919764959 222151256297
187196072415 278659359408
41030345716 295120076944
8465582397 48001173018
65687529274 250573651369
85342999305 86997339447
225810851132 289585181740
55837539001 87637618248
168995432743 240780497391
237260663415 322659553675
113640360044 183077284629
114983302186 166751654954
201966450765 234131143314
28245760184 180071450206
32910072463 147213601870
207036564176 309221648891
147963392963 148381717465
230821919983 329657183126
4017323485 37958734748
142493629457 259867116840
38878676145 174290502898
133997709113 146804248963
96413500784 221879028974
41245258774 163170414000
22147197691 189139994987
56845770086 157702958443
159949320263 176410706821
10253250455 212620043454
5181109080 305357007943
222288109056 288434938522
236028745322 283568485429
190198176836 210597870541
115727179712 320811865117
143614268046 175593655895
120608479952 227790270990
53968169971 95763430170
77557997725 209799676982
21410415192 290701168927
298817416 104425341361
19185615418 323055408493
116761156533 241009224727
17291870867 324868779911
81908061920 293829988454
20205802452 328425566654
134061653083 228655755863
25242334907 94044972428
264341007868 319000955081
203138121599 220675775436
158649979257 211385438540
58923948245 255022843397
221078459882 283884274556
29953020007 134364177060
36263927809 93137579248
101538873987 128356951980
262100193803 276386830894
38551449862 272425017684
6000995010 274010651877
197674698818 255320476363
294576214333 322979093583
118341977193 248642778536
130166110857 288478381809
222584305695 227571614674
96055233729 140417202380
242514831126 273614954266
5850301754 316928243149
152520923118 311596957242
59417064542 277133413778
108709572388 206089380228
154317702007 230309722498
176729962874 227900538495
188218803805 319451463803
2816366815 108148280118
163981704863 272548618980
297370885479 319936815939
58175427980 276737715430
2070415693 242632813704
119389534872 213243032608
51301449334 155270528162
55421230794 173373213690
16790965001 21823278030
87473537723 167919598559
235590976288 326384727918
104035808857 170906780485
141351359582 307168947535
7526536473 24393415913
40509504212 313069095858
2988477566 225842640874
94405838826 279815279817
149726028718 301899912235
47486104634 263684361649
158915417641 293751603652
34828980098 196125752966
22178413572 22334332911
242277378815 302335159349
108804519241 216578665068
10771782702 322087711780
28543816946 210741141712
145249180926 203243769539
21630142921 67221302714
173104972345 204316794146
35972719543 97815880892
3340591 273420988460
316850019942 321982538211
25886720391 320885600261
89407094040 226891330029
70442520835 233920988261
148858498812 189301545732
155340993918 234573408739
300770863258 320664665541
270371192221 291537590875
252798680460 288801646593
5432434003 41776393494
10993541230 60575907759
157622721134 312297053779
137821466918 164915173073
242378985227 294441874314
135021578771 289122237730
12135301744 33057169796
78725484835 325720787834
40930060578 77559381176
134429141038 194778599639
134554929604 140236238020
198824630307 240907544836
52034210880 255395788832
103173553257 195624339360
102389264939 298295242501
35392876268 126746348630
33289137317 163666330923
28856132640 95126185160
140049569332 184658913827
44199077958 274741040154
29026578414 295279376230
67299834376 304880407375
124965218023 241847263895
17050552415 175914868303
28895043975 88484015131
220228678481 222495654160
179230633254 283335296410
7937419944 124246201001
16308789443 285537653530
211385993802 272565300525
147458514463 179255884703
12964134575 184070554990
65310232878 271963041126
210881792333 222159292769
145526666484 303367410685
63846296751 162333848211
14009093441 90196956545
133602915516 265930602773
130747644661 229643230713
44739181928 193009766394
212995417402 315540510596
46713986040 297459043061
86713354610 294007152546
6422477517 73488755658
154806360923 326400675005
20138763315 88383064995
206943845863 232617678949
23945698785 272498474500
30994322 147452188425
62995279284 296141980725
19537344605 109674478152
151482984155 157459000925
238606075340 321042674861
259430481048 331074784060
134308646121 165550764384
224327692076 285088602029
38184847592 267047403217
35127179057 237143260493
101934256142 133550317794
1557058518 137967684839
139468732434 167568041865
135726005298 140310960545
171911962572 177130713999
205861208634 226635006531
210299268145 230894037191
217722228971 259465300040
98085093496 121636934809
52269687205 200649647723
88925078960 300858369475
15670635456 204942317009
202875618684 277930274999
18003974747 149431780619
35318106463 59659067817
41730210062 199345905953
165250756245 235515988790
28153588575 89354057244
327952753383 331909018182
22357300452 228538211271
201498633044 279051312695
69954584787 295212434979
25174733618 251881196786
76148680676 304707485164
223735512896 297384985524
153701313203 220484905089
102843009953 229942856051
43130060189 55488652522
65739173952 157056507293
103095737982 179318853001
131903816505 302975200369
13099585611 318563282803
90107532694 186836956856
10772307644 46893688074
208254875171 217593775137
111504450008 305882959927
68922580608 284946519830
72978963049 144462934926
177295737568 301141567507
121690968523 259273846524
132522390606 235879770165
6555908518 210184014141
233437306584 312705395796
98780933379 307691348042
78991979109 250448630493
218443089887 299928927092
85477661596 118717659767
21568568474 34783626566
70861870627 120882509542
71486897110 319403898471
65977096572 174562377123
7369518657 230469651454
42487581279 110994973472
204855433371 292277771781
56978456302 203994814931
150594853237 296981335945
123783106324 307940721691
242132008559 261745082118
44478048215 277931518458
54509151827 300646704146
91469275886 269078579183
161871947686 253944683257
123508723315 198447104426
48803177687 71968380556
83043431725 274707133485
298656235774 318475042567
33620279619 55035017150
74455024113 113623061861
38853982696 231092178446
93076752265 142175332237
292697589859 308865760802
558580486 52975502145
124278910994 285776415755
218458763155 244328051404
164230964428 308736899216
139541286702 181940930859
84162179352 275431061277
81217960430 206525209801
20838190900 32844601286
60100546798 205645171383
83793946268 128004246997
191264483769 318622679184
163327565290 239885289500
107155976783 247494462824
152118301624 322849889585
1295671192 222677477634
146437654746 236287357977
45118647082 204443747078
128948589432 136760883161
47290955282 118314295316
9710913035 56927896018
160280692755 320103309789
167492791042 218512738444
65959761212 332486150676
5165727354 220646864023
66022186321 106039071459
151310298137 312621203347
37528295383 147909184111
103912383136 242054218336
105951630794 243201482860
152010958839 240807910959
83046528010 297798363417
117341364478 158622045461
16076631409 306756047569
154952667598 189438801761
110983616853 127857657808
198688130592 292967691034
273027564451 315025980764
36892060770 143049355681
128161526929 292141225435
173645216330 205672148571
179484657650 255888584199
68386917522 139449170814
133270341775 233638314042
264942551322 319798351954
228127134741 311551476699
276721115935 326298000529
248191806639 301772863724
135226127796 262852187324
13162410692 331710701900
74173774987 306593957283
25840228981 245435641691
54960352714 159751288564
58808871489 192073074491
294541519590 327638062622
38531167912 127575818112
66282011636 104540547316
134165677355 151831602916
186941636105 211676616990
215978193075 299523961583
273284594745 318597604802
87571164363 188968571566
57672388096 326328030109
141688690356 275595826591
105881323285 280194434993
35014584664 263085437554
97037033797 285248158510
57211904975 185957096216
211983208931 309163018110
19280138404 325968572548
68582178775 270038171552
133110548034 133733542392
153901957716 211958991526
79462200308 287266620137
74950679352 321953802413
161488184893 320329917463
157710235264 281891083444
41824798972 53488261696
22558456367 55793529256
90295993966 112380139578
263980439962 296601231305
205879141654 230452266228
182116652862 216393371763
75736517379 245678020595
299895923580 322210765644
33689264758 234061930110
150380321022 267511873212
211315242843 255918564491
11349372896 87657040141
86754676485 173639129295
106995486315 108241167392
86376845640 270487295410
154015649674 287676840698
249658199082 331978187469
108764020602 322800692750
194292609748 271834105875
209811510551 310163626528
237560390454 314042351686
200419927902 305668565142
61219944484 289526000067
205247336059 212343935127
104788974803 221803716699
22109736833 261146034067
209039989804 317882624740
73008794474 303648846060
183866487614 226508729797
241494358645 244652458173
244889691263 273013851149
147482557576 156774860829
105067519653 120372375817
260625543578 306274766234
48844861539 314169390500
216856927476 268795084430
143515098481 331449660989
23034465584 321244099052
147406421451 223688981406
71899630203 202656214320
89742138511 206193861893
51992778453 295519334004
6576123889 62968061583
26830220482 162088971820
173803098232 279696248772
9590533950 142320997272
81710995066 124803222796
23778180313 89335945663
31888597257 213338555745
80824681402 168497355964
151948715398 181975702302
17254265310 60753886557
44153812334 104481057975
30927140876 165279191540
224491170659 273986848198
67883058612 79879570078
197586081370 253624175709
54768386379 90273707198
98720092697 273658800865
30479135183 163756052905
83960623918 199308963842
43270425236 145857181464
141990238764 149804827643
189117915864 308567272708
184605469822 236568185991
790289162 119708986624
108734803931 142081083460
77928306088 98150379416
47291297480 219787921269
72586929899 218003586186
65645842509 103755264692
99954873777 271095972350
108496120468 321515484066
33432534011 220686465747
46404944442 69591264877
28555347264 314667686438
217436092383 300754921170
78518218742 321089767806
30904081917 212045387949
113608457721 195128532185
13300878044 222345985019
237965144133 331972110889
97124528589 237974348365
10616845133 202126007767
14148623937 147620029880
48845086811 270243992058
198548669373 208032288577
160040843579 301206066216
25197358042 216234097208
106080967850 255322749525
92135576256 297925372074
104302303910 315598053274
131195916063 248835792100
285655605230 287815054883
32557936555 252035208194
25879526472 97232299435
18730744227 314531872503
270721872196 301612777106
64993278138 127274211534
2730455268 213482800324
286588526581 291110566938
234962738228 264407914243
174733160953 285566426262
30476168290 227071723944
117395894188 313685392365
151464343260 300197335358
96369709226 237495972630
213690197687 293883899486
305146726227 324964597544
1549931879 37408558000
202827847826 218816677740
106748674208 162831300365
143205304331 166964570405
28755185915 120196249736
295750748829 322694541188
292682792532 322087591639
65743571926 302585500464
248284452465 277843914596
169690844720 294109182224
135650969854 267996249202
186539022562 217697927770
218158973176 249183166072
143736730503 226661902848
19705075535 29583975925
33127173422 224616813038
62071257744 192278117469
117658222662 206447533041
172607515100 186243349693
163272419402 317381816673
174536101020 292988801673
93542640554 104685311979
54176621713 83091474820
12595605463 64840114389
142148452251 258195710153
192459088513 267016548139
15179613831 162268935019
241590113463 318448824778
193683298631 239490528557
65760033222 332211453434
78173831746 80021476073
102783208142 119079260877
141258631446 324927931095
135263758607 268996200228
133283782848 184459561336
141344662707 164150789050
100003523213 150627594499
100908116621 226467462571
13364155127 109187716861
128189630162 308775310933
54609056851 89463466184
204858144028 246354715183
83671105399 232787213256
44145979011 211986471197
167685760005 213039855950
278688847605 308808737416
85925845632 113715540300
95547971139 184197393613
170694598881 229212769380
126595984392 301906403413
18207195637 249102466210
185071918195 280046136533
132966074614 330450005605
166230912995 205211756804
284397439857 322262789042
39109759471 64599790142
148214430834 247683244718
42055661999 110729066633
210896444612 319664647162
38800382610 210614381835
24010172464 48922050453
159681272385 302905499471
139624186412 143767459232
256418436100 284827381428
96751157119 242874640065
128251995764 190912877321
114497378075 127992807017
32615908372 231777375224
5922073240 315965165436
287786299789 296420115058
218314767305 272944439818
67379787922 215526042595
39997936763 189283908164
98223245018 329225922912
105430267482 242414938647
56300704300 245870360444
250678639604 273060330819
58357558908 194407390404
142602080911 212647036449
152480886741 280476115190
24422375958 235275045595
33729557904 119872955834
153798541959 264551654167
84392866755 260469623606
14949723950 235522277759
196306280353 286137129188
220248356812 242958866407
283562326688 326479576625
27018893614 147401828405
25673819337 75090470566
92935252467 207812413610
75748945479 190991604770
60037492030 269788984636
56830598436 140154007154
256953151179 286490025506
191076547743 201648573870
70108155050 265638076609
72919585467 285200044437
85350682236 94919721453
71998128420 324088040521
9928551469 140516137075
33770171339 291375096825
1419682157 18163118087
1036851607 255919298843
221158826479 246677125587
176597159736 273473442363
203939950940 255847269691
25925925803 299953152809
20474503707 94967692843
214414948136 243216746897
188470630333 243631721904
40081598165 268966213565
28113000085 146835073946
9519563903 92061374870
110648493761 250276424943
86902087622 92358342047
297409699622 329902698224
75709901709 301052468962
268865219190 300234181194
95972377812 175945257717
6157742311 176483342977
99758884661 312071907943
133085275579 172108428598
95348394646 293469947882
60984395737 65699131507
10249726435 304676452548
91158394465 163384929265
155367517602 202926868965
118544667709 304808412545
76785045261 129910695923
37399040646 293505828144
17037581462 188280935210
58523371822 135597290003
134988260206 147167192349
55412849773 255890571355
61362375029 109287003020
80325301820 151886744834
60435318035 70252448010
84235178891 184724133785
88677408105 216972536575
308103178753 310373816883
58036659411 241461971053
108378954112 240214753104
81531060489 167908795808
168769745253 263489554040
288159113064 315045815560
69870278933 181413235904
109640698068 295248305052
137236482986 284366630830
77319492679 138563910353
40954275874 139090113509
1134446314 83032920597
84161642957 187330291648
77464839367 136800516144
107918155620 184034237658
16384374148 218598650944
12338812114 34029620465
116800693783 163303075780
38580046077 165471273466
64911759638 136657683267
299643846561 329661184936
68241995741 235344967064
226188507953 281318209540
185398719861 262494347532
110001803190 303735677806
227816262247 252754279201
262067568452 305083731656
58765774493 91527713030
169833178238 299444179733
123390969954 228103143532
51794413323 332184429102
177820479879 322003614992
51195968011 322647010104
200603086257 288906976382
182873956107 244662695965
111952957277 216943907956
125341181836 158219838269
101768073756 132040427070
18784411955 300978379628
76945796615 305732361550
57365123835 170357485779
75194472322 144210245649
66041890736 66146090959
198680946782 275418145770
9822554200 161047604701
78249779929 208943458941
251019573387 275566155025
122655835650 143971894666
77465896041 131219987241
241257260877 259423029389
108713064586 200460682933
140961905055 287488526142
2113904721 305753112705
80096727155 193355440582
20643285782 164547884792
70698393458 193886962902
26458872202 243416403267
50764165150 179887168462
101653972852 254415918347
14937577546 312238946771
200876601976 233257052991
235011183941 257692072050
94614858076 156517953322
50446525400 317482370116
94741535291 280542375734
14725981171 128825178817
88458420941 213359903173
34108757965 136318179170
3407153034 121658363460
170105792686 310885874031
175610300564 328229101361
193227235916 243351563104
92470015550 232759167176
242264146790 331200288641
220420068015 321941313038
99667961356 143853030533
22719840427 107937696789
93994358851 110895375760
90816687089 128994984826
10573985791 282212717434
1712832781 306985757957
108132114690 259125811160
102878628743 331761347138
116897458497 239367261847
4959779848 231571423572
213222263008 305529849721
82022007268 296654542128
61520539374 72736914661
42202957567 173787231529
286607858909 326477507143
81908511310 143154249370
54596913493 306912429274
106265425933 136895610545
176502526340 305106003704
217477939923 271723739857
71841309740 246545513503
269044189272 297648095511
1281718426 56214220188
103446681285 210548208876
52655305630 203895464048
212470533789 304755406462
281626553756 321185765982
77893354011 169552051388
167282971133 233428388738
169801126282 256418266067
4793112293 170533163203
107150923589 230068731169
125829599696 206556897519
20101998277 45274382318
2233100918 300475214240
7990537073 103731688410
7943244968 129191795155
200047432331 286312425402
158387155084 289030526823
53248193121 325815216260
127572951238 211907787171
42345238862 180396153574
146940068576 173126569832
141368067146 224369294080
7097241778 330777879264
159192029952 205872337169
52638334800 95071795448
156400558041 323748716098
219050239418 243683632887
39451013354 228616814520
15194999410 332505017150
190056692788 212604232334
143328200529 153901546799
139780965209 156303827337
37762756521 125493214428
96575902042 325368458922
142787842278 271313826859
153889706483 219490940459
128148505852 172182933526
139360299949 322340403313
11574874063 316356378577
260125608493 326400730639
33091059075 166496449487
91771013852 182128737702
12316923106 88294796414
33831624106 161379078407
173184440632 310830448042
24574633806 209804609825
201990767930 269260495800
16203097356 18526177162
76577392892 114584955372
50410741663 309680508842
200312323750 303589913159
3431975365 198705020456
27118249406 65864532576
62947970920 166908691251
107685790156 146153355490
88044819194 232050979454
46229264317 225514377786
162607560612 303501232410
109693066472 138721442643
124157786772 239519854438
295713602161 313382140749
116373526866 200131332781
37333362568 168371050987
94862494771 171080843324
7290822352 136532165624
98411931607 169947329539
179358199074 281084235381
144306713017 158238746492
55983875781 172757544803
112769162695 218728379367
103424888225 263655243987
124959190467 163067552916
227698599178 287386336660
211902330794 262102584108
111710670971 314958500023
55318232827 135343627943
33300683332 157661226501
179581948926 321296518787
223910349876 264975654864
277941996691 319343003792
57596633377 67859414621
154071459482 181642945666
56764990016 255411747580
193098127563 312384694040
154521534896 331467461460
90884733232 152999793309
201530933430 278253968354
192686500607 308267187036
135998332282 207457979893
152728452288 187438966453
151818020195 277779708149
287146195188 304935768706
230991434630 266564575778
103389186082 316161694901
25856986501 125758105091
144532990461 182452140680
8320297803 206254020148
199244317016 214834837662
94818780801 256074950989
185513143759 280019183507
98673280689 248404247933
134115953300 139694014523
152579789342 321394535833
38772955580 308643288255
34817840093 223553942349
152658267553 298873376240
154971795854 166959068023
25524718515 120570682405
38362503168 165791188964
166254775153 296844602270
113803320402 288049621595
2657913533 218122124593
271774763435 285469456425
54356149903 102535420909
137832796012 152888057792
103690214494 193017446750
135088258470 179441255277
163776834966 256182517759
206615641998 258669679509
121793841880 190446088491
41828332832 85842125729
118911927796 232830261431
121636662844 217964120880
174107099523 276320119320
32824174079 307244460304
28851629803 77680602596
36373688605 165504024249
1223382982 97177620209
176123896605 232088900001
174184231012 238245045765
179375303356 313050002231
264594555251 327890304179
153169154273 276177074214
142566644213 264340050441
13631210256 275024884802
103786489417 232101621397
10536173670 225549618374
1228705452 303407803646
85863888909 275923817052
131374608244 258073435941
50870396025 234870411584
111871870872 121423026948
179437585477 264962590605
58813567997 151523349803
119569309385 323167127834
72612072521 146349761791
27603980923 237522064292
35765927995 131747860990
320355414643 326428245264
97256655050 128435350515
111295734431 189829045579
204756546478 262964958942
187211178879 265157439365
130941539428 157506572559
16519818106 267902847701
113854103848 146264595320
9520187135 106868757533
901463436 145757520182
113015030361 188321814502
12314754185 74567478733
65740055095 292755131750
59897032787 315181699594
44032188951 184423799139
246102928622 253099439554
102905440803 306485237000
249931082410 265998419460
34125478492 142359284595
176104826358 311803718644
4903055845 168266334033
117109360894 293928080476
133646595007 163923023460
190964554163 269655938679
82077055960 231956997181
251372842565 322994081267
147786878479 228583233947
3741855015 176139135693
120913245748 292346893825
27560951068 256605116879
206951498308 215081094870
52881090046 190008785547
33744899756 43769933921
14808468873 114432691390
160415989813 186740116297
238057852254 255082752870
527749394 40728869472
198951666940 219519058750
132437555822 269197937788
29651412646 32430542669
202170005214 308352328431
107835181384 255247244625
173277517993 184567984123
128512599325 183192224658
272909134560 307416992421
84966022622 291515797463
175734605203 304490016250
31987447966 72687954206
271288109786 288205273435
200436626675 316823513959
149329512575 291007114843
178360535342 272637547299
159039593751 291146837626
292399812067 332226697090
211068870460 281442023043
26815603716 224471506440
283603601068 303200633151
181658354073 314540943145
61245709728 88953490203
73695451087 178180240462
25813018788 288627740678
61810409656 71249117549
84368963147 125217738346
172046022333 275994754316
11674486741 132278026500
8339112726 309581313022
104502770021 256866313200
98638290269 286957389298
55714914153 104965051999
75201406031 196320381184
81088607902 269501480892
49045158322 291870225418
164240210451 306447027263
163437010199 307916351175
237557143772 256050649681
173978037620 252201273764
47427055260 210905457140
122069384894 235038480685
250385192411 318576509816
124762125766 155173336865
20631605069 151981723230
2725839423 88847218665
105043378883 261498666966
199632720822 329822827460
166780940601 182338443608
135187633988 168209245823
213261595494 317985735469
36425386691 276966031115
105722111579 189968635615
37627829230 301036558903
105995144312 305659688791
12868137053 85195770543
51502145778 185399270187
90151802967 292035482007
98922714265 297968776491
283888527635 325165956707
22625452294 244490110376
54462469300 193657181233
40418058965 84906419892
119213804886 324817474175
47777330785 74306892868
73956810978 172306368268
1739264792 164722140563
267568371584 320057569464
294069039707 294408356680
102533499341 316558381864
225274706293 239932680625
18361320828 319527756495
6376068611 183209740224
220865568350 304593996250
3011364316 189197593137
90724784159 114660368638
170777333533 230416680412
177024004267 301280991743
150893487716 278922924392
45482902441 56130884530
49607860383 73603889529
206840062377 291946592481
139159564974 184096358004
131086536482 207663855277
74614427087 82566647005
138179171679 227353919429
24195013453 149909020158
24672027890 116954194431
72134326666 310988425950
64268226898 78497545289
4411386365 307424347740
64858273290 322447969464
38931615066 136031566053
120819307952 235823795192
18576436517 217274474121
4561237356 263852476740
70340835746 195962199398
123009414067 268253183253
293362948023 322142501787
175898410585 180408995080
2049314219 324249846532
243153661352 316240648090
99586112545 147889717579
126573282851 203566874704
278391872894 293784561130
37292731734 226433065621
268220357219 300604381016
95792407134 119009524907
92944798331 186250403906
188635091960 262290219910
143838188660 197782030900
59752664469 133913644567
263231596995 309636340969
36304419752 289519007988
90912730635 284067625213
50844856306 81756449401
226988059890 327505631970
84657112774 105041890766
28642930380 283338479102
2299818547 263096792923
22081033294 80907559587
39573132264 126464790818
11697705297 221372819273
10690375432 34486470229
48546533766 115582443716
288098437850 324955321108
142157113341 260642051403
67290956438 185558306409
165795388150 292954173276
26660445078 323128647315
172379009381 218943298436
213755598647 273325877394
79249767144 319706966396
12802253552 315072363151
122753239607 328344794531
155562695665 196534169561
5199835846 284953832057
46535379512 145892956989
175193715799 254647765920
230015269006 252755688361
45276878697 180675424196
144676744003 294408544536
14600994183 242912024279
6323154398 227971502836
172039449568 288096815749
181347239160 301223572044
47809773431 185255537007
92051799802 328833938190
228505978077 282269186029
52259729617 307559749120
247380296880 322626193771
139641535565 209327805107
176264111881 244587050273
228947946229 273006769612
20361879048 270104496808
60707705151 319749046670
219688179817 310652682702
8158452792 227698989802
76931576223 163807485703
8310832905 243923325215
32844275497 48129170160
29536067770 106386728153
185091871086 275329269358
13688468027 158779488207
133325287541 200289863059
129726943646 281498457444
69389713996 176885495801
207733597914 265023672313
103497109818 251539365574
145386116147 265637199415
164745034039 323982800687
58477426785 152429007652
113095642203 282792185926
181223548831 317818944557
198468960752 289672883949
106208185936 189761192598
142715372967 264727206591
104863827097 180460513965
108220688172 310889640977
201842867465 296696817505
62738263708 91078535719
127016577532 328420534844
105504478143 290941825950
98592675052 208424678486
161886207296 248985151848
150727035144 168546552644
242823594003 286586584642
194393718951 304939606763
77605397770 89921360707
65036842097 170118348733
90188158933 136731001077
16777361085 61018414751
21863821585 161770831648
199482852319 212393283127
263480444966 329951419805
240478142716 267527422447
194649839479 324210008485
125952333423 300729949962
164184881066 276350854576
222819241301 280795254741
15180566576 182841792948
21585641773 213282584082
187782779895 242040354861
108440301790 197152233368
48083359663 143979343385
155918479736 289583532173
169935647547 208979818467
3436494361 173820607949
315040654980 329558276469
254538730832 268467926734
33539232212 174313538081
61718864886 305161395084
153391246792 200911842377
129537186128 211557936415
47930414088 227236044379
93002048829 200871447440
159913385585 229221938308
254984085207 297140985924
158030356685 318283290705
155540825137 255459511745
50270206848 270798033472
202655508902 265966502032
13954485879 151329422981
194069157322 297353175708
38696075846 114107631207
45126421830 226246080767
172127854644 213285565450
42652234248 185867195920
190210756354 239500232971
131597970870 293935570978
147247781706 257573293506
180315265962 272316933141
145758372033 300688466175
148300272569 277831188420
172845569239 213022907319
35189928465 201335109198
107214031952 166456091630
200851697882 281394492988
16270312329 332402209439
315766233395 330778259709
3876085563 248301690434
219356774110 273006635056
37730429618 189242591463
44930900773 332118943924
61904476322 140738794332
12441175844 244171698391
43697632390 187516375809
121533068764 287790163981
103829015754 180319731461
81369665128 313484812958
205140342534 327872626111
154730579895 308542985812
32331765978 161843422297
220323587483 301207291076
154976514064 321982511829
187813880405 188133465856
11595147927 183866052477
51052047896 126120804846
174924779836 267500090787
62402334369 193916580904
126720057659 217437302441
261119111080 306619434382
220111272777 266134026191
156949349910 322482188726
250392482353 295702507046
35479939894 235073989851
50009452257 204111451921
80149930810 301776640076
194072798099 212885703737
85497143291 250901709630
205198068483 231632027687
261084955135 268106335643
267771922921 293685163181
55428368127 131878719747
282833116477 284970008531
95867313308 278804417820
106037914933 198964253075
140307598791 268265295569
211330755290 286486436824
91070335338 147064187779
16196381356 152551673293
42194887697 238919321931
259820700703 284879528141
39403047686 240014851986
10330274590 25757808458
148886381029 271627518110
144294167579 187448810450
150535451389 239149262281
81059288610 252418454666
201711649997 207794069013
8124221675 68452719941
203679955146 231362178634
66114738189 167107302739
15163829191 282593848479
45544924864 218738768751
25406491681 326283145328
259222990705 280860918126
207661885004 265748061571
2125245818 174182212699
11915761519 205275185051
231284079107 243864225902
55917482711 165663230037
18989733724 327908086283
64216111990 214717862334
200548247493 206938230058
22385924761 304458065322
137889583773 254511354001
128277946900 212593345031
66757476856 193374278534
21895727561 41123649665
58536475393 295957495128
261335298895 289669278048
79523640534 213699440401
167775526875 206083951785
222803049855 306468666758
217345686913 304096963275
74449400324 331785661130
227028926892 288980359876
34436468326 234258580916
151277327422 317961518972
80584257835 148323833351
84305955000 261505453847
240156338812 247600821305
92856088444 327215285004
1205569668 146188040031
17739509819 329110970858
118241156532 180239781475
24989247537 40388648047
53779865532 300022754689
74160639461 162108205032
54681887957 132583154422
120760672087 206812058753
78366303835 246142734956
43831892093 260867372597
66641328206 254664826701
127156863744 267984630301
71281544988 122802123690
45973609568 175610693271
149158641758 217933862004
28146457709 173836510674
4263106102 288510526691
172129395290 290072534310
42754627709 81399828171
73994199341 109890148381
72579291759 214546270185
225193403231 326516158469
77370707446 165465662116
165180316545 331645640286
107249279821 167299836705
261097327882 272296832678
33338601703 294288220798
6306525766 152476494792
74999999530 98125130011
54204426811 180224321316
203118438340 260408914711
87413081694 315272603476
5727614866 98541219202
70015585431 176261628717
126350443010 258289269465
135743431193 162994042888
243724048703 332493465286
153159428282 332322110298
81326883619 281041911405
113541742859 150764160340
118013321056 323737092211
81883591093 257117915775
50136941822 137206534238
90349240028 248510273237
160462647902 311694687524
135702687951 326171760768
128502306336 145889867580
50812955540 87232812242
118845991553 274272962747
2917899326 256573773803
134051909164 209683213725
106827458188 292303211894
7708528136 182260300030
236251571571 325320315507
93502042874 148087706746
85182660279 169153116893
62286677742 213646551482
159935855346 293072687203
139379513333 202631022944
127590775682 308112482091
123112498540 123950157908
16665038534 125148566158
39776380335 186123753640
35479281147 302368661976
44250526820 98207673668
38872135333 290724864178
28238829029 276713026681
127986992660 244325229726
15765377432 66418514988
27369119962 256521672888
225043841662 241128115555
226438160847 330855267261
204882812698 265113821590
188158692462 272807828361
30628975925 201355380547
75881146117 199441724472
112132091373 239635038519
57479492394 61776333694
57381274394 59061015797
142365845303 250144406053
116892742151 170689796702
125736564279 305542463161
115279331769 320765177306
187427986830 247300075461
108989094111 209098548551
