102400000000 1600
8580886349 95250080449
29345115450 59046893987
23909222878 101059725569
45155767611 63841861476
132910346 6278427559
17059226654 58454214145
80774057062 94846299961
29562156066 44387584455
15136098778 93750169989
30265269166 86206119640
67740658502 68298355633
66394803360 92715411899
50127316467 56678733187
88836751641 100165167794
56339511814 96413738838
9836118124 89857199686
68678809633 101619279694
76985883691 100675996491
63778128927 69496011396
1712314666 47010777942
18171830212 84381480091
50322619565 69749658178
24784987441 100712044322
22305556104 63010541072
13048444789 42661560266
52676478102 80718576040
3211539918 74298376453
42925035812 73856872895
2305103167 42398799986
36997850424 58164160864
36298604647 64778777539
6522901517 15237252591
88628215933 96424983403
43572614904 68002019070
57672905888 87395997797
448926200 56163887250
60561942322 83785350211
18492232830 79701328483
50257536603 89042680912
9268160169 93822386717
40320336482 59087649323
54402283924 96134172688
47191241143 57865293014
60531701921 72160093064
18758806547 26533090695
26027979011 71875046670
8602158937 69364176608
31296072457 61237330057
35122979291 53379852492
58410438599 68735494980
44454579458 64239929140
51411199665 75540315992
31223429249 44559434735
504334047 92802035756
5003657155 68119907557
68973671046 100677831617
33080380355 38970501360
31583651464 67849360450
19387793717 76903901460
15842911996 58782735946
15439881722 69417459082
17184507100 64918630487
76523619430 81632793101
3217614096 19439755500
9380839268 9543141341
5932761567 10631873554
8177439535 88075088325
67866123439 74564586944
47333685873 74403564658
20098241864 87919420502
62572202730 86341011298
21432370706 45231481417
12269345901 83094851569
57638902540 97715801560
423005984 54899898862
48292836474 76792567062
40048734004 59810830205
4663877335 77613900504
8891001145 35579779038
52793180952 65479030574
55320468644 60512380098
13645209014 96066329071
45459415917 97814171089
18162633565 93204812329
65052106126 78891968410
17882701935 29348327077
20721997407 79614548958
10161196706 11536510792
17891419015 53805602724
2053346372 45369489213
226405417 68594690900
62481111392 70826798445
35973325407 56925343900
15534173025 49764210103
35966302668 73321918105
22587050100 94245633985
83829105024 101124493067
30380721660 84697413656
33137475983 57648638321
58802230246 86120827315
2709070019 59053034826
46032368343 48033072269
17575222496 18675710370
26142304872 79104850751
29635014384 82155762791
16860764824 50268012319
38339180320 72550200155
20982247170 68701429851
2739892113 20744387324
20067007286 34644138718
14457761827 94354119981
14102097251 27224795418
19730017526 24257082028
8462158243 9023204772
44363641196 102221449562
75678261606 98643656260
25361150294 83582856489
48957955014 98416043884
64533710893 90038774010
69277279993 92071727953
72421955362 86126015053
5464265075 83388452830
19597403999 86734391941
31228025004 52947602371
36220904880 61783384538
17002755930 67653008948
26389891263 49348134767
3145421747 100149620530
53716058461 85863624548
23515093234 39487257511
18855055334 98845744770
40264865636 84605320764
50976717685 56228374480
66157420655 97905265804
58970650504 66774153581
21808148846 45193401678
40578114899 97422827183
41587480791 42394934574
9672097652 37849961414
74000445818 84337399479
42035338287 85658277271
3516491525 82267702494
26296887640 87227893774
17193971563 47054215958
20019499199 60272388121
53405582898 84859588531
20697328842 58170249972
7829387799 26945172068
49366902565 62425166725
18496970062 56512146681
6262835704 85144896550
16163095097 99420198925
661592169 22419024613
17276840007 63355105366
1096872531 61375441412
57384855262 95949472030
51769101598 53233844047
592422721 9786970834
34239534533 82021356636
4360168308 99126814316
35129656252 68037554085
84023783748 98571807598
35870108312 85922457781
50413620789 68347401285
28996258194 44855534745
21025596699 72755687360
30439157199 73426944287
35417889211 55253834504
55024257753 62360995352
6954037319 74006414822
32639564250 94262318142
82834663263 85523068711
75813089003 79354399951
29741362085 64532717390
1201136305 27333327434
59557532221 60762899191
71481554350 77619304543
20041788573 76878031564
33367505528 73456948356
27547683914 32145910030
25582663849 30017350530
5676894812 81279418764
5757377654 48601106441
8430503489 93831546001
53736302609 71612891018
62915566512 77975331726
52672229266 84433784706
21681633801 71766496268
29470796165 38304930078
37988491087 91180982540
13625124055 17276598749
35066307177 98018330150
61617242676 69391256126
18569406506 52517854297
5161780591 26260456268
3560990784 84632092720
77728748138 101361383222
69316167312 87123044008
19841933543 70284009083
23246944652 90139011187
9538687509 71272927398
21142686911 79086127683
45090189345 93734446631
78629267764 83682486646
3441429798 43296729959
7915111361 92638942355
57878642795 81077114480
13862467735 20299085682
72990464288 93004540582
20129498810 80659760893
10758151051 83065811377
4156452966 57299382927
41553115501 62228822618
25978656407 52602957771
35093434103 51587345754
16215906655 86514445210
15951171670 46034105820
11967828916 77613221582
24730004844 72981098583
2141357754 65398392187
409972452 15846090769
41466293155 101756010155
6207430494 28987840808
1166433875 31031298465
7717918934 47005291946
12330631603 12947224951
13773669558 28541811176
48393094104 76879389255
20780022759 60130352613
73410408122 86690131774
30677850901 90197437904
69671026942 76785094340
46402734954 80022540947
15791575904 57482947694
42299384654 90701564434
34425213194 85401710520
17784805911 25005425937
51689189915 69904271920
67219785933 90473548331
61680559835 81442516528
76880508653 81502150950
88429855664 99854678772
78430198333 86868996322
31176044588 60870650672
40228429943 62825850384
10771277536 18425859543
50728072802 50842429916
36519291241 75497581171
58479391336 100318397320
75388721516 93686248387
36960345566 51020287889
59731365071 90659129819
9088394539 20741337795
77514845960 88515428614
56285408232 98080722547
75038865317 88530722046
35722408653 53535944141
67721261774 94417708012
12395034167 18567775637
36994182598 57819745464
35186826746 83318309925
79953077736 94722357457
12243816540 81661128538
13758476745 76619211441
3933595471 37115232780
21751603420 84554090358
24218604326 51437690428
11162264599 36626580144
18824527101 100236125759
16125914703 101031827970
58722611016 71319099681
48429287466 78260829361
29945324295 100154176898
3221553621 37466228780
3326551104 93221533422
16917964105 42742211236
16641168510 64994656066
3765889742 85295204817
27087199023 81276180582
56600551790 76433324355
20727234291 21845756875
76679982879 100886335072
9552279409 44470219542
27311959200 58628307451
65752802654 93782050435
46364595973 84617277162
87606839169 93121899933
45096923460 68880192390
62775082137 97113192385
656941496 101956343939
62389737029 83229842875
21011504295 23529213487
4900580961 39168789738
90819893480 92900262884
34199341264 37246218986
35179855272 77849863168
13986269111 85195938757
49872703467 50178830040
71291550502 100439439243
35048140677 86693575428
88192701526 102246012647
20766345351 68842083473
28914317499 29370928815
10062945806 27418439331
85242806174 96765745317
3145621267 70806614138
22146995490 60786414262
16944277219 96354595962
38431983384 43415714799
4828103603 98349689046
6466892219 73868088980
19485842955 100091378874
60661052027 70613440779
31947662031 55322187861
68686515598 74672922967
6512096744 10975463962
26365480617 67896408127
70539546626 102222131837
1815062390 90072315497
24570368014 84660456989
39820229432 59794440358
51466126537 88748455650
5357396741 9548593878
6762626259 45322120183
76209375236 84791001416
45219378423 49417677894
20054326500 102313300374
12840264647 42234603035
13351073894 56651620521
12017562838 23144782072
40716370909 71163823672
16792419372 42495910789
10486302558 48279748363
40251150118 92251996514
39079581136 50418563472
1786591078 50462594292
21462476078 47937700018
39443602280 84658616734
39698376835 87984414956
4965264567 49608715011
65614742036 80698630183
40795309141 67102321989
80787161567 100113560360
18247161066 54679200912
21973923099 81469322016
29573630448 69847784277
12932611419 15796423275
64314249932 78375216356
38433688395 68519957910
1914090820 34036272954
13437775208 97098397292
650852047 22123963725
9966025923 92600550148
25114639695 80513092784
617711710 54989373574
32359587491 90826914220
67712362232 90385435242
989167334 3885414373
35512416951 77669064301
55678761406 59680623898
58507562325 60257348983
37704761701 66304762159
18266771458 93207142080
33959756749 46730316268
33530957443 95105684541
27387814648 93407801540
18020352309 19724100510
20651475562 48627939791
8752525437 30639558923
45034569096 84398583441
36344422878 58944272975
51142075209 80763203866
1947258715 46211402785
4453972144 55063131386
47409975992 72005883978
3128608339 84115734519
24590623204 56606920178
10786485567 22891469632
10515393600 13368319884
2607259764 7554406619
18444945824 87960330705
16476875814 54347820222
7070553897 91588538159
21388586122 52498196741
42376849035 59823525557
23400148478 102308554019
20456798102 46415952883
12127685259 26567379751
5835913262 37127706597
33827572216 75899700722
26083066094 36154237346
2248431433 49264683012
23887794400 97113031309
9300147684 65185412298
7726090993 47470903645
19469887000 57997037532
33034678534 93362131462
6223105203 60412546133
33294472594 50583589344
4937305987 68854260676
3274346635 77854982748
64591747117 82519801918
49077598731 74230832168
12490163433 30230986536
28984577022 67427147578
61869883906 64208913225
19208713484 74966783771
68082530050 70895274432
606631161 20626395483
9552237016 90365270796
49501413494 50689331341
2222070283 15456367439
27444298057 44019975867
62700880628 67256655338
29259316571 100070632853
46501131330 96976883395
43841571467 78458218863
41912649709 60571902470
55595175983 72822542571
77438601087 96929510425
3193338043 99408836209
73183386348 76152377818
754198303 32370918939
14758382554 55391109441
22435811227 29483937302
52887205360 85716831289
61571920851 64877208800
73299835872 90097622444
20821307689 102323913647
51004781624 65764378043
20395136170 72547570538
54894907067 90043817560
3335378717 43048929299
1287189872 10087825449
12083893263 49280256376
41316408466 95942155841
69512047075 79891016759
25466697286 83304695676
54057142659 94157436802
62702287100 69554693517
33188128917 45434548771
26608384653 56230818161
28407802799 52424439594
2412390761 91960260028
43212704608 83617772136
14009363536 38008474499
36863125430 48849275788
80308409887 84784983673
2018803441 62757088567
22334347442 40219087768
40585235218 75736327362
3468002522 13203907613
98497681448 99922453398
51126857317 84559925979
82644217203 99030573006
6454319849 21011228744
45064935589 74743398844
82915190478 90984440509
15975867084 38368987018
68945988205 81372853520
26749058747 46183827391
35782824970 53355317556
22826982474 86344983144
27610757901 76796810421
59753081120 68803679739
71691779013 97640472943
94450548232 95692300301
37740719787 75822368097
39583910636 73381614638
56247210917 87082454888
25378473259 62929422757
29122256015 68773442760
4272001543 95944821512
17525926750 96237337454
91312477117 102092686438
23170259234 49365510584
21410261260 34245805738
23369950282 71000700174
11722034278 16337913527
15963252934 39148142389
21902820522 38764271581
64231442936 83853156091
2058243993 87170457400
17397928873 91583394679
35812227781 100614291806
48246400686 58566751298
51760979545 85595054103
19865605921 94776302707
34020440806 97410141028
89402868377 93025245490
17151676973 33161870289
29680548797 69446287072
6384360748 10178797536
19904758750 64775936254
89311902362 96077358549
48693890256 89124480321
20147644891 41526127371
52887828933 57475224319
53952845927 94443521863
37690393844 81198486402
21301403920 58932894818
53730805698 67703678490
18769976455 50800103646
50117828945 86273551277
3777295796 87065837235
62770905139 99660104592
41353316392 96367993076
38529980487 72087872304
6632978159 85512592283
19906130647 65770984554
101105663636 101210269665
14667630600 89076459113
63265343136 92273803705
16010560029 28607824788
32717653479 78630743604
57625067029 100154741154
42157762936 46474927232
6347185543 28246600090
14376607405 59901795204
14254914048 44187876192
54425965592 83001867302
14031576176 50134773739
67531175776 89968256377
37215040640 65560754966
34637563911 97154171493
38342574774 87988431169
11440060540 47367798036
65464993493 70660004474
33271512317 78118258010
4812243578 16306063691
26587432111 34953959259
74077451980 87421242709
17789558497 95257359300
12710164329 72202646065
28911482827 75944125814
20405413667 84519626305
35347927312 80958694342
16179721622 75825129273
22881091193 25126233838
70930911167 72496640276
4121465817 20434390767
78983582014 86710885972
81320856991 96992688581
88526405197 99910734987
63544130217 84941025979
21527150688 76939076828
945581440 23309174042
14019802365 43239611834
11182803063 30469548971
36108992283 54844701118
39953427181 52637868718
47103568714 66712436605
48991257294 55927516233
64213080941 94199216564
20152496176 40809079374
25408596844 95070072700
57932994897 59993663984
65011456060 91407901879
49295340400 57535527957
24911862108 87303048712
19338916702 49847610203
39768332662 96751663159
38104951767 44954495217
11617594081 74046284177
4979392881 69563866888
6633989434 50103711017
4921981940 30036820379
14418853210 57942433581
18422380491 34367266222
12454975897 60013317045
75145236177 99959462714
7551708778 92780402479
15794901011 74401237669
1009962792 39266075486
7840086958 79335729277
67110757859 97759046079
39941968609 56783595286
38325160808 91785495002
95721411641 95765314535
52546693292 93374092229
28146321389 87555232989
19789860761 23874117431
62392091601 100691864469
11027001133 48665958373
76249276383 77050157013
1797778774 93787229987
85430893700 92442994273
10374277373 57532722669
74155930644 93472383203
22011212877 63260914456
46019902536 55231341207
73370856993 83338306219
65929907359 75043250236
70382977593 71578216874
30044777612 59452128479
26292291283 83572080468
51067183511 76298362213
30748912517 97279391623
3759916481 58253909080
19227327713 89420995479
41343551534 62908358212
51046041270 72579893604
42604780671 65264982775
19296509100 52960862365
89853460578 90974513158
1863125920 26508123376
11069289736 55646330920
32887914780 71467017146
52850460150 101757697264
9438701187 30166590949
44056474431 99891628068
80872783474 102300376346
52711611980 62887078167
51559158959 85382677704
583457715 20002011712
93556994046 98031658142
26972070321 97471115593
5753926502 49670703054
64771706090 71753417605
11727845588 49263077619
49329014759 97380414425
5226937517 90584846700
76404904479 87646877498
48098251400 89664151572
46832108527 99254013221
23050747115 37255325406
64764702318 78700281584
38902016451 46086693261
68090278224 88568062256
7789917636 76459947356
21923182262 83371504283
61218394726 64199550714
69063272095 73167183945
45431140389 73472329049
93787093817 102386601025
54822484782 65465280270
47944204330 75321058181
40705722392 71519895616
9566181008 55669496941
25594122445 44844846407
7180430349 47027637627
77886147097 78088705584
47016577707 96690943830
42728802329 75205566188
24634504672 29929991362
26852976235 50797582981
40882647898 91682118124
46015002204 66586674302
36067385290 89633362954
48657141741 82135257774
86023737126 87695143614
2283812123 94235356776
68563692638 87771384885
81967624199 98189268236
61849167163 74155956886
15925239536 50537632140
18952044614 79737177851
29833104284 33856788758
2186199093 84053540283
41170674589 93763345848
16504229399 46964323209
37140954120 69472766166
57549128222 72266108980
17939572861 57045970690
7699267275 10740407359
66973964669 80573718467
66974384066 90928128912
54354204509 81112114243
50614432624 62959816886
8911182100 53869573030
32981097994 73147452989
12426358344 36675594823
7650320979 63077449581
47828874724 53986272658
66414903459 70183560665
8917055603 80313781180
5824233276 6597819207
2902372949 15397157060
66996382009 91934237652
49265511410 86348707941
11027259810 89072921490
23988112579 25882539432
59573369661 66200231217
42106552159 49032508567
27176460438 95246214808
48241153815 88780955764
30480631162 92393123538
3773427106 100058977546
50795314661 72778291934
47431045933 84287966909
35856919044 67305156179
7063400508 10142625465
25616740656 83728693769
6150179951 84927121102
20814616785 95714556424
8981221235 89168880053
5899689846 25071608470
33276145192 75550311021
2153769749 90203311751
9627165649 47367487397
4453673657 71619849333
41683150369 86591214762
41447815335 50228831039
66500889871 68456627202
19278355045 74218728844
15362084925 48930994998
25706830180 61512424667
30519715502 37877868036
72775314590 74621469097
61782993395 95861233551
38772255600 86659392295
18129381889 56162679470
62504507044 102042382699
19085341521 56877472649
34130500748 74992068885
87909336836 88447179211
51633584 50590348901
11416945392 18501241600
77750921343 93459081079
26976586902 80049844075
16157886783 99799877959
32694040841 35376841643
36190068401 75247669502
80929451711 92189590404
24630968336 58709613668
52929167352 92014964721
16935722056 66794311940
30444222350 78349973817
50586717602 59907686023
15990706790 58238055881
49112351151 62140756655
56466027932 85166954238
37556959077 59977055881
60811600650 74828645580
12388623612 55263590876
13851323975 38001562547
25060050678 54313119761
25171293321 44175354423
64027592609 96305469429
25849726533 38628494920
14022415298 28294042296
4681728747 80604492935
22520183494 89736128535
14077015725 16807561198
79272491437 100751130551
39234596692 76058810172
26171309761 99542606517
39853214470 83282831498
4228298383 21186804740
39599119219 42552850549
18077719124 79678320332
56815366310 91518607167
72349396922 96938134331
11133983015 69160063264
8892146352 9445171275
22886574775 41509403635
62381006697 96226928464
9101502356 101562329521
13982869310 43268333431
44986371304 101497628148
39237602982 42417807865
28156351473 58308318784
55981468567 67339674477
78148966711 79751147394
8717393869 84661607303
21572834516 55135455876
3513177133 23604172306
16389081200 39479800017
54801114582 92939421856
32704416466 93580525563
34453890345 99814007439
25488421018 48136535932
49848267378 100162918517
33252943818 89820235806
28890956209 67341960908
37470045137 71354689045
28495229805 61295240392
29839132872 74968911846
43872904101 85337709733
7706574638 38794180712
2541787174 52774697615
20744842490 90281554258
11105138131 75738743661
9678256958 51699391772
2673237090 27562847142
88496794675 93511347613
41691363713 91304884641
13297931729 29270406423
25080558834 34323218633
4988388170 57443724575
8258354386 83607551987
78922605289 86946670868
80369288440 100108795581
23425198534 88640141939
19927239055 59779343056
17507672965 47565777621
68860023756 70624077382
48375001669 82829481668
25583626842 47040362255
11165310559 35154604051
44156185679 68154846179
53811706315 62576441399
24461187279 69855430640
15074599082 64623991117
47461013547 68052410489
21354936994 33943922931
14286961746 34742650217
86934786729 89594308296
20991448344 82993421940
51404849746 92568586360
11695786287 28294692787
48216976671 89115366130
29083075957 42989842910
10191840479 27048660046
27310067614 82885321559
66234860211 98678806851
52546467126 88357478400
15958875420 39945026904
42774734889 50640072905
98275975272 99300243116
26264047251 96222688991
64073641461 73117139246
10499223284 26187992287
87239160874 97244224173
289230741 86674300195
16946999313 28236029252
77268497339 90901166316
9827353298 16761633797
46257309129 92119968982
40620404602 85930499930
19699590063 97914325012
70212554544 91341439359
28945762376 59178088051
11725270278 28182273211
4345724164 46591197864
26792212523 79276302599
48153290628 70904680583
11877020363 48626095129
29054347889 57500041230
95004453679 99393361413
23744344735 92477257176
13216197916 50161185236
52348765195 66197407326
10229053362 25542047315
38276103390 44887437098
4909599769 30979807673
51437643494 63284621595
36274884948 55956947605
24589858821 45229121917
32881572843 61461579102
48418327099 49039790309
88861673727 90306636187
76657784644 80259997908
25059918313 84567817230
11884322745 56683722018
76377791983 98165486654
63790558851 95499644278
7913542089 61877541443
4926615165 29558854908
29346729940 35694582927
10544022401 38094816700
83211175252 92054551943
7489117938 41129634802
13707809515 81044910532
1439275297 21906254322
30099856671 79365645116
34153058054 86998295394
49036196513 64776522875
1890249073 15591721290
27312439585 28759453395
25011488912 30143595979
1601776328 79412867444
40781958057 52210830435
26707242627 41821539103
11080528599 47804669847
13800616377 85215298713
4974238012 63445590524
9650782142 12213555451
74969188138 84156868645
6313604697 20641938331
27569887089 38566512129
41302098549 94656711917
35922135765 101134006638
97124511040 98777386236
33050365070 62809866151
43226595015 101550375768
69992890133 80308261994
2590888369 3358614824
21240853527 35573042362
20648249578 28435698547
46948257048 56095670464
2225570140 73358040744
70991316306 94510118558
61870096585 72893121709
59153719563 84306251647
43862105111 55469182635
39363550921 62106399740
20519118456 54936370340
8522739834 35824559427
23124914619 30392869801
20881179960 51943728229
36615318833 81421913960
9527327164 81092052167
7245140504 32901783702
43696851812 60971045378
45985877252 57671744211
26102993108 52626911765
25837715056 32086550841
6552488590 23673117050
167665732 5484939086
36313152345 53385002899
56172992206 90668797857
40898729969 64140024097
21721060647 74933830300
30140582307 72663109435
45880371984 73862486786
2141155107 83038585708
28409074711 37409498997
63304553441 91114586153
1994090120 52892108607
77924656761 101143091492
1693729630 90783429214
86578255837 97271550033
30620618691 64707039190
49551278998 71898780907
66784281500 75569457046
6589526193 100459357155
32564755600 67373729850
74941118850 95777219679
53157981758 85484082694
30673821991 49803168313
742214303 69936671084
30079514989 63649100142
43900928412 88976340675
4872864748 97101931495
39205536253 80540057029
13736256528 86757482390
9133823287 76781162440
25575703084 89741780490
11746868044 68265358660
32790148736 62126889447
22048856804 68688759908
42567754659 43952040556
2509080 16378649908
16734268627 94001673506
13871768924 23534731277
63965268353 80595149782
88702116161 89163550281
16116866790 95127446863
38463101292 68215624057
54895121558 85699331283
38090035407 84731063597
11448485927 72513757083
23632129380 23775216554
7207875980 69114842814
24850829959 87092994381
19019665892 69402386590
81178924949 96264817468
32436446060 71550199713
1584041986 81872653379
60990211809 85249050137
73510127020 99650755423
22924221727 93333279434
19166368575 26333422637
3954438897 57682826487
26436496277 88479733492
7990780523 15297922658
55794144616 73551037023
490424978 41504043361
5106630354 83266421290
39666644072 56733326000
59545094905 83309369968
60814610719 92568025577
40819289745 71779584873
15994469860 16067585326
39010735985 39587092893
7680087351 18185116668
35353483755 43106355033
23301706437 35949111602
21398429988 35854956098
18430151966 71094143841
88431376414 91398324071
22481748396 47357632900
72898379867 74607151674
53104730602 78480476095
30928658112 35403575284
24709374710 97187748973
31568691047 96692383449
11020512566 74586582036
33578127621 50957650508
20084404104 81479854746
62110268966 69491624472
60224765652 96083867738
25860507848 101258182356
5228018732 46142731435
42838698494 62654166069
39232827406 52164549487
22701091120 40223345372
24670605449 91997706001
33557776065 87106037605
4510859775 83060724090
5591413890 56633676200
12952814269 44691429369
73835967546 101648273964
11818983773 53044270090
22440227065 23271746562
73536767468 86249089930
28644080744 97405491818
12885473557 21605650520
15075778751 42456422268
71331428849 92132802819
10562702535 97934974715
768107572 3624269523
25063636878 91826230768
18060258159 63845799981
60025699566 85948718035
1842344142 2959465461
11858341768 86672297213
9799275665 57223046017
87826536789 87840429540
15704741173 39542470849
76487384750 82941102898
34513661888 48648904808
97169651007 100353998368
52954419355 72375289730
66694237335 100499091587
63542481922 69921017485
65938150817 99340911047
56915371323 78942440029
79631545853 95486758809
47151267803 50509408298
537821554 99665385959
48823451120 62680476541
31118166695 91067298992
49393706743 57038320552
68066448087 80526963387
32393136716 84358951797
12739343181 39409259404
22391316629 93150651214
80414805447 97812951168
54545417783 64960212621
17029827982 41382146976
11430984479 55423858500
18623812415 22174980815
20370923361 79752667725
6968837382 55854851731
22998062751 84088397549
30285680471 76060591727
6194995347 39659570420
63509002274 86393471911
9220891443 16141566248
32368025842 39139625735
37539857871 54496916378
66495224315 81721382375
18167370965 89884886211
51410426273 86994700355
47248573987 77584515021
70995622324 86638111209
57534210798 58013143918
41340423394 90647509890
58809321766 92460452439
38738882358 52621461076
13683217008 38969478931
14395819791 85852855265
20466017481 72881668157
77152500974 89137135837
58769077084 70890810733
38477186408 75055236967
12421279815 89573401815
76516238558 95260305522
23187766705 94983229557
21274619998 57682721367
5627381159 75200613695
30317118752 38841523661
836308927 55905370755
57405520785 68360060285
43918902962 55176412138
41385051376 60756669541
15288776269 25923632187
13491995982 19731208116
19367310197 64796022778
84465138527 99903605732
72006157652 87990362704
71223064165 78064811554
42278643293 67043851246
9899226208 28391738517
47670380846 67523481061
40303282739 66159799657
71760619007 89516097877
47712065310 64347867414
20843156881 82155608798
21812584125 37645038619
10442205581 98644609066
54014667938 78144487777
32959805510 43311308009
17340126738 78928995204
65117530634 83818856828
26752709838 32141445747
27774141316 36965094409
36610684120 51099635449
23684423976 62404494369
77063612307 88996062151
42057001582 81246394564
28169299699 38427581192
51367374943 65437458082
23017683733 78085095216
15613984295 60694628944
36349193149 60866288419
36656680372 72930589834
5044732778 33655880059
28707633222 45547933813
9999335125 34291580690
8097955184 48027357583
14815982156 61655566045
51075851697 58542490377
8797633907 85673344085
17635516888 50867913011
36491657772 44846827199
3169916066 82267840189
74135313454 97812554180
50445916274 66999963915
83785330821 100677718111
3387705849 14771319781
73009260057 75825607858
79178906201 82185919421
12806456891 16062981266
74319166791 90463348352
89989897215 90327150342
15611863103 84969043440
6955786671 62720881211
18815059433 100581265858
30820326279 62774409887
47187715986 51697311553
40725754772 89132209040
74769856999 89989607738
17850616186 46387906831
10822053410 12388050858
62866024225 91380029651
16289979389 68914379468
66552438454 83622090814
1893845720 46887675503
15641663633 30261444772
62783779424 85743664793
43603402552 64915301062
11518262229 50196788200
30260637469 96913441291
18946340826 85390258168
3992035623 80286855755
12934543085 41896438001
9665759971 38676424422
6700349263 43423810074
3812376056 95931050988
8986788458 43266421689
16114099458 80891198884
50172940734 89961330923
18931497872 64643502347
56929073449 83632970374
68922666641 93769314527
79459395716 81233935149
72755879160 98472665883
26360292223 96109167823
7078676982 25557236346
20769051697 100303202841
64280868089 82231034935
4700560947 77685020899
9889636053 18137839931
54195076142 78554266884
46889247124 100618762199
3214916622 78630195064
5647022459 23414207796
70557195876 93585279623
62035971195 85841381273
41452385395 99510091325
6730954107 30167090791
88285813813 96593578117
5118538972 35240918537
17816479131 44867955869
15038585534 79822036901
93226208108 93848602904
1006355576 32085787034
29461868429 67747024178
82694588635 91486585077
57516383714 93366750303
2145229349 96622069727
2965768725 36772913009
72722504824 82297486069
65916462827 93879021765
77590591045 78851353780
32228094893 102310954804
8567333989 81506334914
73379936085 84769898405
13382800661 81840500627
27174650178 78892958705
13982463176 78309262120
64191099920 82131865319
11577948196 77268695555
29165871680 65379625966
5234487413 97185881153
52581329970 62691685783
4382830403 35181844731
67251105264 89887396863
23462162729 87630002169
74192604839 84508761035
36470661803 72296511409
57368462607 78348426411
45029042495 64951310854
20380817402 32521788452
9489618983 47660042282
258781733 41303917536
29589618465 91146941012
22036927237 78534414540
28766324697 89083527474
14322780091 24870472629
30262204489 75168452905
66889809815 69344777099
4718009275 81852606660
74141798569 87527815109
68585034967 94226495302
235066109 26543422912
13598935268 78909285388
7795210620 80963556817
38205358858 50702120408
16422448223 21515695346
48106405432 55198191501
5224039043 95494218676
5871711036 61613319874
21625073238 53394169678
24679043663 65163332042
19223888671 33048146401
1909024663 99375868239
23667631343 50252680068
36937463125 53963986402
417400647 72328865545
59071725433 99682082934
91657190287 101867086154
61872371429 68423435868
55641617778 57692236408
58913695216 64677363322
6888916888 97439208528
19468255414 37041136983
13117986501 96338433273
70422425398 99005938484
16912862531 27866536153
26250453117 99599281179
7850787565 67741705864
9987427550 39774506106
44268383930 93919884462
52718278439 78819825132
50432121693 91308546759
47871897616 83583516292
40913530126 89970423153
83982445846 92172494536
27800850623 46285614363
13179882422 80352601491
78368016094 101716203315
32153452811 100505853557
42267170015 46374484949
19291249823 75886601221
41055995096 76290721746
3143863193 67057246802
60939307119 79085490885
8099728041 87765666043
15162323594 67708578645
18339529874 39205325458
43082224707 98669513525
89213777029 101118427943
4115224666 4804072745
5212289354 51511374915
41816588392 70788223649
2124006812 37193272183
39901801441 79325032355
76405727187 97336594982
62973550528 90075966273
42990157273 92193446128
75301268936 78965763947
23088042044 59460054923
49905176322 61562214171
43061352962 90281041506
8912517391 57531255178
45113163354 81974918333
72353952454 85019899829
54126804111 62071428885
33263566149 67813823302
17928162673 56143647750
38016106020 55773648019
42668811482 71865036768
27605386236 49648480825
13816179970 15041717762
49842763757 68492629026
14610083895 82043216427
1983903659 58821956379
4181463342 95301988138
56316520046 86899214031
4392096462 12610214492
16123868536 90970435694
24992993356 55862015768
52195640005 57469956342
18887922917 72096569860
21503950658 67955412086
34674666016 85045081406
21788609132 95234937023
43060399952 68231827047
45305671370 101303786552
25595420463 33640295134
5611571532 39191682860
10843230656 90827708877
45462292018 83754847252
20922090869 90437751048
147014057 93784049362
5225690385 9009835160
9373960109 68416577200
62949685625 68522778111
82464274493 84254240653
12381572758 92676099712
32762308245 80526845126
18292441037 46364689914
66638150990 79900439052
2358012970 92984818460
24229100344 47123634987
1774442041 24679990873
25627334107 53947072983
51378106033 62737481086
24591964460 79820024818
54393132305 73515466463
72693827861 91315306808
13452472848 48679703259
53501093925 85448783200
90906226826 91619394403
31789349728 62436512660
34279558637 55859344954
30244059065 48738191083
14082011870 80079641934
24361117801 67825066045
39910583152 62884625430
11446990137 53579578336
55586530257 97073901187
26231452477 82924787853
44450799790 96529327735
19858488520 24168967973
53268599835 86589864796
90671020270 99677955192
16462245788 66538660571
22723428027 49984416203
67347069250 77029687668
26929758039 79121592728
71448827154 91973683862
20812300691 78202143934
9761714348 56056081539
39126263090 96679009099
26075341407 101161444953
76032276078 95694040692
72518489198 81868078357
58754843912 85256133635
28514928517 55575085040
9927537590 95767727494
82303396192 96650948025
4957047526 52164587389
1098257564 25989358320
31708946722 47077877692
23026143752 94957851975
68121204270 74676697686
80454591513 83240171464
55978690265 58011890820
7104943411 34030630800
85445440854 91345755329
91631861360 100819762164
56054306344 59914273534
13192738390 25578183834
51812578461 52111847696
62928620052 100893396327
17503343331 63207223620
21039355517 45736698825
22282905760 73856027870
7136488011 44957722112
4580478330 57784340369
58689007163 80831055025
60612776442 77763620178
16189164551 101663456520
1944069500 27169237048
7416798760 37752494141
55610080799 82054362623
27916575699 73222583998
70829147603 82530800081
35596802052 66578748990
62959369846 67615357720
23757741436 47865234076
7579117613 100121574115
682066568 80475007367
50262422396 95359791299
42518261658 80179088719
25905373811 50438819529
27525967290 72665063152
22552668316 23221756086
44146543580 57675946668
74212731086 86039089679
6246256752 71890036436
17177032214 88462365773
5850217198 82582748157
5893359511 48972390803
62667359691 68537874514
16620144214 79480962946
58550898971 69577649870
2418020387 3875876401
4734711064 77868582969
50969725666 83601363014
77022036782 79445167026
29449108791 45371321039
8425207920 37629866325
47571406181 86453627752
11782615701 98496353119
17964836656 26045789568
78511370077 95724333337
32246183272 73146907167
3143515530 21875976312
35030953095 80847855031
20578227096 38347999423
305715437 48166908875
10955063214 32726899394
15969219660 82018897574
70768722127 101943045655
53476013063 91256180579
2386252021 99399941411
9236405091 94914469802
55815303144 85225913811
49481596148 73293886678
44602395967 95361202494
1164822292 13833455855
31284049730 66783139301
53838996311 63594951515
1435095656 35621725700
20885467453 73202714259
32998223495 97686783903
25942601527 31714320849
28131193982 65921567431
53886634386 81133081517
50177934916 69611525521
73953232168 81014702951
65583249048 86984499082
34975933688 77447556802
93196685840 97571395703
8759426856 12896560823
87917889032 91485725170
35287357219 87808777270
32634692656 79615009942
5521373777 29349169904
28803546025 56489870929
34690907669 35057014231
22994523557 44532507314
6809581104 70179397592
46969865348 56385692870
49289512615 76742720757
43048227017 68623772348
27383539891 55041701246
19604253840 56170798800
96537573161 99988030654
28962215309 29400425281
31789855619 82658618458
18676621541 86354072891
17746940465 59380165476
14516190143 36924043643
10468450769 60111897250
47341350963 94445521592
7728606393 46217213356
470148111 93945327460
43623059550 83316795046
53506890643 71861893698
30281041676 58664096269
71417877861 101924546178
58170047502 62334263701
13899395237 95440402321
71186176890 89226480406
59209310320 93869655964
4729005390 83326321196
48274471022 49825239880
36037019576 76487386352
26070159646 55882399727
28857786007 49920691336
62748150743 82274512193
38682241609 46989914949
19949751573 24500243167
7738920043 76746525341
18114492007 40338947458
5169131169 57053444497
38536964361 54012971682
63264969430 81562396882
14837383332 36443546010
48053242952 77323715644
20829861022 25287119403
17986769968 53081368790
3743119628 42664359092
44041648307 76558652301
36080250601 38895742647
44060922618 102125522020
45477484406 97555409329
49230758702 51657695155
30325084526 92760381709
7129484969 94945745385
16832638988 20439202639
27045751369 40296368942
67945069492 92683579578
12578037127 17829361813
4394826614 17228573695
51889563199 92426867414
46254497218 82586707203
3517275052 96819188077
15572804978 65638701379
47677213941 63737644934
18980493185 32013643225
3109434416 94491474955
16339621148 96175430297
30797891719 54798331687
15220042593 40330699924
36827162324 83373860462
19133439933 46172937292
60579563442 64283959947
69905914236 98610424687
14420440722 46396482327
49241842401 83075076233
19012683905 29790677574
9230619949 57768889339
27899888143 35636673075
27783281290 71165464348
32156637303 32488065054
63112070341 96291556624
10232527175 56029900324
30090907852 38259845572
45328686801 57977030408
19819838803 79247561855
11613253390 100352466552
37065079239 79913171779
51115484517 68181979628
12155608045 25017585471
33327868520 64828855566
17634487319 71520211033
1067666305 39885488254
2017357408 90524508245
28773177401 88966976131
50426944385 60527397367
13825687829 76226067587
42520527290 48412362839
34816698737 46207502720
63920313942 92404183943
44775967758 49728709739
58068670542 72999821798
41467247706 96584805361
20309945401 74656290722
53818342831 73355956730
8457430141 25943132725
18451878855 55372730125
8995737674 47896471682
16244321347 68248757106
50291803985 65147289770
22382009014 25601160545
7088426561 82891956685
15144076649 63207918500
7126273783 66134614447
3593772395 100327057776
22179482130 92462931773
64174052645 100753034093
13464687337 76752606515
52207323024 57484014370
8637667997 43687756017
35076762732 46836051618
78642629835 89817079273
28902754479 30381401668
34108811948 91057115454
16227115199 24403901798
47381047619 89720565817
62230620345 63603877427
66309279812 66405372214
78141065514 95543135871
5963298775 64672571928
37285918598 71251140450
5281026550 44569984862
349831473 31072086162
62876496369 68949559728
672819072 78159403067
27547291743 37458682787
1296285739 2992685219
17121835866 72568720613
3361277299 15872188187
28516439939 87495644164
47501513738 91622705522
3842036317 15956157837
14575415359 74189320271
19336261597 99763111760
22088456070 99990250622
5381229777 49312894315
40278320487 56498209490
77467161330 94488769873
10685290141 72336592982
26028608248 62046146335
55257557216 78651883286
28745389352 33226476511
83484128530 100620531039
26528294274 88002147056
2248972452 64124935929
45615209267 96970207663
16392997807 27355051739
63851124829 84223580142
