931322574 390
508240063 618303579
84648896 451166862
130815507 870687680
265205982 697611166
26291490 168936295
505467732 637896276
700714424 814958790
156449655 917071547
512989911 886254185
17922451 328225442
155213725 233974461
322310986 625395589
680549550 717528474
410655222 759785924
477969193 503612100
230874046 666642484
297044091 843139826
412482592 655021393
92638569 662426561
164438176 404994977
748498153 778801904
40362642 690256631
170334327 666638591
58694777 59583201
288093374 847924224
109945593 580697030
173236275 460570715
515804963 721869121
55213198 646831613
532654134 732679630
371473268 380007071
159132870 910364004
63806957 154975851
177589462 179878803
95765968 453267195
60025265 554785804
335196137 656575523
191335029 683974009
28770760 873283318
369558752 374052446
279003605 619047523
92250562 99292820
352391017 722747937
153599356 734815871
4735809 727900807
256414989 788299019
533532087 804736765
88906546 769532770
293566487 586314595
70135497 436648313
181747278 521267995
440827055 609781688
399775165 855411120
224366237 311050606
386667825 921284968
766515318 825843118
615482841 903601737
486053735 712361545
315726919 375301779
47442199 749120196
252707664 704975947
36938750 650615087
281937690 553128916
338312563 441208257
572332368 814711749
367207757 600625699
587781494 677447492
493845459 785365492
231580321 322246254
587299468 606182875
57553650 730608940
400482447 864005555
590937373 754041678
18289444 343026893
30176623 45267902
148757904 381365307
409965446 538478461
392456910 875649924
456160715 481221714
124708807 585616013
582086168 830005522
341738891 619266725
718270398 767349312
145507987 303068223
10931448 795191203
455582790 659549004
69768921 550457935
506267845 512200889
340312542 577017811
109085435 873730124
427523831 611402193
868379566 879971575
466075550 877308159
228522420 688579188
65486890 517246643
636718259 773149642
49095595 801556066
390996900 649108293
575305164 598146947
6144287 32865953
73543759 190106941
684635308 877371579
386288972 916781504
426308612 723524019
526532906 749534758
375755163 394243158
372284492 736300903
422411864 918276135
134275939 857803804
194570400 414456702
451291955 569502312
278043381 833759788
368162097 736101189
267372637 745137085
414745159 730661626
382665769 908619713
93027709 410016319
70174386 674530619
343324793 542649053
555917220 735561410
693496195 775476636
254912183 366353026
689183786 864930187
593530219 699602772
215749644 308042603
326404157 622654190
323256072 570398978
77623775 152692601
550519678 827929886
105359915 627968866
171448767 730088305
295652884 905744075
75715269 674746635
248380731 413059688
12021188 525103529
229474757 680952493
329431371 526624347
78599371 841712272
329004328 671112392
207326684 615776392
115709470 117805598
410457118 725036420
257472265 626493313
214943273 925255457
389115180 783514331
5117014 43159338
426642120 553024512
189241060 862552045
220203715 738831699
16868079 728526247
625749061 893515034
69154803 863193848
254151484 366698708
438041919 731730121
45389581 656417194
691834421 824595140
150700783 516705243
13556577 84145858
432473344 734682606
548913639 619537613
170065780 409901419
215433237 463790632
779162905 827161670
591119886 810929596
764194650 767902202
83279930 589215592
339131313 683875482
124655770 781272921
362188504 401151907
13897606 156663195
87038421 907924991
540068279 712035756
520104184 730880514
296027321 444881343
418280980 562680473
12666046 205173853
562136043 628989223
351520475 387687725
539238526 830269954
539848822 694265471
254890209 368625023
331864130 821896688
228533768 599141495
450833730 569464973
395413229 561007402
95725793 376474627
214526047 812820846
461297724 667862812
745578798 871131661
120146516 413853068
493602817 749970775
27595661 643063991
21458016 129884309
31801605 471544458
163664511 406223642
451430338 800695345
265008585 857322789
142100530 707449519
39782352 810187100
698325946 826622458
69683383 539592219
394310215 867342718
268751079 571496535
332973015 848334042
274417410 699910519
313575475 723078339
408761277 498430338
231575675 272454485
192662682 461235926
83057540 726145835
405983306 462563651
537515173 554737360
16561897 296776028
206589448 375017117
414910170 448626904
76653322 406791191
38683657 892965676
240006668 871067291
92069896 120164234
103540639 608249481
472849574 639065702
473167793 502360805
421020191 595792956
154593878 882548256
86127644 599616672
637891030 899309102
438709825 792550900
755769248 862660360
76332067 321497780
29656055 843388538
391743711 684474810
419313242 617512726
220207682 396891340
133921875 206019073
179367387 604990664
142145457 312379263
398650165 521791729
833169402 907337422
112806411 528973768
593614974 777162300
269032189 734451743
354648816 747724592
116523751 297338807
329870804 798245397
217917610 541059648
522644973 675541670
178486367 455157502
362217226 806103859
166400286 811317631
6768761 190819231
26373702 264571232
438020942 535533236
275291996 792994954
334354066 752262671
12349992 500214159
153734330 785786601
784160363 821911191
231498307 451290439
453214244 878866411
649386788 651175216
205397802 637422628
397104409 545146538
604497918 895264629
474207967 885436523
163813737 808739330
114007048 614785236
122532459 193857918
264560994 761569219
520331871 610258021
523542742 595113721
60302386 332649169
346119359 517322403
231797526 442258329
180496737 896909762
567972199 915393185
536487883 930673142
171157233 445213666
44331617 163912166
395490739 555008613
378822689 889051313
27501829 728667596
472837400 574865151
128520826 441085827
640192659 837156003
502398208 778228165
260528622 495672305
611023478 752477424
498960345 806310319
48568665 583418875
154376391 420929880
517896287 567776873
23393360 738274227
57413112 408050734
662262566 740116711
722778003 828758596
65818144 258250535
808027170 832139690
222934075 865852819
207309177 889229924
173640640 622861614
450328250 642300761
274801240 343867195
434120466 474957167
94647766 326366646
64762438 780130250
44703786 310823711
392565610 600964252
785939773 845076639
656165902 807518403
586656377 766821968
133043606 302953262
39595215 351387658
281947454 323057448
382925291 726584413
145218788 178340026
337746731 423855172
157640717 886347699
169101124 603571699
32438289 335802704
115618213 376321255
261023483 902175387
287203894 366515901
721750509 845494186
351959969 384948183
620422901 735331453
402999766 571701668
742206198 911981144
336852092 829798438
328867553 453686910
3663476 803719370
245927646 792997416
73207790 878439541
44600452 152976019
317774815 337112124
76321580 453774389
823355008 856796886
652031092 762921805
234622156 499497016
744977299 818974647
115158818 660614243
422646001 733896439
157182293 645465246
149439653 223224485
529746894 842608913
167711090 488762440
307420229 537938573
42568638 55361918
164637914 488460573
514097090 725965680
3458327 235636548
101908111 177863346
2924293 168655406
181498860 389121598
76554491 727650403
223813110 551957774
605191236 702405722
169678582 775597089
314981614 725289378
159207003 230699542
264068714 804308391
23359307 141273089
36305757 230002005
41153789 926123857
256999494 472967694
569263482 886541490
265501247 319286555
164868587 921623817
347171798 603734148
309766569 858636560
120706692 163394910
19734206 807414196
367996445 821903133
708822911 909938469
113164340 402516214
67012680 640330865
188088790 252802888
637620320 714226315
444117150 528332411
723272993 887961187
153935324 646980769
37945521 332012544
118531995 854803692
690079004 811683135
700603671 735687956
446590779 858353033
356302360 456327468
509538489 827878162
678365185 762629233
196751959 299672553
181608378 894470468
