228 98
540415
732865
118474
783108
943316
420827
202232
671289
269848
742949
925410
951949
822813
921645
30827
18373
524573
623292
886091
114544
923557
804379
89350
72727
223529
88853
455213
10567
898927
364763
86468
327856
967735
567243
503050
622146
260141
300555
750289
541648
481165
912576
173931
770482
656294
379568
87541
218245
761617
286594
904988
501482
268176
839807
830932
163131
721044
151433
837985
997010
777429
568135
181031
813367
748105
30314
955687
999344
229069
956418
375795
61506
935280
935597
279105
768633
118103
217907
453861
589583
678706
138066
373074
406646
199896
861629
816969
308667
980971
256956
225024
974814
849144
968860
842410
359815
65412
487170
285422
210561
273774
893307
848145
273866
845035
148281
88248
803123
527748
15385
171232
310381
380013
639331
406013
128558
60743
221037
984486
700115
704756
314117
336185
63346
492822
846823
746775
500769
308897
753541
64553
996990
408704
935555
859132
42378
116090
404801
305914
446218
228899
780525
181870
486526
20354
581568
583618
736894
633940
901428
557121
852697
911735
375016
576880
64452
593143
791369
376777
975413
651430
112423
738412
869654
780745
1876
537505
247410
641020
618281
264790
873701
49994
391629
832572
676972
471355
682226
288126
305186
679704
654665
944444
741612
633628
818790
849994
821132
307962
565101
722637
755678
428570
615870
817165
375305
824150
727949
358056
986032
19195
712000
403636
819246
3122
9402
398068
547823
38404
716888
374529
334920
334322
234993
285811
191462
284806
195385
324842
892618
323830
190335
252749
452279
818405
171936
649648
803728
