170 84
288738
599954
587106
618670
139102
308116
926016
794900
833505
858723
40739
691159
496639
436162
10620
359283
884809
748341
664880
727414
749377
28604
416402
442555
558899
186021
749110
477347
518272
667173
439597
716184
331354
871455
859427
14869
420300
647633
655162
627250
774824
360033
868600
68881
395374
757192
97826
364696
506782
803352
646790
643280
647035
284010
131322
398786
126728
301350
645254
662593
658483
305242
112148
295715
575613
522373
704592
630801
601977
152560
380971
525901
659830
490608
423864
323173
472328
837904
947785
282351
447923
214739
338042
344394
444133
137252
476217
904587
870263
137348
968662
980977
277635
976472
817848
363970
130210
221513
536131
151971
79486
740872
399203
407879
469920
859178
752090
419156
362435
138854
222061
383016
424709
685333
646296
956425
141878
290109
101981
462261
947001
812671
824930
97764
757408
780085
40481
984793
684189
963314
905835
584223
213954
524991
303019
885856
254310
467377
131073
912494
99796
425403
857985
740351
579259
122528
318353
251199
557673
951563
321118
773555
207334
464381
380213
235699
360412
999760
445318
302640
85224
84483
613526
578226
873946
586715
497534
464226
424128
250791
