155 129
376954
166687
965282
223724
112461
860297
475288
572304
668937
802684
529617
765418
521344
827525
680427
212979
476792
915523
144886
841065
160533
805207
257603
617587
446601
619300
100104
896850
146389
944761
762985
673156
776643
83541
962172
112626
495105
876775
681364
131685
752017
465795
278098
967277
996492
97792
29084
560762
989267
11513
437497
593105
201549
89194
145142
367403
170455
265566
928171
655832
985368
214620
776831
597037
699471
51681
316231
747802
3409
294861
993012
226170
22888
119247
287085
314193
371864
642992
291151
965128
323556
131352
994771
945510
71776
257509
503500
166355
917145
973559
784477
464388
901760
817559
753293
294120
960185
199870
76731
610659
285655
101868
763610
553059
12750
800481
831631
285932
879078
461768
279560
695867
589693
375334
547609
257348
712851
18765
228688
734518
81472
228144
191610
939930
561426
328385
515022
264770
328886
857509
806204
377936
330902
354552
18935
380298
695623
814843
794022
827810
523913
732566
458009
700663
698350
923309
41056
408842
257606
463783
253325
866414
126134
407595
107717
