164 79
387030
270701
969344
616499
30146
414466
45953
635493
434865
830427
82004
38417
52948
942880
796479
229967
275830
832834
637317
453074
738734
648375
510952
143424
221769
136059
184973
177101
898808
418960
757070
288978
193125
425885
849176
218560
765537
62006
136378
539195
620738
171775
585557
303245
108342
89460
316882
512650
807669
500184
348360
440007
213444
985168
3847
183704
530455
929516
400709
761693
188957
730
955114
17424
312607
622998
99418
629284
913358
378836
574070
348191
112653
58926
490665
19050
958032
786832
446372
18370
134921
792132
964016
25974
983577
658295
425808
872557
93265
286206
29629
911494
434722
86703
520187
563212
536298
632892
7134
499512
840154
892795
879889
265151
777261
343285
44548
881907
661269
496042
649734
319164
562443
294813
421729
333225
427784
260650
309078
529180
859200
348710
535240
53977
848347
57839
395548
822704
47874
114559
310150
862917
690743
888667
184591
250893
361530
831663
39161
240939
488970
545439
980021
852462
633233
361417
810586
192669
553407
454827
160007
734715
282658
840517
754105
236594
335508
42058
18440
835376
2137
631758
306825
460503
