120 101
751387
52513
627893
23585
847301
78224
902321
76236
119297
276156
601743
453039
176141
238069
856668
856017
127869
418999
189846
303103
980972
348639
932573
215327
775082
717668
489903
557284
524487
527137
660419
871000
535919
767927
481991
322408
940888
783030
25578
278858
740736
426024
324540
112727
453431
873571
165089
803092
663638
877323
810574
923064
705734
891441
252514
958841
100306
816565
217052
827555
668438
630912
677328
429931
868050
396060
878730
91610
439236
631494
51938
580289
970420
841243
822903
816871
266978
681817
412480
475435
134548
407454
712492
952456
299547
481520
218735
9531
51438
657471
162305
100509
880328
105226
404089
593836
927761
876225
216988
920021
699608
890225
778139
4002
892287
807299
408996
90160
744883
378248
542629
406510
390867
795232
351108
732770
788033
981786
545606
288646
