205 86
124697
930350
943932
586746
944379
738376
537574
455368
962212
757625
989793
712523
887848
239482
303373
961001
445140
183907
816318
443155
290510
203894
928457
576091
106428
526594
204306
20594
870802
506712
495325
811440
811248
306704
990514
355767
819987
84001
54891
505464
565059
986161
480825
86118
324384
999251
315355
142003
781668
622361
773679
172190
951372
991953
269242
991348
790745
384371
226590
769808
360735
554706
864977
776409
17562
587062
397207
365473
659370
437799
256099
582571
577297
142596
795241
194762
730096
364026
994238
27625
992055
103153
692735
777007
34200
651519
771225
287249
360853
274391
57519
994280
712609
388657
961232
431903
591101
716106
398340
518659
291964
782686
265573
672567
234715
314663
940028
548985
939627
312432
220824
535607
62797
511245
83198
756811
5532
355561
195164
691194
759897
700563
545367
60937
539059
32102
768364
144989
22180
776654
929004
350949
575480
108524
67587
769469
903424
795501
716904
562362
249284
940396
714182
699081
468535
748658
856419
569462
210604
596753
525925
942528
686412
997704
161463
206683
396155
505539
14631
675846
22245
6294
734825
355302
937562
187053
20869
71519
373947
624699
493226
439483
877643
901121
535468
191748
838219
331178
663682
864174
409144
323737
871810
428070
288817
515162
812111
897077
550636
690222
873358
204902
902926
99168
563760
247901
530729
194480
767692
181158
581103
539500
679922
130333
664429
