130 67
597643
491584
840693
546639
602035
56509
739464
512438
531184
952099
782393
553552
313783
956633
706016
446796
128514
853206
973282
490404
606848
171386
489656
769923
949228
538190
215011
586767
767942
576489
626960
639542
978165
567872
257035
827364
325401
782695
471801
943574
597531
340707
436341
704935
360481
210069
735771
438268
269023
880161
477445
762121
932420
894375
216794
959534
705406
733730
685469
658967
78846
71994
822256
409428
964315
639873
863768
753625
709554
442319
419785
236321
206618
862326
292416
216066
724365
890384
881788
425134
827508
865626
15038
508074
854749
367506
929126
593146
290541
311399
498832
657541
54048
574010
24815
647187
273184
191820
456257
131047
742618
65662
620391
599698
666991
284865
246764
265932
851896
414191
515590
563906
566344
15364
813059
161548
405318
92361
956254
652555
626779
236535
548784
649121
324250
825314
365881
489905
77216
408582
