151 92
637076
808111
701186
397205
26442
808009
932104
439942
502829
615756
737853
256681
575265
539862
454471
680959
96767
514007
638795
330662
908535
951994
132217
768467
460051
24493
582737
137415
218357
295736
380947
861775
187997
937159
231367
282390
129870
420733
531217
494924
527188
555370
494059
836088
137539
474223
493962
339810
182608
108279
452871
500937
155215
332425
614101
42526
614214
274852
680629
303806
641547
810454
818675
834838
255739
475799
283542
801699
618756
549720
592620
639361
398059
832888
4698
820469
915498
365555
148310
684792
445275
469471
635889
559816
133480
752854
394228
226711
873760
131767
802640
492579
162689
193805
953668
829791
502707
947327
910890
862316
551536
889313
536101
808836
619300
505285
673729
740374
675914
544531
421852
848975
92456
342410
172657
542147
445123
878926
685013
529382
856152
349637
850265
621929
232800
602628
49984
460280
46658
575675
179850
66764
827426
703300
953841
9575
637586
397436
12345
91897
459724
21629
469694
143326
632482
51477
762124
503935
383134
258493
235484
