239 166
954530
395041
730328
645221
220842
480508
91017
393539
918103
388674
721030
116323
165330
272721
574995
698529
348668
103736
376
444950
336636
894557
635956
349778
620481
810261
436568
649911
380442
540942
467236
189630
986897
591279
375640
403360
712132
827138
402468
122420
888434
580100
554628
588351
539021
355211
104438
932279
720831
114881
924997
395403
746360
762601
692139
924167
842569
754829
619166
694700
108677
299231
912334
90037
254603
814323
391561
671473
144493
832088
888777
518693
694668
314414
870545
744402
945120
60042
815188
65717
854304
25542
868687
600301
477219
636673
197363
878956
48837
581004
816221
773098
183960
845185
895313
235414
948860
477605
106170
571101
191109
447023
268069
286986
916347
148100
769518
313757
62021
334587
181794
735334
79334
189431
434906
777597
839502
658492
506134
160295
526179
261446
969755
470780
62678
171093
994199
711574
903733
132695
548309
856621
553442
630555
118367
140067
263330
843047
147016
928740
29780
243524
517077
693011
214310
977317
628757
603903
22195
289484
197069
226279
316881
599722
644846
243401
144648
266201
530999
997450
174418
485929
557351
239741
502887
123176
392150
994925
869891
907595
464146
12692
910724
408807
475942
331199
231934
373740
195273
947183
628776
447038
972220
182476
913113
413932
841551
775270
540361
980516
272788
992217
416296
700200
975007
655394
35711
69840
325442
172754
14598
547735
225585
734347
388326
422292
578723
336998
976168
108871
289736
290856
76292
738427
200923
171361
627193
380488
763851
654427
326506
111254
402317
421337
564780
481903
419156
969052
141272
990218
241427
102833
765973
528472
664553
528612
204379
731025
254063
