199 145
460606
13283
516459
281546
406433
842023
168668
580920
199041
604747
405530
49602
17805
221753
38410
945770
455882
299155
99682
913364
663920
680598
105222
54143
586851
194231
79873
685821
982060
908045
176539
751427
415397
485607
985313
124082
698300
919922
579728
450617
689188
883797
112568
354111
173177
679553
311890
692306
746614
698446
574932
584489
561131
951020
877841
277906
172740
534222
354882
845789
45281
430954
922624
678001
877481
254632
581073
743159
465581
57807
191658
434389
338340
113203
366207
241902
671059
281357
184655
572200
715874
725886
453234
319350
95803
990222
108667
617570
172112
864215
734751
911036
383571
741464
381163
676719
472
885644
434066
955143
367302
913890
985767
173873
110315
985678
366305
496452
347557
415457
441316
268328
61
355793
234045
749476
407817
615217
9141
675046
599887
761850
354375
740186
454781
241530
33989
598533
268337
19569
562879
646735
778262
90825
990762
756351
786749
336842
294951
241787
187944
524949
892252
16460
411215
517044
5963
902551
203245
900224
202313
1690
913879
573174
159203
499343
347693
267569
294418
125010
73675
389597
984132
99466
330697
910645
797305
910824
261195
686265
87374
830447
787261
547704
877425
130431
603192
689780
785018
435115
290156
312923
622168
233834
709284
596269
717163
20765
549264
954252
208334
795465
96769
122978
904281
255595
69215
37349
467103
