102 48
761384
873330
617218
197897
203226
133415
236732
396355
887913
507516
324827
429682
640290
332290
872067
145026
621973
821933
855424
726916
332725
480495
180695
256857
865071
166480
204316
947307
662940
435340
727689
827640
543323
64402
622966
938821
6674
350446
199858
492696
321763
730828
188404
628485
661485
23466
750867
275934
778659
508584
282914
650213
638996
725906
284526
262130
819271
165646
216799
248238
782492
561477
782617
794341
761849
710518
325693
443761
527881
251934
210355
915014
838175
624973
878738
484595
638749
133141
365614
67165
816848
188028
45101
411099
415160
59146
277294
651113
79506
870654
983682
166411
201073
858351
403703
892623
758565
617688
844495
54964
496672
963374
