271 211
572532
62823
524919
305228
540553
50814
832451
357937
91280
365442
90765
628822
524675
391621
471427
572142
371784
294301
488885
132275
509892
581662
138692
395606
226211
109653
622927
768341
605924
778494
680950
82889
128543
450665
809430
314505
623339
305616
606194
989116
194515
807079
237869
539913
517669
203310
569445
747159
121547
408149
840955
411316
197281
761591
296674
768041
868141
473221
808038
74638
156598
81682
53246
766479
505488
480235
73033
599739
252688
564982
190011
30112
983651
351595
113225
508189
955936
112248
133155
448810
520460
231258
306417
917329
574480
730804
423190
899531
943370
832586
911254
728624
277245
193830
53962
442589
592821
173364
459236
664308
221901
373351
414331
926762
330223
882621
976752
113516
731737
877330
593163
23546
784512
163240
991659
687602
259396
661295
672552
414937
218285
925056
721278
104059
825616
356249
904677
844494
297849
565019
187310
519425
727556
157110
344482
8046
611081
364195
258096
713804
573995
249757
593342
808210
992834
495762
779715
593083
123631
919761
798180
326064
589664
193845
24867
319684
977898
682209
945954
973588
124008
719934
662060
8633
911167
999522
795248
682165
2493
381805
327544
332981
508904
413007
494653
655213
753872
9262
668547
571072
828280
203867
51930
167191
779168
971703
418756
597894
995947
20738
338422
126508
549924
34402
665624
73702
14117
263317
239957
636521
200018
93591
973954
615365
558805
395460
898485
586617
922328
104809
441368
49326
223010
776158
727945
384504
703609
324689
78607
939816
482819
43079
33387
301175
709251
323216
131312
461938
645882
560936
614100
541607
64171
91705
89725
346451
179357
955686
689533
77124
866900
971132
168987
61564
108417
295635
851039
479438
21002
56115
984992
616794
626573
51801
512975
481735
871292
191770
999468
374894
665529
572437
513481
758798
691862
673828
62792
40095
934976
440384
98212
