177 75
695062
394520
645906
293542
676073
548713
821465
524446
767727
1427
899739
43782
643246
401094
791521
584711
874418
181557
585935
684475
851436
836192
180848
984727
526277
8396
375477
432780
355430
649015
443331
786427
325947
770280
469426
104023
215553
11449
686325
300746
697514
192060
808965
28629
691781
773105
906407
14805
576435
74033
695702
8068
801611
744258
663285
842311
838936
292529
55071
46415
703284
7336
298253
399104
903621
818408
674258
845124
222373
155874
230277
22386
247651
652929
751009
80794
852459
243706
695847
550023
545644
354848
770
299231
729560
142170
537962
455409
761530
138256
387023
853808
405167
949397
295147
793731
801911
357609
263288
692098
724209
73301
893126
557078
274046
564543
345163
952015
751916
618669
699821
458693
482409
220487
466903
267132
487564
748796
568564
870758
44821
579758
519411
400594
53208
763384
764963
625457
412501
219725
315161
328033
152013
736991
349575
655675
137927
187813
380451
172080
853451
696071
671580
999532
950237
759494
836508
454590
181602
477709
117890
522038
569962
357126
598367
977390
557967
609442
157641
817549
723203
266367
94055
268347
881673
777083
23783
148256
999935
405102
586533
936790
917631
706263
81458
946826
41947
