273 213
282334
708029
142625
533783
510198
914254
572097
9803
296914
304519
629171
929605
942020
898454
362053
270763
217934
491546
534232
358847
705315
471751
635273
878202
225406
257133
64723
275834
120173
480164
882308
836055
639183
323194
783325
982573
959002
95322
908803
763958
820773
101574
865394
655055
562513
599679
868117
683806
535147
567363
266153
908574
819463
653839
232115
629530
552010
993846
30951
638674
471758
92410
806491
782019
919283
205384
80079
125281
62913
147340
323733
847722
651162
247655
804442
419859
860601
881482
979849
697326
538887
149125
719581
848839
252961
530171
520230
859997
414475
753265
242883
61352
443509
394894
125535
329016
475956
437954
382452
425246
750973
910647
400246
276268
217232
906667
756034
732595
458037
517408
224535
695863
96509
135467
894461
114392
946957
6141
94360
701301
324305
990471
226525
783841
810171
81076
845199
185908
55376
992394
490770
728642
730503
982526
331600
822912
828452
197921
574625
754885
188239
148306
717729
929345
313512
192081
942380
348641
471297
56844
523357
547084
298395
741452
880940
666092
39921
591375
465226
204673
374847
744962
765891
588973
28758
492139
435508
215191
968705
737178
430306
189365
556890
722301
667070
38268
199709
348426
504856
136348
560316
863342
249505
188460
553524
806731
290169
546712
61609
976968
680424
407534
501861
778475
321009
532969
147865
723116
63229
334843
16168
587852
286738
234068
440825
907424
895627
707781
386169
129598
383654
427729
511925
46579
132377
203450
876621
595141
492176
918038
520283
986246
351279
392999
533940
469248
795488
767899
333042
83796
403181
921697
888973
122370
586126
103197
525194
976891
884776
950672
392957
723346
43142
653966
949961
498956
137217
100326
170817
127767
704839
417625
20992
873925
244097
620800
79253
859200
210727
830275
454096
925135
679101
281464
116648
293682
641209
614319
978906
667050
836609
519268
947639
