259 209
976089
994226
180467
46569
430592
366483
9170
280076
825607
990175
89970
64965
856360
71467
977202
494269
132300
105260
125484
830002
89612
100980
1092
977803
485084
226275
225827
26566
972139
744246
896553
880701
767992
398713
489293
291716
687693
87780
707483
995052
280731
626553
399315
834738
596730
144354
207326
635326
319251
589319
960400
596213
934901
464067
338621
341892
995753
220791
977145
682714
836905
273952
697071
109694
730933
805624
807797
64688
3694
45063
593257
860607
160779
493349
928681
557363
343782
269788
58118
175857
166103
903588
556969
917925
88295
147177
397561
884018
355013
802023
396636
487003
204633
820358
547098
960397
606906
663546
296089
178436
415059
787656
529149
335271
221073
307205
235836
778528
764191
117799
773660
631260
803882
686936
600682
454497
473362
139686
926949
554239
275538
352786
133354
91515
769992
348410
44190
647530
280758
59205
315042
578741
486532
371825
737713
385720
847253
490165
173279
446963
486294
975721
936302
132322
351760
95289
678674
323947
392371
250676
399933
314556
725397
586805
959410
518311
671080
320008
29885
278929
358464
734092
536061
668716
852789
135718
315959
682851
349374
710725
659150
802415
560699
188162
970482
950399
583220
398342
618009
335646
62080
245192
913095
274442
622538
732335
581889
518106
256669
557815
290791
882679
546188
386259
132886
574704
373379
321948
144443
801762
681787
835032
155156
330024
159163
569638
666065
151500
643005
111422
156001
414419
12820
78163
730304
80279
205064
375945
411806
245348
341728
331706
529189
813146
330123
757254
555430
853579
400940
47839
690882
925640
88793
788248
351548
281104
11755
289850
221223
879272
314849
162516
442561
716058
850851
725974
971101
58696
577277
466452
790082
749700
451230
167883
103183
35921
457112
4233
385638
