165 106
718632
394494
608828
995220
543369
621937
38609
631116
426991
887164
63917
818241
64479
575962
580829
336365
804004
340039
735144
340555
82142
172670
42795
695435
991236
937407
374781
65843
292188
787966
262294
854023
694170
196328
243452
352546
489494
991769
923702
881388
91826
774228
187361
854232
816777
809798
535916
595971
456384
443781
875787
748979
127162
717452
598457
464237
262269
179422
431662
494377
922081
412233
62107
274657
217444
11787
786699
95736
182557
263638
617188
305374
959282
549521
97374
907290
424562
223291
175595
1942
123145
842306
469264
799698
478137
893083
151977
760629
113936
564644
54563
121837
815117
395398
794933
273120
189140
336825
311276
260880
731776
667042
870880
30063
396498
367671
842445
761868
330386
807272
461231
3757
500256
503095
769914
906468
37644
150364
497801
234374
276979
195129
39510
370324
348094
804455
931862
29464
465294
868030
403154
79407
587148
500924
108995
753088
213433
651213
78298
667969
750968
732374
4961
728787
84330
473190
246219
4201
899451
322302
466990
609681
550033
66338
618087
94419
153740
765859
500467
679358
435573
519257
271336
302574
81104
