145 20
798770
785985
175700
514598
956217
177410
397166
937650
984506
423731
951233
887945
943124
547728
144389
735229
930321
482894
88467
591623
855489
774326
347659
921522
425706
674078
63347
755540
972251
131614
824902
161153
251071
458866
820372
901719
617927
135137
751622
614818
438929
177739
763891
17475
387970
248671
177891
522723
495081
595259
159654
667614
737898
573417
983518
111226
359260
806903
179462
882243
397759
565733
377746
524639
537992
163810
920347
807793
929974
682344
476593
500709
152022
114902
734626
141034
761259
735782
323951
806164
606468
640228
118295
179392
188306
657840
961828
27833
213923
255060
222608
915549
182073
315113
800602
175156
379066
401163
777338
980338
296989
998235
591959
691548
887898
409867
844060
395128
629078
215222
765127
894896
435548
120928
353983
33387
560948
459355
751352
571596
773658
671871
827191
410858
981773
693331
192003
433869
761679
934408
18817
924710
776877
393961
602503
416706
165987
567689
492542
944308
644182
135458
147248
338652
266532
