244 16
779924
248838
386298
492613
932360
420175
720909
476192
711006
314653
945096
358365
259963
238502
861126
906008
923533
474159
308846
161147
773481
763376
575399
684645
178586
450439
235870
294567
292289
36083
943036
201855
842420
171661
950118
725017
873722
808770
101121
164753
553901
180240
788707
596092
944686
32793
917748
212497
851944
459276
259729
872040
797031
329158
103446
854194
542400
620632
743145
756831
908274
487506
867121
431940
237170
110937
166217
876414
405685
892572
649653
827554
807888
334954
989813
244000
4462
660873
301237
929378
462312
370177
753050
841612
919663
185414
307881
454641
773687
252168
241126
245951
576744
732478
317912
583226
271600
647091
64823
102526
427017
712115
271152
275
137468
96022
70049
409299
812018
252733
891418
367946
138594
915066
531918
509497
614752
750231
167236
950693
181802
265947
530234
413032
385922
133402
716204
103831
770984
873683
251924
566909
739766
689878
605166
601740
212461
361074
220783
477244
76749
430668
281384
329888
627891
194205
616082
648985
109368
136402
759151
693998
706493
788780
908947
154160
242460
424645
101781
209993
656727
414043
19044
765450
590913
405218
540697
129994
2104
149191
74019
999106
305316
749248
281313
632459
706615
296625
640226
599720
920076
287684
159699
58678
612388
337008
985717
969073
638685
576326
834490
913192
325425
723056
535041
792263
827311
216959
125292
862284
494923
552108
180334
646547
500530
107949
441813
762565
897440
431990
524280
691802
252010
212715
987242
830765
859269
660286
447926
636241
908123
880782
564856
426193
328699
174108
619943
46998
163905
233637
368659
558944
344403
595572
693844
732405
598516
636432
96800
159751
737030
97621
975774
361295
