116 108
254869
202826
300326
292074
158
980574
174871
227517
223924
647439
605141
264787
883158
830978
745395
500145
377377
634292
583141
56428
292927
151620
763156
861148
99729
851044
408853
657570
238787
887451
521642
963868
546916
687755
804711
974583
231939
836128
708297
797803
71556
247607
258901
598123
299883
362922
773073
92363
858202
24909
903484
860640
614603
347730
985160
293825
548039
194732
285604
919509
196105
410614
284247
817444
285815
170479
363233
853357
9311
314824
459425
293246
931327
328816
61784
791397
785054
330055
21849
821891
143637
575825
639071
909053
64815
253706
376539
836100
668239
733912
923451
717875
294076
734241
544204
23485
435728
565896
213641
453745
270593
518234
735734
908216
15102
620889
258573
524573
891575
251526
540003
111839
555629
985968
271781
917181
