223 81
842395
988299
405938
880958
862986
48104
171479
491145
741550
86461
222464
419683
127223
555346
285584
847153
957268
263221
434956
674263
633254
341055
889046
721103
497350
970011
308834
85137
609526
246399
240391
185566
334634
838443
610785
300779
515122
775067
136872
804787
465057
667602
271938
485246
811998
409739
853337
202499
425717
328602
961288
164754
600980
410659
19275
452947
52388
530796
802218
349865
583110
142740
540388
997059
909258
105897
563560
920880
664359
830148
97801
802302
133233
709479
661520
296234
534430
521116
591044
782606
400959
613690
219945
217185
719308
960778
130162
73857
348808
570723
253785
76791
932428
16079
827852
620783
54354
563467
764218
597179
30757
274389
694266
672690
122492
627950
163821
816302
519787
446227
395130
208341
510117
831571
986263
283885
345403
242508
498086
14360
470379
921826
277431
85965
660743
468077
102682
126926
900862
122098
413475
818429
362651
175779
426166
613096
939571
44278
346185
912149
455002
859123
291
215959
868454
712390
437219
775839
715126
826646
623542
216924
256262
247047
110111
67417
714747
97357
108761
978794
800853
847501
522580
30710
978313
384180
167856
24884
515617
326179
341593
241493
949276
991132
483305
182286
745547
600061
489723
295387
478829
739960
130453
271494
995501
223862
423754
939831
751805
363298
35039
59941
706583
261943
105118
903333
920884
153926
77232
713622
926074
539019
326600
207440
232958
43488
786384
778798
282234
584130
470930
60324
100436
699095
310033
804918
797292
388056
94218
525622
395481
672494
486143
