136 76
533577
539914
939364
53833
428901
267782
899960
457926
410430
722721
884667
485261
947289
643631
888865
964762
30799
670756
51440
499617
673897
45109
892139
173371
132554
53925
347039
774125
599958
347774
995304
814494
632474
533841
136144
904006
833086
135611
325538
429885
778052
969858
747680
678775
963256
736237
334295
408872
759309
542388
891993
897566
292559
738237
18099
848131
560061
737851
221124
460070
390292
37009
183865
936606
481403
851556
363613
720680
291424
308105
291864
584115
79766
907940
770182
125633
669148
690794
242449
310029
227691
672041
617750
966448
481181
379639
711920
987504
627555
731715
836640
677656
914683
768167
288406
899132
386813
467038
49460
482820
936086
766229
710423
701413
197851
91497
840020
350037
389842
921470
968738
318393
256425
848974
306779
156638
384037
15331
896468
488813
299666
881222
297718
682479
651002
875332
142810
676557
48001
242404
72135
552223
677515
247892
102597
320721
