258 145
466927
848887
381072
885522
746396
210299
851134
137396
846273
578126
250700
715443
621296
973799
227345
390586
167481
466056
935526
706274
990982
88634
314460
352053
234874
121166
437557
859933
89652
733936
701585
776203
21428
275977
889463
740374
718569
171774
91263
302189
117457
352449
233374
484266
658916
891739
503964
974840
139297
444676
309931
850689
448426
737648
920754
88814
877448
663207
590433
46447
983346
62771
470492
57895
616940
497306
883522
314588
263779
812541
694673
27969
372257
94564
352733
305926
613108
317496
256026
250080
744989
131748
92389
66846
871178
494231
696250
809041
734435
256389
326682
71417
386084
98438
493781
163451
109714
915566
20430
101777
110873
651650
724216
94555
886504
756464
319865
938022
749178
672075
84057
84241
42343
682742
777962
757272
687692
879983
902681
846579
851516
81378
761178
861339
403665
119359
37951
722633
123854
696581
783129
853387
141979
840095
227640
914913
191346
120544
765592
666199
919098
118786
551854
85652
702288
895188
388355
908146
330115
361213
150892
672218
154768
774749
756851
837689
210321
25912
238489
383316
629594
785947
590096
903197
934153
935750
752153
731228
367345
340651
11369
192119
22107
3217
690299
128207
675063
805380
810202
322004
770091
485194
300158
29221
145149
612611
736608
275595
815957
204236
800944
838622
322356
210814
987141
433210
914329
525953
253504
814887
764360
893286
547229
587836
703594
265856
520702
5453
907172
820249
465387
41836
917832
114079
2045
322759
268767
354382
452283
978918
321676
612682
971545
232957
302590
166836
421246
180968
627529
197757
899605
170366
647200
438961
716740
816577
792265
327383
97682
713577
609105
884382
813394
466596
384483
256482
388789
763250
462933
246733
210618
771739
163582
590929
277341
446953
556397
390266
