222 196
177907
961428
586343
542824
251150
931014
707488
976924
915271
769070
935589
488465
41417
136569
645453
229343
796285
400011
363010
275976
659868
951699
300269
899598
770635
272136
262618
944515
36478
797671
509126
29457
957879
935415
412264
566221
376542
253149
714108
989035
822698
832631
941493
764709
925086
519098
80742
630543
560140
727379
959662
522578
345064
115795
304731
15250
470328
743706
77146
14535
170885
858370
213217
415587
755382
673677
151087
453729
655312
9830
693678
310946
480910
452306
592006
971082
340459
394311
316596
393540
410223
473714
478760
360915
852522
168346
257254
179830
41497
728030
546691
120860
745139
894215
767564
683356
456453
575487
837435
590073
697657
536999
500553
746403
523649
342294
428781
146923
12313
15733
448171
50819
590352
822317
199059
365876
148291
979099
117325
532362
43984
199231
22943
752976
980766
547398
839547
908324
27481
865752
144192
180315
579548
865047
786487
294797
152474
109699
725706
422114
564594
441693
346393
437761
269994
661049
738452
258505
514618
425007
6040
911310
230524
649841
418150
457844
480217
144566
778029
746669
93485
611650
492275
574344
384393
493740
515189
347239
430856
795573
259805
905055
981014
975298
161772
217809
210422
179039
392267
138701
85743
526486
105431
990115
241235
274425
17033
198583
994123
560628
314441
462313
317172
24413
242436
532779
357971
14813
871413
886541
4064
826126
789174
637039
303934
577057
847749
536562
481674
998546
803578
909316
246977
681337
202317
666621
973887
813359
245743
29542
676806
305205
