123 39
991008
389797
522154
95754
45904
556119
359382
252336
54239
106463
275737
181604
113989
761388
151806
836083
288516
567864
117103
738360
615024
958309
360912
72178
667037
247076
104525
889302
734187
752490
940546
272302
190787
11468
10681
572429
891447
239456
444071
241034
891905
149054
243635
949580
584107
985177
346052
570226
547057
562115
928077
604564
343114
738706
552106
6583
880272
72467
379662
266915
264722
923343
203295
594406
687983
494652
303872
48843
435512
805282
308145
312001
628648
376491
55763
215198
581510
122495
568439
218174
385089
80871
208045
319714
441050
871617
4143
704281
529777
188268
492348
135553
686255
896925
628351
307678
701638
36470
902170
184135
699427
903019
474904
684021
637469
582073
375848
823460
148360
521594
739321
758705
191939
667784
14079
795611
98515
102764
657954
781831
727155
210205
228846
