234 170
629794
864321
910358
59783
370931
523387
839125
480754
401747
333696
47790
944418
662511
443709
134837
760180
415739
983555
972385
70553
733894
487107
713067
436146
521580
622599
907538
1278
823017
357387
125763
517835
673768
961390
741003
784083
22478
939434
486068
454350
708297
943390
156804
352161
270521
459427
375928
296275
579471
993272
677423
464729
205784
127166
691892
680445
836167
126877
849066
922968
347392
306922
535430
339872
770327
579086
901469
49164
918426
115774
680901
857349
980008
849070
218581
448857
643469
232176
987275
679125
55156
836754
867580
889275
19912
612532
359001
984144
716340
50039
251079
722063
887868
759867
506891
864688
14980
699200
671009
654302
605006
166184
811670
415859
138218
863079
222530
829019
770293
558937
50850
754205
952339
811074
972486
114878
234614
622034
613822
689879
665788
995605
819273
224472
86378
933118
100589
762082
896089
191660
779635
781610
406725
961385
876320
614135
984583
753166
702791
740207
851599
103998
236896
232382
618706
980360
573417
620884
536923
904207
329893
402229
693597
148001
632399
876084
278285
790534
870956
844970
873144
831163
517894
320527
968026
903975
997253
890651
495174
783529
509143
970996
760258
838922
307738
215089
306256
772510
741579
827991
778362
413549
254188
123245
8730
456186
954183
101443
259629
906727
567489
96512
755827
598960
928667
133723
408223
551022
330414
838082
540355
666019
284936
805354
740293
455175
641134
848414
888247
111056
708424
522355
374028
544442
550965
641888
390306
477431
2278
978824
542643
553525
105359
76153
383845
769807
581006
764402
589722
584304
868909
907195
530446
421500
