244 112
579209
485124
828437
696228
340489
157990
61955
18789
157345
830780
695418
120107
130923
413721
54958
412050
699991
100218
730327
673528
437241
425657
984129
490955
317575
822232
709169
966824
209171
795431
327080
974039
846308
126693
287156
512693
809697
192473
774953
125223
499994
450596
5611
502507
881042
889230
15042
290378
981837
161363
209160
121631
74417
778482
451587
257099
835709
41800
105996
140362
105116
919203
971091
139621
469642
292978
302686
768071
450979
509894
285291
507433
593875
954472
149854
790352
24943
72147
217880
773945
781630
415831
146196
822454
321349
542227
540372
440736
482845
998797
465688
107015
860851
914733
607986
653185
99408
426709
396467
660076
240253
59966
98204
664966
665014
365688
109742
726591
731254
345394
612631
231664
263602
121631
713252
445122
166059
731658
767101
657939
567361
7677
986130
341130
797996
84854
665399
207968
778653
858749
540699
769257
931716
549347
328823
855515
819754
662930
411605
707223
380266
959193
736726
897838
830126
303831
233792
367420
225268
431248
622499
786725
903026
963804
238258
937034
931603
479361
64947
640321
521559
824734
268116
383493
599496
216576
216739
290990
338855
321334
897408
669261
24540
471046
219677
397339
787889
351266
521208
908483
280187
931432
470728
102584
503495
527075
977987
967708
737398
758805
923313
956844
692491
766853
863787
763890
792596
454654
35083
337506
397369
263690
202688
45108
87784
158357
306429
399691
64837
148405
549141
752903
675600
962531
93235
667913
952571
965700
915158
159864
407302
280953
522859
740419
685845
420798
138951
852090
803108
781299
894150
219266
710301
721798
441524
283346
802023
903719
900234
902057
477908
242374
953833
66236
