100
5 1
3 1 4 1 5 9
2 7 1 8 2 9
4 8 15 16 23 42
400000 1
169190905 291673090 466775029 414533768 521366183 824377238
999999999 999999999 0 0 999999999 1000000000
97849552 455612259 122742852 64465923 325709777 465381980
400000 1
660619563 496107902 10280121 45461298 516165552 990234750
660619563 496107902 10280121 45461298 516165552 990234750
311353 90473 267116 40750 397396 400000
320850 1
788198266 112488833 59617582 299011426 545072884 826134266
788198266 112488833 59617582 299011426 545072884 826134266
31958 204129 57714 136606 227414 320850
328219 1
262465081 51471111 206374405 230119228 222003087 291634179
999999999 999999999 0 0 999999999 1000000000
35104090 122175633 81497042 341169020 193059928 352617534
42808 1
206416417 416700251 746656672 48824417 117498759 945825761
226237063 445138289 84477106 617205310 437676618 854355392
124744490 635140233 397336709 166207538 291965398 731229769
400000 1
0 0 0 0 0 1000000000
125363788 196374577 38457355 186735157 302478836 344029951
490646700 368290778 495603387 390204577 230374434 558256592
400000 1
148849866 153419399 35577233 2301010 103142198 299554387
148849866 153419399 35577233 2301010 103142198 299554387
141944 291870 148658 133161 115219 400000
195545 1
163203217 55074526 36510713 37524932 209477053 256153143
999999999 999999999 0 0 999999999 1000000000
167925102 2361739 101931493 609740402 397257597 774935785
400000 1
836947384 70416536 848406265 108395370 610311743 919787029
836947384 70416536 848406265 108395370 610311743 919787029
0 0 0 0 0 1
400000 1
146481845 16787014 130663543 167413164 136812949 216055268
146481845 16787014 130663543 167413164 136812949 216055268
355170 179253 221063 47172 345860 400000
400000 1
315114314 23012456 72459660 8768607 124467949 329972814
315114314 23012456 72459660 8768607 124467949 329972814
316612 239908 83688 128028 136829 400000
400000 1
293872920 276235382 234060561 316114316 192176642 391825896
999999999 999999999 0 0 999999999 1000000000
67843151 83113153 57815993 2746023 50887255 96001181
400000 1
138966499 7614967 15993853 18841404 39242036 193227518
138966499 7614967 15993853 18841404 39242036 193227518
167492 54967 151991 67309 348560 400000
1 1
0 0 0 0 0 1
0 0 0 0 0 1
0 0 0 0 0 1
42808 1
0 0 0 0 0 1000000000
562116178 510958866 876325080 792169725 208453842 902494341
55249737 66618150 213684422 234625776 324077852 357321699
400000 1
103590552 546846745 330312506 635723666 525413422 964223029
103590552 546846745 330312506 635723666 525413422 964223029
311649 302388 292108 68791 348941 400000
400000 1
526815484 37055764 113334243 91831270 255851830 535884752
526815484 37055764 113334243 91831270 255851830 535884752
238592 169707 351112 121220 107470 400000
400000 1
476210269 261373106 583593507 419199222 385919662 611980361
476210269 261373106 583593507 419199222 385919662 611980361
160735 267208 26736 330480 112847 400000
62207 1
217111034 382352615 644228022 282907715 80479401 801570965
59051858 85910539 584026556 464093443 703452996 785691935
217083554 241506736 271237198 228309524 263305111 603555611
328219 1
290494275 211597392 100632223 115231250 301259847 491793678
467172835 272423740 62243592 276398123 352167300 472611953
304324322 840383772 748628548 929915158 169405123 956302791
400000 1
92645832 82885887 29291044 78448883 97642767 126681482
92645832 82885887 29291044 78448883 97642767 126681482
362368 128367 365785 74641 135321 400000
400000 1
326288671 235856112 436868156 75007846 258734019 478425579
326288671 235856112 436868156 75007846 258734019 478425579
202877 217170 23185 90370 68804 400000
400000 1
120873605 384864850 246506523 573046890 166605920 801455500
120873605 384864850 246506523 573046890 166605920 801455500
166938 352725 30978 354762 107506 400000
400000 1
472040421 390930816 601888618 420516037 335926741 762212822
472040421 390930816 601888618 420516037 335926741 762212822
183966 109599 235040 100360 153301 400000
400000 1
537367207 678363279 27879250 469721948 329326979 823473654
537367207 678363279 27879250 469721948 329326979 823473654
238692 343594 253219 160200 265611 400000
400000 1
0 0 0 0 0 1000000000
446985067 176506661 150816886 89754976 75666305 543238061
96762125 39993533 61716302 21007338 74761568 113251819
385043 1
51777090 25727595 38868841 43252546 29983143 54737529
717849238 86397733 350291223 217680692 513822703 942681084
351341758 135861498 469655855 676280956 90112307 943377464
400000 1
144238790 292538130 337396038 340732002 188226453 548913157
144238790 292538130 337396038 340732002 188226453 548913157
292248 341168 359421 56336 387007 400000
400000 1
0 0 0 0 0 1000000000
999999999 999999999 0 0 999999999 1000000000
53103643 218886566 659695989 576429735 470320999 674867969
112047 1
636194255 255649298 608058223 504294992 672335615 774908252
260703927 476055213 423556964 229932593 442667888 476632992
150848955 130694245 75364167 24254254 111782540 172614865
400000 1
525786451 927416120 312740206 447186215 840440426 940549957
525786451 927416120 312740206 447186215 840440426 940549957
143921 39172 321653 385704 118687 400000
210775 1
600775038 7720222 654650893 592930056 401015310 773208461
600775038 7720222 654650893 592930056 401015310 773208461
133457 156937 167467 110053 35487 210775
400000 1
146410651 180712676 224127152 388161618 243172358 862762141
750742152 422774082 327926503 61477931 429304422 777439385
286959379 536047108 509025227 552474401 442774634 624390422
242885 1
159408323 6490322 182518428 207777067 78159861 223589409
315068339 63677867 538594715 342511563 369866994 923754621
475827819 799799 537621676 742124850 559305708 772200877
400000 1
545665168 198080349 685591791 568076278 561481540 802088938
545665168 198080349 685591791 568076278 561481540 802088938
309459 181692 360103 251223 309924 400000
400000 1
567314113 180085381 509204508 375969254 729733338 744730591
5785838 95333854 79296770 74073198 16677520 165543583
269445425 344064221 208960716 287201660 150040601 531600277
400000 1
9749780 13315012 1832952 15395314 3498642 19478777
9749780 13315012 1832952 15395314 3498642 19478777
196844 250501 122124 312983 192680 400000
195545 1
0 0 0 0 0 1000000000
999999999 999999999 0 0 999999999 1000000000
654246691 90048107 39557831 365719885 247751715 878017030
400000 1
66520303 100188925 340164772 312304945 238391549 540479720
999999999 999999999 0 0 999999999 1000000000
309606836 198737957 75049735 113759677 12924176 347239373
400000 1
0 0 0 0 0 1
999999999 999999999 0 0 999999999 1000000000
0 0 0 0 0 1
95519 1
362796996 470983595 582923871 765537719 342240321 934072938
387540067 583106545 71984264 439988473 623245530 933171090
381510636 141986015 345957019 290467569 486488988 865002319
195545 1
130446228 43454570 15085127 167153499 159784464 202567905
130446228 43454570 15085127 167153499 159784464 202567905
101119 93468 69899 19781 70381 195545
210775 1
35458334 31948991 27552930 19799483 1950172 46530256
133606148 56869442 25880617 48481573 15740618 134440745
589081602 26378674 711407250 463174122 604376002 733045510
385043 1
878167073 40391567 534424146 296987618 326047645 947657222
878167073 40391567 534424146 296987618 326047645 947657222
33426 169618 361433 127851 15152 385043
400000 1
225452318 56249712 230401405 235488317 494959056 662431311
225452318 56249712 230401405 235488317 494959056 662431311
68099 32937 257680 67499 323308 400000
400000 1
35151362 349627895 126301801 64418005 512313473 708668916
35151362 349627895 126301801 64418005 512313473 708668916
169105 98052 51231 156332 63357 400000
385043 1
184197010 38998831 203987722 127677934 168941017 211193648
999999999 999999999 0 0 999999999 1000000000
556333627 516783383 229214661 486229247 182700604 593172933
328219 1
0 0 0 0 0 1000000000
425296953 663353045 44795977 315862510 727264862 893443430
875924403 246880406 138028363 342377654 758280411 897392215
400000 1
236033630 35736553 272766412 234284976 76157221 384030970
236033630 35736553 272766412 234284976 76157221 384030970
98488 334909 325445 129400 257875 400000
42808 1
0 0 0 0 0 1000000000
999999999 999999999 0 0 999999999 1000000000
16554311 39396723 25044246 89002806 43353325 169684117
195545 1
49505085 488505705 218622783 24469853 476887227 518247133
120816452 151893618 294597428 49180282 208779041 298154205
58607507 5846766 146001761 81800241 196318151 210305050
400000 1
0 0 0 0 0 1000000000
999999999 999999999 0 0 999999999 1000000000
29940466 269170782 302386453 254020563 152403014 344062950
320850 1
364313744 270979924 94471306 104755390 237219117 647957824
999999999 999999999 0 0 999999999 1000000000
2815136 148239299 49974693 69946882 16505405 157224811
400000 1
534400253 444076722 427973243 67120599 534683186 610252648
999999999 999999999 0 0 999999999 1000000000
223007794 171709431 91861818 10415777 114112444 318577727
133865 1
827545106 170330228 729629609 740903778 735905393 846753220
223789495 103325008 10937379 9220182 128026356 376529555
722521307 536017505 539042981 361151010 273483252 860476214
400000 1
6468623 137675281 36159367 102657362 18431593 164125118
6468623 137675281 36159367 102657362 18431593 164125118
191431 130372 247448 391595 330647 400000
192712 1
265020182 175637866 366140278 301267489 10041925 384606422
66216485 126673675 48409496 123554982 42943608 150763399
379677967 360429593 218845413 218512148 191247215 443186508
337359 1
57144006 2743615 268011077 49985902 110864242 480011617
296884933 423865902 281340127 87655388 319456164 888707149
541450121 435659468 285867062 75311182 538604810 749823180
400000 1
657848772 404271661 46253769 23033770 397801044 725724782
657848772 404271661 46253769 23033770 397801044 725724782
240069 134239 195663 327388 300212 400000
400000 1
0 0 0 0 0 1000000000
215580269 204544053 490505585 21091664 507442871 635873735
118966903 102615221 57001102 202941617 117810145 389345093
320850 1
43579022 51113238 141921638 94017662 57113191 209237247
385206756 260102010 151568413 110334597 187138230 749056609
583312445 563844814 87391654 327178362 435086965 622885158
400000 1
110278983 64935432 130843298 87697106 53890615 190453716
555455384 264428471 334671735 198177920 331302493 589788318
648924847 191373467 829000047 736373777 400131366 835391368
400000 1
0 0 0 0 0 1000000000
45981919 127184898 164882501 70318533 41946160 173114677
383773 164858438 117381722 32029041 99204201 202702440
400000 1
529920126 210700418 88861134 280316737 230522064 656905820
999999999 999999999 0 0 999999999 1000000000
252983358 173704707 169550186 76146850 338640104 356197672
320850 1
0 0 0 0 0 1000000000
999999999 999999999 0 0 999999999 1000000000
403129293 68959396 137607034 369318406 343019461 840412046
385043 1
0 0 0 0 0 1000000000
999999999 999999999 0 0 999999999 1000000000
283764148 392308790 199356384 252286146 471624722 513761102
400000 1
422561402 66106896 727281952 580987538 774654669 795766645
257406389 50344887 33371325 397119897 570344010 645041123
83224214 48102184 17418575 12931757 20307342 131860767
400000 1
77404726 31657395 113790703 16881910 124891209 125169489
77404726 31657395 113790703 16881910 124891209 125169489
12033 36251 38378 200734 139561 400000
210775 1
0 0 0 0 0 1000000000
115935402 396301711 517707787 457767894 91579785 710168495
172823329 130359476 66345122 93472976 44659720 290332346
170485 1
488338974 197319595 144579410 465548412 28969719 586323881
308737778 199768683 195847446 228626744 253414311 352749837
339457518 372868198 503400935 370671915 577499532 611248890
42808 1
120815872 103055197 236369243 55974005 57454815 238727128
120815872 103055197 236369243 55974005 57454815 238727128
37515 35578 16237 41141 25016 42808
400000 1
0 0 0 0 0 1000000000
999999999 999999999 0 0 999999999 1000000000
9225300 69349036 48465266 28804987 60724436 84338551
195545 1
0 0 0 0 0 1000000000
529085559 436864647 579713170 26454472 563488295 936885379
315748685 4888671 178347198 113501692 33251953 379047168
328219 1
379823814 637585199 582912946 364762803 154249205 658812380
379823814 637585199 582912946 364762803 154249205 658812380
189392 236057 211402 223847 222713 328219
400000 1
742152318 644615050 594638962 360014904 511103142 812739986
999999999 999999999 0 0 999999999 1000000000
22799004 233730186 262703693 275991968 219529720 557554328
400000 1
597938870 216579471 110305636 670537653 68080584 862785865
278216000 90795701 85636802 356768093 221143939 372224898
693608069 156035112 239812117 355928358 84851664 734535177
328219 1
0 0 0 0 0 1000000000
999999999 999999999 0 0 999999999 1000000000
454421138 663313224 838411687 923912271 603738153 979262205
320850 1
0 0 0 0 0 1000000000
545562366 599299723 673393547 693458891 265002542 709002943
165884760 221427101 1977261 39877889 4954953 899428356
400000 1
425477008 89332655 268449124 85263636 195792006 465620539
9944875 442211091 252015604 342156682 390402866 498175295
241347647 311741778 165219629 629834203 521519675 759225272
385043 1
0 0 0 0 0 1000000000
701689592 14496911 869935706 945891239 853035584 994844660
221117672 293658536 281623931 86170228 22274616 344174063
400000 1
0 0 0 0 0 1000000000
999999999 999999999 0 0 999999999 1000000000
886743707 431296997 908844813 672967001 92745054 981709998
400000 1
165785919 86693425 91398740 22125 345367098 448970953
165785919 86693425 91398740 22125 345367098 448970953
98206 377666 315356 391878 28810 400000
400000 1
0 0 0 0 0 1000000000
318146327 151359030 348529321 312886103 282794260 589356616
46236267 279212680 931805555 243975854 565972688 972470663
400000 1
0 0 0 0 0 1000000000
999999999 999999999 0 0 999999999 1000000000
228684104 270970234 306807987 91533833 71824065 417808217
400000 1
118949484 93942960 42522130 117734063 109170315 126700917
118949484 93942960 42522130 117734063 109170315 126700917
160960 263069 18107 104382 105866 400000
51156 1
2087010 320925927 31358481 655070746 519880623 707390128
111368 195136438 48889812 115365501 134529465 207603115
8330084 2214920 6400344 6143642 7651510 9726596
400000 1
0 0 0 0 0 1000000000
26664884 36803617 42982588 32484370 20323084 80345281
385464093 444894306 554170918 628022290 221075951 934928634
400000 1
151771848 225948638 602408202 51303432 359909295 710007831
151771848 225948638 602408202 51303432 359909295 710007831
240523 173102 22032 346140 313202 400000
42808 1
346874814 348267588 662100781 535849774 421598833 853117018
999999999 999999999 0 0 999999999 1000000000
250117756 96785951 533379824 535879835 65793310 581242467
288420 1
359404980 691092923 415716082 452863565 169029959 766285637
32676901 5186027 37297393 1943816 38481830 41438842
260819259 384193042 46347319 179247226 253224211 431472419
400000 1
902811110 628678085 116492063 155250300 288199714 972144210
902811110 628678085 116492063 155250300 288199714 972144210
52727 178868 334871 130558 364392 400000
210775 1
80007402 29561826 91579515 72109742 98207164 110569705
999999999 999999999 0 0 999999999 1000000000
2190407 14217548 1920040 11546181 8135657 29863608
1 1
0 0 0 0 0 1
0 0 0 0 0 1
999999999 999999999 0 0 999999999 1000000000
400000 1
458416792 424988441 22440611 154275485 495588910 500131975
458416792 424988441 22440611 154275485 495588910 500131975
117568 377745 33602 280598 333815 400000
400000 1
19459568 100151555 51098363 126120289 16902182 182950606
19459568 100151555 51098363 126120289 16902182 182950606
90756 327976 198403 149536 298684 400000
210775 1
0 0 0 0 0 1000000000
999999999 999999999 0 0 999999999 1000000000
70015438 215775080 27315219 173741066 88252389 239707764
400000 1
259321494 306826524 209483521 18874233 98713599 418075384
259321494 306826524 209483521 18874233 98713599 418075384
52842 350312 154552 373794 119541 400000
400000 1
53515921 45663344 47097369 43808327 4370242 78620511
53515921 45663344 47097369 43808327 4370242 78620511
263909 363740 340294 357484 24684 400000
400000 1
0 0 0 0 0 1000000000
999999999 999999999 0 0 999999999 1000000000
269324936 762525785 45201197 527301273 821564607 877385151
