50
521226561
501696708
871857211
949718445
491041619
948998620
128228056
962397091
761047490
11861780
897611541
234840397
689297899
147003112
912007085
691882585
714116177
342793093
867196979
613963291
447935111
848175203
636819164
471156545
921469506
545441391
716846654
352200091
205379284
467667727
776093754
131680385
437060824
469781697
467273141
784294749
559260846
329005814
338831184
205753804
476441845
10371726
648455531
665287204
511467700
623820047
623568059
552881793
922073938
811914150
