107 79
618712
195622
936240
59953
695787
494063
191354
377520
185959
632151
517097
708551
76054
546839
572244
691628
307413
629783
311255
443966
391785
995371
574405
595864
799963
29938
808076
34681
686499
910293
620858
698479
21952
58570
146879
38508
470922
186144
138441
168982
814053
540005
475410
899206
503038
709388
316991
720012
150137
278076
468593
832115
681899
258557
56692
662424
277609
548884
240361
235409
516781
182916
209971
735525
779950
361490
980022
614549
489714
758609
651015
430987
303840
385969
649505
39742
642092
5039
539067
826845
658991
222694
988938
969692
885040
659260
380847
527037
620939
992365
895419
869637
858392
952451
143001
162365
45345
63225
963457
427685
644585
810097
717221
50290
836915
100062
605452
