218 151
59211
100120
807476
160349
389930
443512
87197
84651
17167
841501
753091
864391
973241
881301
705657
83520
388910
354706
690271
229300
568240
555420
80679
802933
679986
826312
386395
858458
128784
544744
689665
810063
177635
12969
483405
626998
659924
406347
332195
934515
79157
892755
543781
715923
185451
781027
576707
187695
330286
483795
256792
435240
829210
730946
395347
755396
953024
774531
37822
572709
471755
855797
93360
765535
295684
421913
352241
255800
300375
86448
66112
549571
947512
116951
100150
346652
583211
938824
749886
413988
26019
291501
309458
203321
167117
925795
371798
517354
167277
145790
202152
235321
524143
771155
749754
308769
827715
813138
422242
57457
652925
47301
445061
125164
440544
846454
843735
203142
778995
867008
28358
967739
560748
110541
913153
296908
591958
299751
83777
181932
379659
594875
923460
305506
707668
254297
846735
750677
893438
623465
964924
988007
149991
671832
47552
177289
569383
431529
553307
947504
909443
7697
616056
482177
569759
103189
96907
750522
54925
144808
391638
666696
464974
419985
431374
424953
449979
78161
878674
107789
896191
256986
624837
273316
856426
937349
389053
738657
832071
781396
135772
345363
95962
172786
621499
543599
905147
857987
192179
102537
984202
21419
841671
849188
810413
746345
953002
776506
951898
688944
347508
129377
902003
386848
611366
674980
624455
38124
831076
558683
933445
315426
104109
220239
143609
956575
581135
345455
352769
521612
503177
819284
684046
992426
209951
956354
685813
369999
