186 17
639287
705223
76740
586347
833976
778432
595495
75071
59223
523943
839383
226277
61284
309714
355570
310691
347377
180927
155534
90590
380425
348474
960222
377455
620771
48475
368340
732734
165690
898446
340920
589357
245645
154652
661087
350710
103060
960849
978601
422966
239269
639333
814114
313381
806194
819600
436293
803985
131751
127508
871996
225788
296176
808644
829904
217031
67307
964240
953814
270094
806610
607805
343546
340549
577745
967543
537964
809723
232084
966119
322500
925422
770523
598621
557831
276509
550722
635405
309941
933647
639517
223344
555814
174130
720487
211838
632803
532571
828757
444459
960528
625837
874093
529618
787665
400537
457658
320998
275684
270475
118842
228333
929299
941360
550886
659464
599006
467989
885370
124425
222548
427962
206781
460821
425685
714118
563254
57198
682411
799525
885374
37964
133240
883686
111633
951096
397784
821933
100309
280260
893323
422892
439405
938523
711009
587848
358576
34922
10842
893193
612304
521259
8419
880612
407791
599380
851943
332909
363074
913571
266328
755283
722805
874492
589762
747343
956158
906409
392397
800466
691751
815335
970489
664224
189776
819603
704090
936172
146226
434506
182179
98508
205959
367782
593943
275841
721110
762232
694858
459016
823033
555768
545591
534711
26577
848315
