96 68
703785
197669
487462
796920
162505
342481
490220
75475
850350
709209
903383
240874
66103
537476
752089
543444
107360
513960
406704
339141
880315
146
907090
769267
747140
209225
225612
286433
611785
707768
112062
554394
753149
896711
429407
528463
181389
811858
839920
922421
753038
544812
466674
444500
71468
329641
693514
61901
411712
268174
613707
568938
836828
317627
157680
92367
63846
468898
566034
88486
941085
573712
395808
355505
18625
495667
504473
602560
236376
766762
624060
950005
279043
720239
972061
166684
417164
776435
429343
526493
383929
705168
809322
452165
947790
941001
636424
938018
702929
442272
212722
450087
288637
857265
975066
201939
