96 71
732172
869349
327114
671940
427516
974734
582081
557086
336170
273043
473677
938180
38518
168719
496121
317719
927738
385534
745831
899855
839361
724850
947110
99455
172336
448819
76726
854439
564910
476641
793067
581529
696802
860906
141263
894596
55907
696742
956374
604044
967723
577168
152069
692295
976526
452465
620458
837340
879810
678962
815746
71946
645679
693424
614645
524585
833724
53901
682200
109152
443677
117699
93542
999506
736130
844041
218511
742662
112251
715485
44073
697808
664309
561438
943674
919333
278673
772970
986255
678664
903499
544929
871684
105373
703618
34226
473137
251764
687182
737662
327799
591889
77638
665185
640736
165767
