162 131
761163
390588
104640
190100
878226
553051
22943
344973
612287
77462
904369
942821
738869
531192
293467
693355
793741
854105
287859
683655
814778
858027
855908
214389
622202
460532
675170
923668
450526
591162
447285
788697
253651
987103
910726
874391
271374
781046
723470
97413
905499
744628
153049
450681
744563
795256
49621
10313
788709
301739
924748
62612
854381
374878
478789
47143
529378
633909
555606
932973
352568
469427
25048
614110
512533
40390
350197
927973
902090
749243
764279
734048
890498
728520
816379
920950
445008
578119
128702
286655
963982
739254
202123
522372
294088
143946
558
354294
266121
193444
405534
604124
773033
391434
855800
129199
958026
675308
46542
422094
711626
378545
260467
979522
78956
937674
118632
298240
739787
687018
480359
694516
785060
13039
175105
761846
118504
557439
828945
633263
957704
245099
446762
769381
795750
490586
648913
486673
465699
717350
636512
123341
482008
159305
499531
629123
925360
48528
391311
492707
802651
608992
205008
583923
18088
549040
612958
501102
3429
889771
908290
955914
297290
288239
836655
193479
260477
459742
170243
294857
944750
709280
