73 15
885678
186935
922515
947207
575363
825698
744578
964077
880076
534115
157271
839316
766173
570296
270254
93586
777957
61680
925407
707333
405760
637569
892680
552949
699439
862372
824998
87235
253102
470199
740390
456805
195014
680308
65254
448127
83460
558649
223325
113126
69227
351391
520310
77922
476238
460747
612320
419161
164367
660996
193283
8039
966603
803391
56775
580577
883607
563302
323419
713716
22457
312775
146857
855763
886364
418544
467769
577528
164778
772101
553329
43804
698231
