236 34
163933
157931
638912
567046
11013
276079
372721
536945
700006
823040
594948
771070
820130
555310
342112
994876
4827
376154
14032
758686
643109
633658
362145
500219
453503
492947
41587
578366
921409
758173
370176
805840
108839
798807
203215
287398
612283
920460
783697
769565
904395
481123
192858
884433
86013
798145
564205
546987
287546
818846
571236
781063
886904
178450
219238
607492
102001
573697
607364
549007
819638
910296
848956
275432
142539
899290
594608
930504
678979
283889
770349
514977
124313
667628
977616
131711
953579
620535
85218
975043
774874
886822
537585
232384
3532
770468
797284
889782
379150
189558
700719
139865
536534
162768
729328
290469
385933
208750
758359
891344
688970
28972
542989
126243
618991
24979
417146
265619
655909
430791
621891
313973
226744
769733
633726
604041
607968
762371
442977
441676
751530
899127
130864
460054
583170
468814
331501
835204
602773
614692
340497
197732
148405
825257
171829
964569
777973
401000
774106
941921
887748
754528
729230
714095
891234
674286
981949
346081
193885
826519
727120
869707
441115
91908
330064
488665
414053
778620
719673
287005
777941
159391
797583
834813
133368
124172
101533
595385
415223
389968
876788
607395
266109
674638
304329
966298
170732
420957
444476
99907
669449
91241
343952
427880
119763
171939
165562
433446
194359
903126
403104
443487
496507
341677
588514
10959
444813
781611
60314
988318
488995
283814
597059
454211
29154
243914
109708
156120
338889
575855
293775
122377
756396
374746
654999
407107
279479
401569
708528
405874
55466
600489
306734
928547
623570
203883
948357
865076
876786
28181
863545
221087
747500
933478
535324
940716
