233 139
298116
73402
888100
388388
88081
285707
432721
839551
50801
642023
534897
433510
70172
449975
549851
655415
124868
197604
918165
480887
242116
651465
234427
568673
130480
17177
602283
194082
554963
350522
481555
763321
25897
686129
498843
27941
639863
36470
643670
517813
370844
374553
37638
887709
900611
458140
2223
749441
289890
280872
497901
577168
719964
586508
527528
631914
925274
187109
732637
772383
241292
355860
933155
988094
811957
782072
617497
508662
43609
82442
557954
176416
917235
651914
560515
200512
40685
343334
441843
487376
53078
611911
320190
27888
103911
13346
200734
645580
991422
358999
196757
116734
233779
103991
951481
873199
890967
261479
385130
317818
586272
26168
589498
112268
578599
470530
907875
545046
298179
906934
179689
426119
819387
437500
82730
572973
849267
630827
85602
304358
956150
351696
921529
912908
649455
347458
732232
581113
202948
975236
206072
888007
645583
289641
574627
942926
436377
844731
241303
309982
5048
880122
927506
550465
544413
833974
447362
223508
352537
270007
800302
127377
264577
627461
19395
29157
611283
648262
777591
979924
971551
741496
857684
921659
231707
889229
286620
802663
58925
347799
850517
987511
478009
363856
301625
798272
400565
303939
378358
494429
487217
30403
648933
593742
874202
475583
600273
874887
15398
241659
597309
670472
83118
647468
682166
656932
142181
58266
344801
542457
221392
63167
631309
127713
717434
241496
346305
714553
494011
908133
812739
828629
2876
513916
165384
531961
625179
856167
540507
75738
786632
122625
679314
392376
766516
136363
360384
575018
230133
217302
18157
433873
551384
