276 222
50000
324167
426142
947256
168030
776752
811937
355290
279942
181068
808893
229460
61444
483193
948521
530906
295257
690387
460758
957487
637883
334917
956382
787315
948187
226888
91150
252129
366113
309192
542309
905636
837999
706600
893905
731028
51737
746735
977944
131078
204974
691295
983887
120918
820368
660371
187084
920433
34417
160233
493861
158882
714566
275790
521165
262796
150098
893561
564446
519233
366123
850841
329268
275417
729939
123619
558611
753590
61707
672305
855778
793248
986246
353629
837044
263962
532610
12895
831788
968555
718675
17598
341851
142123
968231
746277
365657
476094
70149
960972
53461
303280
78182
264167
383583
779690
94280
558478
109183
718027
509309
317140
922839
57659
677419
653754
1814
703789
561622
409525
38335
807369
949274
404767
812779
175456
941100
418859
947394
853342
563103
549729
876683
474613
237487
181595
308179
468625
129832
570072
622799
897760
921686
889364
203930
585808
649976
720256
593882
326142
920020
273826
488198
621862
3100
918586
803836
423285
241592
723224
635519
270113
426619
48850
663155
711054
710162
670008
137468
723009
444037
309560
674674
461038
583418
816479
785807
180918
887309
865676
982069
745282
730188
24138
892435
175089
498850
207166
639646
178869
80118
982522
610111
186957
95737
299383
164397
856581
260508
94548
38425
281373
432022
822161
529858
736839
691456
367952
726269
987909
704609
537703
266267
258357
923160
486204
515032
462257
113983
101754
742581
288418
668162
647288
406034
38829
13147
438190
23356
596401
806521
205070
281205
646035
956446
134092
917071
922175
623341
625465
857781
197294
394519
180541
962411
366195
675783
778457
215783
993713
852448
783754
135112
266613
980637
127012
601325
378432
175243
901881
388
948443
663701
945257
979282
368033
828116
624676
884566
730807
818707
300813
985619
752969
298578
506421
394471
360484
86168
169961
512698
206842
363199
486905
274191
603509
