289 201
142155
656909
24040
525244
373051
645862
493466
713030
534688
820598
53955
866330
53234
492730
212041
93942
148423
166306
838974
38893
577377
250176
693468
68171
448045
410914
246482
906353
415603
4431
263692
803263
83250
303291
867061
604863
695675
922461
747593
495797
673365
806895
966713
358668
326790
888749
321913
572002
301974
449649
599359
84494
237145
874179
556365
961601
500995
785456
112422
521549
186841
83453
749265
146788
156981
623638
376944
874726
474160
779991
90812
704902
81985
925745
78575
990813
865929
571055
20124
361160
957149
43584
316913
900992
251637
850894
381414
146963
979245
277999
578012
157631
846162
45970
630192
119595
818720
574841
868584
769363
247412
283886
392127
240773
432375
542714
430221
695659
292890
116413
135227
434335
864606
876528
988160
800580
453115
967059
580251
547460
418223
701534
931466
885139
450050
44915
744751
925172
479192
314425
170141
918642
895115
569030
192940
574479
839180
291272
669560
871643
4078
281396
146547
442333
575643
956461
823772
616607
865036
391619
601120
160737
421253
762460
896555
207090
310920
292678
487703
722628
82753
217184
732803
472255
179388
614681
221609
943810
153958
613842
822640
270720
630667
442352
687993
239030
108374
967626
586846
936275
237850
811984
828203
194412
354037
244209
444524
417657
764361
924909
511377
653816
486446
176967
822598
365626
899721
867065
302536
553261
685062
712996
771582
952737
737480
8033
71402
535453
664669
402403
263232
524742
448080
667945
125465
455512
714931
851025
563048
277244
424658
86972
696279
249370
139841
693627
294221
27214
161194
209622
159786
277911
843301
412822
939543
806215
260153
304880
329422
182770
897894
728329
563878
440633
260678
983250
525045
493811
680992
211902
482208
503973
428600
743056
891234
713652
565662
245118
446904
27223
255979
780903
615238
371227
213378
430431
682724
135537
180585
434963
277912
584185
231415
90276
759210
342949
954668
294832
560171
999078
329813
544676
857513
581576
167563
707949
923061
588599
141181
