260 129
772482
29000
848606
771224
951867
301349
222650
795233
786507
533844
389568
837419
182271
985388
264257
533009
639577
93783
736997
981894
637101
811391
509928
8920
510893
991501
942581
934472
954730
826046
674626
8011
775652
614181
59768
936232
805441
826944
395338
336794
328733
393916
697556
125184
179279
882166
310579
719174
868381
165399
984551
960970
37683
831989
578048
15607
919351
885251
176111
425175
790448
819113
936837
467389
28268
369272
236027
984847
916073
746368
847262
684641
873556
947060
729081
339015
56177
444658
74469
394359
998090
707857
271933
781503
83687
248912
321169
544028
494797
317141
607210
608033
969621
626129
160401
216635
253768
220401
89254
371619
754798
477111
570961
954533
313996
418706
999920
947449
570459
742308
836143
512439
453677
900066
648893
306955
445755
982201
430710
763967
400101
241275
655440
620479
590237
673952
791504
471447
943445
856833
157080
808935
945929
68603
543871
895372
798387
864689
945581
947071
66283
586863
839085
767677
273259
562990
691822
984446
798223
896599
947204
982151
678527
67667
488420
94927
818714
11400
145320
465639
934719
747600
912666
591507
808713
977156
242887
85281
24481
712293
692208
750477
935077
972348
793863
119907
774263
756364
842044
77447
354921
937817
159615
777781
948219
845860
833743
517442
657146
173047
107085
478270
790200
443290
956511
862278
512270
688546
553445
131584
959321
711455
534521
140660
314417
487689
401476
448612
270379
910555
76128
89887
268248
366448
149194
391965
772474
108713
747930
902823
198821
265683
102717
239684
477526
662992
790285
319727
343808
688262
573145
374695
484908
796125
620776
791785
525195
202004
396230
835918
339286
993587
408246
881658
391537
589540
477866
871059
205792
876332
842412
286088
872033
777424
838951
216448
849985
666400
672692
866578
