205 194
289484
524944
134463
801202
195672
273735
297988
212598
233992
440214
881207
745579
54203
155465
267895
392489
726208
578376
20007
948747
731664
243510
794706
804876
552585
529992
934536
631635
607716
377054
123854
235920
795675
650764
770482
144100
170588
252139
722115
868734
735928
17577
692461
991235
133058
206883
310234
69940
213514
301810
51202
398686
412207
488804
833706
999445
229580
504288
693813
153597
434510
50675
478109
745364
219745
208159
748591
708748
84301
773857
262064
702624
742148
249142
220700
569703
626326
901867
573963
211638
288226
476991
646190
798244
102041
381956
257827
52548
546441
587716
869203
60105
24536
758771
499199
250862
727517
842985
730854
20985
678356
241727
813694
791940
494303
861313
88144
52059
968257
576463
898868
264622
630199
565051
117415
144672
554816
390858
974310
158382
827170
797856
299214
653630
965039
757305
505381
523773
877666
89232
830097
989485
472572
815532
882763
972499
114362
535902
461747
662426
804771
434019
713004
541320
157433
794185
928963
143879
152874
53106
864507
773089
901163
733198
195409
856625
536696
49194
308899
478576
199994
385658
719677
230251
306704
186936
99483
34338
898707
451170
824099
165942
454050
985160
536509
744730
692239
756351
34854
443125
443054
112263
683204
750284
797699
756763
954327
570195
480858
248115
917060
199996
574494
377579
825290
332516
495380
202065
127613
921694
38017
233031
451364
823136
605430
