259 33
703485
530650
985892
961521
553644
505473
573676
647170
171399
894000
967747
211001
718095
535033
929076
716090
486723
91094
549841
138591
8034
752003
318167
134612
273169
688391
406778
735366
136106
443267
391204
810730
467391
728675
868977
420407
897403
780155
401869
571120
447351
382406
968646
74912
137004
423974
653950
80507
870700
766343
646028
865332
831294
863645
136196
834256
2601
873811
348736
592123
744614
531866
451702
926103
965784
272892
355615
551700
979295
598764
574938
309577
655157
471979
161493
931399
749764
225773
802536
569484
25146
626559
170255
570718
880417
977518
503215
798961
79987
566744
761116
516870
852091
35805
917732
37929
175523
961987
516562
178602
703461
837285
311495
870389
175628
807579
30326
39525
731349
765243
240496
200860
597202
316956
249907
830614
727900
565911
555468
934353
124739
734477
750494
781318
442755
231063
39680
269621
778816
545283
685835
69651
64819
191144
252552
582048
582394
51976
416415
873902
780899
797003
234266
420365
784653
312309
976511
492042
887434
233313
215811
970497
574164
987706
608999
839657
506755
203079
374418
450207
741504
739369
570483
263213
690723
950149
976076
289767
935998
426886
289167
12656
582320
445449
954861
626796
2094
513659
744028
905875
349704
852681
93033
597436
377950
764159
626235
687232
807415
710548
486383
141462
692113
529895
442392
333383
995895
621073
906079
555461
503776
664182
224061
91805
503171
617379
1231
826101
597883
380184
919166
350943
981467
799353
25709
854615
368436
172378
858237
535618
136754
271882
918192
43944
601699
258507
912117
97292
450652
897900
116234
361632
405522
867246
87616
326042
31824
887280
443131
914371
121866
96216
343730
149542
287910
782624
770589
274231
806664
995653
353445
304109
559295
974317
930777
281935
264468
994956
784750
