175 165
302354
793517
549034
124513
634633
694620
2561
49207
96052
966717
29710
281346
687518
727204
817668
334520
562911
257986
734039
840200
265578
169504
830553
411783
792265
806886
219118
116598
922812
961340
900868
271007
762070
228820
894635
552798
707287
43683
461905
824299
514156
375749
990720
236282
925554
823551
639153
59614
539470
764198
186065
707265
520839
871026
57028
767711
152782
614894
129132
791823
526575
894792
440129
544264
289611
160331
183900
448221
913299
895163
542149
785657
467714
119703
736473
646250
159648
277327
768528
694845
621299
15061
310048
112844
47092
622624
98262
892783
138193
308213
553050
372007
503292
761887
555722
91250
708513
174823
888951
883009
800367
772502
535146
424525
527966
100279
246127
238086
52080
529559
738448
460199
989718
381376
822243
319324
747886
481545
351242
613520
245839
48468
280061
34132
11985
392315
352524
675024
922665
684704
120173
749721
381961
893591
530152
427795
833972
112079
231067
829176
164293
826075
857339
878554
751692
938503
778045
735250
842969
512242
374566
455890
165957
515692
659913
12663
592610
300225
616899
639265
494585
944651
735983
85747
678990
945697
928376
874077
386704
383659
905817
215419
417501
657482
713211
