143 113
799711
15898
689582
82856
272517
999237
467297
584572
828974
510766
715097
939680
712087
84480
813492
906459
284434
98436
308441
362274
406015
471739
132590
503316
713762
693488
491822
85892
428528
684325
685269
361911
823515
270081
392724
640249
754898
732779
913998
804930
115322
864860
610196
297695
861806
696964
335036
949407
482070
997151
991411
60410
691463
290265
868598
488376
543543
450783
51309
423227
441081
452317
713551
497668
154292
73844
366781
899640
495711
869214
299755
986391
826052
495798
281720
330829
835172
203952
684165
207480
772901
435831
170417
810972
414723
734883
996068
323813
909362
581941
324144
656850
344361
46251
182342
885725
410010
857221
249404
225734
173023
392437
355389
717367
373712
257915
796226
542778
221707
366295
504375
232208
726433
347289
70989
637578
703466
542039
194701
902069
743619
919974
530668
209349
318387
834393
151110
589438
476492
313382
4003
741074
118176
418286
296618
719419
926170
335951
640003
465279
697605
187146
902431
