98 1
774720
783008
934028
204213
616352
721568
14609
94374
507423
729318
516744
231286
511551
725050
754339
852406
497644
97333
636486
850517
71207
854381
877709
900958
575302
414479
510247
32749
474427
475090
154024
733751
942827
677673
765719
959055
745456
470938
539023
811033
959782
535920
393514
836104
877477
880706
27808
760207
637484
640190
859662
500542
70171
267073
695951
649666
623086
104932
611196
548999
542624
864041
35128
37779
105875
737515
306264
981291
239601
401824
116396
515553
388139
935036
105131
376628
761915
391983
947233
759380
828754
922349
269499
436112
20538
570563
627713
689330
489726
310846
135036
319535
439333
143323
556703
188861
94236
794423
