139 85
197347
621236
279010
174776
410344
814546
385596
591278
876361
324187
828064
758240
516246
82931
443850
174667
406374
504881
41813
778049
28558
738118
690848
988823
124760
889942
501946
62019
32399
975325
421842
648719
884225
618108
822183
749025
323509
220161
618764
637469
845241
274398
420817
518429
664853
241973
748462
546016
228486
341544
703524
858528
406997
249295
999127
636028
806728
13075
889253
110619
933831
13821
61233
427947
568946
24317
810663
276264
251651
921873
986132
32718
299004
400760
25423
607563
52342
736087
488401
243589
777048
797655
485858
813714
750302
765118
297332
983479
933867
410357
831780
311869
317984
85428
808445
563740
566748
271849
94992
326276
226353
436780
337662
351765
159964
122062
233829
796912
434255
421826
738803
867745
943832
932981
452237
997302
164660
680238
9307
34945
573344
604250
700261
480937
155895
779114
779587
293279
710717
305828
101472
476682
182474
663924
258213
552499
355754
437496
307716
