265 144
376652
73903
483665
278047
138770
371292
684401
3638
703564
40870
55302
339078
804818
230778
905247
744897
914970
819147
555675
791618
543857
989008
756153
42112
423500
432048
124638
147382
954741
431835
630577
558413
799695
356022
404780
535784
770769
772775
110610
537963
626939
367308
876470
245867
178797
578841
327712
358141
316401
805879
603156
307249
502108
678501
761638
404944
661418
201017
619769
846686
708636
98150
583882
973534
564117
914818
295648
207845
62552
926074
78765
912464
676585
703058
8349
854068
249941
886641
508289
27986
664772
867290
375784
887435
478233
322501
26124
843907
425349
977685
111557
612124
374238
228881
891620
172861
864061
983059
291966
946046
987105
961569
286482
96416
778722
892690
453044
641983
840198
249011
494770
374322
980761
113929
472136
217906
769827
178939
71108
7301
36365
960296
630893
215893
238988
901276
892557
663109
911523
806649
605192
910036
920697
891581
666279
942235
364889
861177
382390
865960
608180
753089
548217
7430
148186
548400
267432
818045
928178
700449
17201
930370
945932
53005
206721
175172
908760
64544
44444
219107
514625
661262
632317
91795
184526
385312
900126
381561
666041
154945
908862
448364
509767
918290
646778
53157
580178
662079
251822
273590
294070
670634
483445
170829
430400
49496
677965
110793
75097
403651
625098
910931
456680
154125
147667
581533
199666
391429
328538
625233
432425
893073
563504
931953
496989
108931
9029
807003
936130
566973
700705
660734
396857
437975
131169
198301
961266
476767
462472
422320
770743
425776
703012
509938
176031
310971
76741
274993
755277
108311
754194
867181
579242
628650
980902
656
955190
419521
136854
17109
389425
162748
177081
661637
716822
747413
352377
537659
751235
599067
783002
779537
613444
269426
877501
773714
246667
948131
352071
522163
890116
801954
640086
992218
258092
