93 21
813013
149968
219853
502333
250998
222777
215357
141604
856286
146971
863261
202385
905778
417756
875561
68274
176653
887065
713293
493632
204592
670992
996730
650494
154593
881376
229337
896713
305209
557171
478624
792987
655158
450114
922834
175457
428065
4912
123013
489808
711026
834867
645442
769437
253499
738225
197543
517157
665570
228162
787470
765534
182753
200096
937783
949400
555371
664669
619399
145138
924315
4581
93793
200245
164953
430325
107934
294529
723633
816398
54342
307590
496090
888833
542937
798283
566918
440740
914882
478460
359828
399378
222697
348949
858697
821104
94662
489485
421469
305095
262382
201036
397976
