175 8
724414
665553
194958
344851
846639
735184
543001
336046
380755
670083
992491
871455
698218
83287
251863
354905
78468
735379
297981
88984
744239
770773
756802
726986
5581
852384
687628
239049
450873
757786
851612
607647
631324
278894
810928
746632
952184
952887
155683
537230
943875
112782
921021
51086
877050
490451
795053
907313
898110
532499
65312
726132
789853
240181
771639
171
852805
649214
169181
625495
706507
595149
126997
303387
430063
626878
344225
41731
3862
437320
433728
818142
539305
969659
757372
898059
53192
63303
980635
377578
273979
650594
308343
806486
77435
768119
257028
570728
11231
61000
180293
420226
57049
731053
987045
727842
323075
597057
52128
884402
990775
825206
16648
564559
242193
68192
390856
346243
455328
981149
813922
505219
16304
11248
778483
424466
201944
775115
207611
409711
732109
425148
670311
257257
477929
983470
259290
413604
93154
402623
330177
249238
867803
947717
841353
857903
195503
628766
943017
920053
711311
728100
575996
832644
360954
740601
66284
320648
574531
188902
279644
687617
959581
97472
649138
328082
825506
354831
952753
973882
681726
599031
821947
755661
97258
605402
656708
671317
904115
805717
538535
622421
308757
533043
327523
