176 96
683227
459121
734171
4644
937791
467791
992839
231525
76137
512066
565843
72922
972374
516249
734729
458948
248181
793445
541768
167622
432871
505239
644982
607618
290761
406468
729108
720686
191633
625706
990651
906398
908267
510992
480961
150894
491787
256019
41875
940576
335514
982684
333909
718299
328844
700314
995118
516548
215175
489459
315818
417667
196069
908946
334590
849719
214672
929556
896738
647546
655206
227464
738193
777547
815295
887544
914331
642529
50568
73071
61111
716274
15870
7688
810178
688531
697206
321319
763160
377728
659169
958546
424420
954345
42845
100809
385279
841689
711258
968307
413595
367498
628418
639981
326039
439648
102357
747326
80134
338395
153528
787607
220819
47424
672333
982429
31909
293952
590816
837378
684305
806910
354747
487036
626308
920414
87201
327039
41205
1357
980496
521749
595725
734772
340116
553789
940610
793945
985355
762024
599985
105174
243339
650232
426172
805976
865346
882663
706097
122941
859691
198912
117271
58903
439634
753317
956857
792290
196831
528552
645633
633499
852760
794816
257229
848578
837578
31376
387315
509799
776320
133092
781031
141877
207608
68427
831797
443098
454771
805597
980369
929896
151117
288615
637862
404089
