188 187
118379
20692
271656
837403
157405
611686
805889
895716
866989
859145
417758
159440
524998
802155
396384
458690
943120
257889
160875
908620
925762
853546
492309
780063
177494
999640
852895
396095
34842
55252
810487
457167
906397
214774
852352
476498
571989
331359
822777
406652
951619
852994
984460
714876
745665
791484
241819
41663
560387
572265
411425
592626
60916
263726
944950
772245
84754
989394
145837
489070
952594
856148
442651
530890
833219
948533
538604
426219
561945
445732
424641
41760
836897
707045
77754
596539
987289
877572
749724
849999
238425
712601
745580
507020
508439
572077
484777
706588
633811
951020
998973
167527
609750
184265
243764
764613
975800
681301
161421
127442
108074
936745
129411
184378
581857
742432
645057
321796
329629
256816
38203
167651
380723
516008
957232
626594
73737
388093
953601
145451
778549
59324
888506
742727
51566
718415
122902
829113
428947
885543
627575
528881
594454
668285
689914
100985
750850
360690
803519
186058
689111
117918
438632
268962
253913
711655
616912
759794
815913
515971
792345
38142
603248
195023
288695
270909
641725
9367
108129
663281
883597
63495
29368
411578
350098
161114
608435
137283
707642
584808
610924
150750
279426
81854
999470
943842
653939
517479
410083
781419
583562
90875
940363
856438
17067
128364
483774
911969
