157 138
949978
819134
666676
911510
368538
690547
129890
377367
31293
887235
911462
932713
666446
345508
447169
500592
924022
540562
324076
829675
214647
425648
900215
123693
825003
578216
964567
587409
935753
53640
705517
541791
675903
726064
521699
40069
614366
581581
159793
315605
549395
389651
429237
569138
247428
923072
281987
479894
995348
824384
392509
840616
758352
867426
893436
75107
126467
667365
558047
317840
536490
422393
242568
704172
876159
487140
657769
537496
119967
84371
707243
832986
170955
250820
464037
168648
352617
818846
940849
850958
725666
382425
803047
688040
514650
448846
67547
487127
791482
391975
191411
99709
251952
95482
177526
37679
465589
891770
884412
502872
610285
292186
424935
2301
105398
184452
754295
469310
118413
403055
489127
149687
981355
506872
953096
129941
658087
15728
24125
736570
549326
444431
756878
589982
809034
50546
991733
590038
626892
992500
336913
793113
463537
430240
450464
29483
317466
234664
458175
237239
767882
288228
455462
152378
741939
631974
266703
7968
866905
858600
213857
837194
509667
473028
394723
440602
503061
