270 8
542627
890152
398287
285229
442665
39830
241432
724963
50804
453513
586445
345433
562093
679954
17477
230200
42212
968917
839991
350601
427626
675433
770015
654408
71946
249939
964495
856187
776795
377403
473383
144517
753645
107476
459915
300237
229873
503384
486106
119168
872239
297970
925950
209380
991787
789680
106950
109953
706702
138910
127658
693839
167811
875891
819158
175881
342250
735971
954161
968057
154598
467957
329201
592986
404770
478082
601896
884525
424579
678675
933191
537620
959811
699854
318724
500618
34451
328460
577036
779816
284292
185237
956393
511717
357424
904105
215744
982215
841175
491929
396177
978629
864065
819637
722746
60392
65634
912962
636195
153288
258072
600865
651887
202034
505853
260081
958766
363953
910960
624039
612734
565245
452398
552918
132294
859591
333609
79041
884104
380399
437160
128654
44577
232855
372811
898853
161238
165265
886219
648743
513041
542055
927419
499561
8791
29770
770518
972474
272306
534738
241352
308964
674815
594588
314076
891533
300599
438976
249706
226869
410181
876870
691533
275398
713951
633169
29387
356473
333388
606750
175139
264320
430695
131185
137122
573751
182457
829906
375874
764806
688711
226842
505431
760561
3631
324259
64197
651928
283979
830236
611049
817225
940848
313034
553005
763443
91366
998155
830512
891623
810467
191740
778693
982644
27252
911766
254053
614387
72481
503225
25780
450003
118423
87025
741655
513559
142467
192823
706390
218083
752852
916696
674043
197128
727769
254705
727940
469885
505315
737633
676605
338143
16927
240909
760712
757670
154479
492920
575675
974633
103124
746098
151552
587502
637922
715722
984292
145373
980413
903988
320777
74138
727737
142
208522
422552
815776
135449
226404
321570
151703
344138
615588
473700
970539
873658
883174
646452
733678
750515
211544
387769
421461
758279
983402
754768
881725
254232
938875
134052
