158 133
189852
339216
632837
160088
113754
649379
434847
466066
828221
652966
254912
101030
837563
302340
853525
774885
153832
55840
625237
309463
139269
841117
977862
680797
746510
424662
466819
895907
719861
875649
390303
44252
829104
91096
816679
143030
474099
35095
966175
794768
458349
305495
634334
852256
520564
385850
882860
162805
425744
868029
570537
479404
345464
581690
817156
984854
647883
871450
129112
795939
521797
792438
437162
783669
478999
211782
553324
63425
321876
310106
721803
342182
688086
766374
773118
740986
553940
615279
474120
787499
808733
913188
660703
559052
122523
601504
633693
780444
191917
370825
659319
387405
137430
601769
639095
266517
370298
175740
573682
701505
877631
838676
143001
385688
277150
981246
940457
608315
554072
928724
840626
561336
453845
762314
933277
331301
609349
111126
36374
492722
626932
440855
199172
774047
242384
942904
844144
760741
939119
908075
371928
282840
952689
304515
593437
23309
678076
413661
262778
10884
161506
694084
96467
324577
562770
315962
889945
350205
386041
953329
920711
871287
519140
743018
575955
742086
18214
764563
