139 49
25878
988267
152999
643530
566983
703241
573172
75706
900022
14813
33673
668626
256995
484366
595783
173659
254863
68863
726222
245191
581977
454543
920732
495842
523692
910092
430466
280721
952945
159908
359352
863376
919781
56970
666344
895138
240561
520551
557119
538764
947566
164673
515205
743973
250483
787598
760638
59328
873835
820275
271367
380555
562496
482417
22812
393860
938369
699573
736756
393829
194979
364346
952545
124416
736804
741841
490093
309377
412744
325899
542074
371799
518063
241951
466949
273432
8962
998213
438075
481107
104496
533709
98131
353195
560845
764496
261899
62849
764998
243960
71273
881436
483928
825572
229837
845460
649607
933854
504086
649389
191285
939116
376042
936662
328750
311919
947648
909134
301645
462998
138777
513962
571040
102919
174232
85167
634381
373164
934882
668686
740669
87201
146549
814566
679499
997790
617886
113299
98700
787115
913921
436153
337216
311978
391932
728350
852181
770255
435780
