7758 5487
-4697 485
6004 -1262
-3924 -48
1734 -7741
-7209 5924
-6453 2981
-5372 -4164
-5636 -3222
-1270 -5373
1714 3281
7103 -5424
7224 1635
-878 -6762
4329 2213
-2484 3657
56 2327
-4625 -3440
-1970 -5164
-3160 2328
1604 1954
4433 1623
23 -2655
-413 -3442
5947 -5444
2300 737
-1344 4622
6410 -2979
-1384 -5286
-1486 -4928
-6946 -64
-909 -6409
-4491 5536
-5084 -6883
4400 -4031
-7276 3754
6453 1025
7708 5161
-7225 -3039
-375 -6488
6119 -2942
3285 3013
911 1075
1892 -5941
-2364 4558
5517 -6140
2383 -3903
-4281 1902
-4513 -1006
5973 -1899
6791 7689
-4467 765
-5473 -6566
7625 2485
-4127 1355
4470 -3943
1814 7696
-3395 -2505
2982 -3704
-2982 -1732
3081 6076
6886 1600
444 -4289
-2421 -4040
-1369 1358
-3051 5795
2672 4718
2730 -2220
-3121 -3171
-2684 -6757
-5322 -4213
-4545 -5406
-2567 -1273
-3990 -4405
-2753 -7735
7307 4131
2170 -7286
-1326 5263
3941 -770
-701 1248
-6993 -1739
163 -871
-1235 -6727
-862 -3386
-2843 -7501
-2938 -6168
2470 6192
-461 5376
1990 -4333
-4657 1203
-185 -1454
3514 7160
-5628 -5912
185 -75
-4175 5393
-7437 -1697
-958 2272
-1411 -3353
1406 232
6470 605
-3923 -2895
6328 -6054
-5961 5323
3627 7730
-6596 6111
7693 5327
-418 3299
-390 -5041
-2401 2028
345 -5187
-6888 -6716
-6448 -4733
-4089 7683
2988 -3260
-3940 -3099
2235 -5442
65 147
716 -1466
-6716 3702
-3770 -1309
2869 2428
3994 6000
-6581 6908
-1489 -4431
-2032 -1002
-582 11
-6717 -25
-97 4472
2895 3067
1325 -2414
1332 -2114
-4916 1362
3904 7694
-2891 7748
-3261 7283
4581 2113
1201 -2848
7098 -849
6632 1838
5027 4648
6060 3552
-1346 1590
-6754 6700
-6449 -7089
-2352 2800
5466 7452
3507 1468
573 5799
6167 -1606
-6961 4712
4562 4749
-4685 -6532
-1645 1554
7698 -5243
-2167 -401
5169 955
-5322 919
7699 -5011
-4495 -1806
-2795 545
4955 -3293
1205 6559
-3387 -3533
2676 1588
3140 1275
5283 5417
-3933 7736
3351 -3640
6993 -685
4698 3961
-2648 3935
-2846 -4147
5176 -749
-65 6814
-6217 1242
6036 -271
6870 -3750
-4428 -7575
-3871 -3195
1925 -1275
10 -7283
-1800 -7697
-2799 -3448
198 1628
1993 5117
7090 4910
5920 85
4298 422
-4369 2035
-5796 4208
-7597 1579
4029 63
-7681 -1162
-1508 -7716
3040 2916
2740 -1128
544 -7209
4399 3066
-535 -3606
5997 -3905
-7737 -1325
5101 3701
2772 -1111
-53 -4439
-2766 -2465
6871 -5646
5126 -4828
-4812 2980
-1229 2141
-6885 3800
3595 6363
-5712 -6875
-1479 -3692
-4511 -5462
1813 -2985
3040 105
-4593 5753
-4047 -3537
-6687 3870
498 5899
-2984 4069
6140 -3969
-5355 -4571
-4712 40
-1449 -1420
-4328 -4022
-2985 -1113
-5329 5413
-5803 -5399
7233 1436
-2910 2871
-74 -2523
560 -7446
-5594 -4492
-4481 2116
-7121 6010
4652 -7345
500 -407
-6745 4110
7437 7163
-5551 4309
-4626 -6468
-3178 -6359
-4463 3101
-2985 2699
-727 -7390
3877 4310
5816 -1620
4751 198
4813 3173
3841 2278
-919 -7491
767 5145
5282 708
-6512 231
4731 2917
6538 6308
-645 4206
-1943 4286
1054 -7117
6793 6561
279 6638
-3687 1658
153 -5386
6411 -530
-6514 3181
451 3276
6181 -2936
7261 -5448
3698 7012
4420 1286
5346 -4154
4487 6034
4213 -1474
-4297 5253
-1657 -612
-3329 -6716
3194 429
3460 -3108
-1314 1281
-5175 1176
-6757 -7210
6069 -5413
2390 1507
-7425 531
3222 -5619
2067 2817
-452 -4150
-5125 -3306
-4991 -3707
25 5032
6759 -3670
-1324 -5540
6254 -7292
-1964 7181
6339 6365
5342 -4612
6553 1431
7444 -4126
2721 -4425
7600 496
-6638 6812
-1099 5809
179 5993
7452 6052
-5001 3784
-5493 7524
-3444 -325
4844 -4713
5818 -1921
1229 -539
4320 6700
-158 6633
-5681 -5035
1994 4049
-5522 -1177
1361 2780
-1235 4199
7466 23
7126 -4059
3642 -4730
3169 -4378
-686 -6680
-4974 4728
1988 -3529
-4680 7701
-7596 2050
-5250 -1591
-831 -6495
4619 -821
-3309 -4791
-3486 -7588
6989 1651
2681 -6639
-1029 4124
2160 4450
-5661 -6036
-1978 -4364
-225 6280
-50 7652
-7284 3949
-6380 -6699
3860 -2363
1963 7175
-5730 3865
-830 287
7253 1272
7469 3675
-3201 81
4254 -327
-2582 6249
2348 -1801
-140 664
-4097 -3751
2938 -4948
-5082 726
1895 4348
4949 -6679
7184 -4605
676 3774
5949 2598
-1100 -1853
4434 -6966
997 -6483
-5467 -1463
-7517 -506
5632 1067
1379 -3924
-2411 3341
-5482 -173
6291 2469
-3525 1693
5433 -6259
2294 -3843
-4962 -4631
315 -6944
572 2845
7006 7107
4296 4928
-5622 2130
4 7593
861 -5594
1937 6714
-5501 4532
-3915 -2510
-1721 -299
-5427 1279
-2944 -2539
-2917 453
6952 -4942
-4479 -4752
-4372 -3692
5215 -2454
4210 -6680
1797 -5654
-5690 5763
2540 4833
-4504 3280
-6377 -4997
7071 977
5682 4907
-615 -2122
-7189 -5838
5132 -3307
-951 -1393
425 3381
5036 4449
-2434 -829
-6128 123
-6034 -6881
1316 -5044
4303 4933
4444 7463
-1193 1461
3885 -4493
1916 5798
-2961 7175
1210 248
1824 1047
-2052 4003
-2274 -5097
384 -750
-4003 -4023
1763 -7200
-361 -2044
-881 6231
5963 -3524
3957 -3705
-3290 1978
-5355 -923
-7167 2509
3782 -2374
-150 7478
-1933 -2194
4656 5353
7393 3249
1013 -5807
1106 4146
7221 -2821
7197 -5369
-2691 -3225
4226 -6245
4279 5876
-4051 331
-966 -5848
6837 -2295
2836 3234
6383 -5008
-3750 -2553
-1579 -1142
5311 -7584
-1853 534
-6855 -3833
-1903 -2835
-2977 -4673
7524 6654
3495 4993
7294 -6919
-6874 2911
4347 -2535
1221 896
2013 3825
-7145 -4521
-4359 1786
4620 7466
6227 -4186
-1059 -5222
-4144 -4990
-3498 -157
-3949 -1422
-5651 7164
-6147 -3453
-1371 -3243
2479 578
-2033 -494
972 -2432
-74 7265
-3127 -1789
5726 2389
3783 -5045
4626 -76
-833 -1514
5369 -3096
7589 -6125
-117 -7388
-7619 4579
-2916 -5694
-7735 2508
4418 1135
-5398 2256
5195 -6524
329 2381
-1149 4990
5264 -6848
-6594 -951
312 -6748
6115 1114
4664 1978
3029 1922
6119 1726
-6228 -6350
6150 -1774
-2282 4671
-1316 -655
6700 4967
483 -4949
5005 -7289
-4333 -3842
3492 -948
6194 6901
58 -2464
5798 -1518
2114 5549
3827 4353
1303 7554
-3801 4284
4988 -2217
4455 4600
-3126 -706
1187 -5329
-4739 -1679
-3242 -5700
-4502 -5260
-5547 826
-768 1277
-6629 6881
-7423 -3401
-5323 -1061
477 -2886
-2618 718
4604 -7356
-614 -2784
1542 -4956
3475 -925
-1200 6758
-3168 -972
6758 -5258
-2494 1353
3262 428
4859 -1240
-5465 1557
-1155 4865
-4476 -272
-7073 7700
4149 4235
5165 -755
3129 -1818
95 -1090
1373 -6874
-5766 -2209
-3438 6487
-1177 6023
-6398 234
-3734 -3512
-4568 -1938
4725 -763
5882 7558
-753 -6584
-4144 -2505
-973 2125
4006 5385
-2508 -3463
-2688 -6411
-3760 -3683
-3061 5541
-1248 7396
-4252 4796
-4473 1213
4547 -429
-2060 -3455
-1959 -1579
-6139 -6093
-2614 3777
4098 -2858
-6123 23
-2455 -3233
6052 6421
2638 -7067
-3955 -2014
-4967 6291
-6591 -1889
-5227 -4734
7583 -4128
-4089 6197
-727 4668
5317 2735
5044 -2396
6422 7604
-3982 3850
-3341 1579
-4722 -3926
-7419 -6042
3885 -7139
-6024 4259
6998 1405
-4712 63
2722 3573
-5412 1245
3874 -5063
-6550 7325
-486 4125
-5858 1875
6265 -1334
-5424 2059
-1176 -3129
7156 7481
2039 997
4265 1025
55 -1840
5265 546
541 -50
-907 -7130
-3173 -2303
-736 -1114
-2475 -18
6893 667
-4797 1636
5936 -7693
-6839 -2763
-137 6709
2702 6727
-187 3757
59 -6705
7700 6370
1818 -7015
525 -2126
6537 2518
1513 -781
1546 6656
-127 2600
-6558 7066
864 -2763
5643 -3051
-7175 62
3643 -4497
929 3196
3816 -5458
7692 5320
-4022 -6985
-6996 4981
4686 3900
5982 5966
-6237 1938
2966 -7449
7054 -2462
372 7674
-5916 1051
6341 639
5213 -4314
-634 1706
5227 4351
-4581 6368
4325 -1197
-7380 255
5171 -1852
2283 1179
26 -2124
-240 -7452
-7600 -7085
-3720 -5925
3752 -4692
-6378 -4981
-5648 2461
1842 -5207
3127 7247
5290 -721
-5046 3100
2072 7183
-4708 -1372
-795 5061
-7550 6931
-1836 -1246
4980 -2771
-4176 3218
-4603 -4075
5278 -3278
-3500 1525
3344 3132
-3934 3740
865 -5927
-4014 4322
-3177 1893
4194 5171
1653 54
5437 2022
1200 7324
2532 -7189
2991 -5015
4678 1223
-7703 -111
5713 2209
5160 -537
3106 -5652
6285 -3743
-6639 1073
6682 3109
-7657 -4446
-1495 -3949
7259 3662
-912 -4337
-3498 -4800
-358 -3815
-5969 3476
-788 3459
-7192 5603
-6824 1020
2880 4460
4021 5356
4144 6931
-3443 3532
432 -2554
7745 -7341
5505 2855
4144 -1131
-6653 5462
-2752 6177
-1545 -6137
1276 -60
694 5388
-7423 2578
7242 -7460
-2134 3213
5882 5272
-3819 -4124
-6075 -1653
-3538 -5097
-926 923
-5752 -6633
2027 3862
3593 5158
-981 446
-7169 -510
-6112 3919
-910 6704
7272 5827
1091 -1771
-2687 2277
7350 -4421
-3219 -2067
738 5816
6034 -1905
-3 -5138
3589 4842
-143 2472
4492 6824
361 -2341
1282 1458
1987 -7450
3889 4696
2565 858
5220 -2205
6954 2102
33 -2619
4069 3951
-5251 3057
6541 -3654
7676 -1117
-7075 -3560
795 7099
-1962 2461
-5317 -773
-1560 -3438
-3155 -4601
4090 1412
-4360 6643
1303 2319
1106 7479
-3056 2298
2663 1569
2556 -5233
6600 -310
2622 4846
-5068 -5990
5092 4565
-6003 549
-7317 -2202
-4528 -5756
4138 1702
7459 6454
-7319 -356
4519 -3889
-7047 774
4868 5859
5924 4332
-4985 5377
-6710 -1200
-391 2781
-6120 1043
3084 3815
4872 1759
3078 6694
-7728 -4943
-6400 5289
-3752 1235
-2809 -2540
-5853 3299
6338 -4968
-4682 3367
6258 3469
6154 2616
-2698 3608
-6375 1345
988 7097
-1221 5526
-5319 -3983
-5032 6246
-4848 5472
-6990 -6548
-7454 6775
-5407 5863
4470 -830
7261 -4890
-3337 -3744
-1519 -1447
1201 -608
1365 4170
4418 -3215
4557 -805
5742 -4832
-3970 -2868
2320 -5002
3062 -4125
-222 4176
-7605 -5186
4416 -4545
-2075 7112
5864 7731
3821 -4877
-6121 5415
2930 -6917
5210 -1487
4380 1130
-7118 -5981
7323 2442
1801 6250
5209 4678
-4450 -7602
683 71
1657 -4594
-5967 -3987
-2694 7251
-3544 3093
-466 5515
-4877 -4568
-4255 -6880
2023 -3372
-2268 -463
-6145 4170
-5375 3952
-7125 -4119
4768 3543
7558 -4419
-2981 6763
6038 2790
6174 5361
-2252 -4873
-2703 7646
4766 -3381
1994 6938
7177 -7231
-4056 128
1456 840
-3807 -2758
-2465 -4058
4379 3053
1964 -6439
268 5309
6798 -5341
2825 6446
3640 -89
-5908 6621
1111 5094
2802 6250
-3380 -3805
-7735 -2886
6164 -6962
1931 -7049
2270 -1560
-6184 750
3428 -1433
6035 6187
-2125 345
-2875 603
-3317 249
4317 -1826
7205 -1282
-2756 4072
-5964 -2857
-2873 1145
6671 -5266
4573 2838
1410 4794
-7696 4187
-4046 -1061
-4070 3781
-4354 -2874
3809 745
3474 -1587
-1406 5457
-701 7155
-6963 5958
4532 620
4657 1833
-7558 5069
-5798 7616
-5789 -1817
-5488 3793
5539 5924
-5145 -943
2223 -4428
-2737 5456
-1354 2011
-2649 406
-3789 3695
-5899 -5539
-1811 -1232
1494 -6420
2549 338
-5847 -7570
3152 7411
-1357 -3495
1314 -1985
64 5797
4787 668
1235 1109
1036 2229
-283 1286
-3045 2250
-162 -662
-7 -7560
-5537 -7170
-1068 1331
-1860 -1677
4442 2513
-2951 -3011
4800 -6608
4814 6880
-2919 5598
-5417 2040
-4081 -2606
-548 3629
3538 2930
-4899 -1395
3026 2153
-7645 3569
-1700 -5069
3313 -4574
4003 7487
-679 -6340
2223 2853
6897 -6139
-6128 2133
2549 3805
321 -6711
4102 3320
3038 -2604
-415 4631
1455 4404
5888 6604
82 653
4156 2639
3478 -3781
1316 3737
6235 -5527
5034 3896
5555 -5863
-441 4021
-620 -6405
-6490 1990
-3164 -707
910 840
6034 -5469
-2372 -5187
1294 3170
-4971 -2954
538 -7624
-45 -7302
-3483 -6781
-780 4198
1786 6201
6677 923
-3202 4240
6775 3954
-1732 -3885
-7092 3022
5009 -2097
-2263 -1498
-3550 -381
6531 4956
-2833 4576
2205 1623
-3962 437
-2392 -2732
-4809 -512
4085 5299
4046 -647
-6413 -3440
3826 2521
-6280 3252
-3058 -6257
3332 2151
204 -7530
2205 -7249
2895 505
-6530 5652
-7328 -703
3 3263
-4834 -6415
847 1081
-6306 -2504
5237 2953
-3459 4180
1924 -5531
7121 -6226
-7041 474
-5022 -1747
2430 -132
-6413 -5657
7345 6399
7252 6546
2498 -3594
-5235 -2456
-1001 -2622
-4276 -7478
-7572 -6754
-3211 -3109
3000 2817
-1531 -6179
494 -1121
-5513 5078
5557 5562
4259 -3203
-5626 4833
-4342 5775
965 7016
6415 7747
630 -6881
2623 -2484
-6907 3795
4916 -2466
6751 -2247
-1860 1885
-6783 -5265
-1147 5263
451 3374
309 -2030
7259 -3566
-3563 -2193
2195 6136
1821 7109
-7109 7705
-3310 -7134
-4500 -4696
2126 -2754
7635 -5777
6042 4587
4627 -1606
5627 -2428
-5774 4640
-3090 620
-1331 -4302
-241 3359
-3117 6698
-947 -1102
2595 2578
6227 1040
7520 7118
1015 -3873
-3880 -7570
1755 4532
-5184 1634
-2448 5264
2875 1583
5395 -6469
284 -805
-3235 6014
-1834 -1390
3818 5598
-7541 -391
6351 4673
-3033 2642
-7619 6088
-3932 6009
5350 -2804
7581 6778
-1524 -4692
2474 6954
1922 -652
-4717 -4961
-1471 7064
-1754 4012
-2027 7205
-3892 3492
1632 246
1621 -466
5449 5820
7154 -6057
-5873 -3111
-5870 1349
-5783 -4119
-190 -2955
-738 3003
3791 -250
6504 -4169
3825 -5402
4398 -6310
-392 5610
5083 1525
4333 -6798
-6741 5837
-1642 993
4337 -2952
2481 -7021
-5435 2413
3445 5109
5113 5572
-7103 -4053
-381 -4528
-6768 -2391
-2971 7689
-1558 -5313
-6450 4591
2732 7531
3065 -4939
-2183 -6495
6521 1957
-1579 -5795
-5026 -5687
-4890 5602
1185 7678
-4725 -1756
4623 6693
-4039 -6272
3129 -5604
-7492 2786
-4191 2949
4053 4654
-520 -707
1539 1039
7620 -1864
3564 182
-476 -2609
5628 -5063
2211 -3742
-4449 -82
4018 1750
2186 4724
-7302 -394
-3513 7393
-1086 -4934
-3513 5133
-5065 7183
3035 -4949
-1019 -4721
6385 -4194
4205 2111
1767 -6088
4980 2689
4520 2400
6553 -955
4677 -1668
-3495 -7645
5709 -4488
-6683 -5920
-5894 2070
6842 5032
-5679 7629
3882 -2346
7643 -5145
-5367 -5797
6651 1159
-1044 -5103
-4456 3494
-2812 -6022
4316 3999
-6931 -6570
-6071 4918
6621 -4905
3732 3848
-4016 -1597
3287 1917
7412 -63
6934 -1746
2990 2487
2234 -4116
-7749 3882
2574 -5316
4558 1081
6028 909
-499 5636
3897 2219
-1768 -2908
-381 6193
2135 701
4263 5575
328 7251
-1796 -4714
-13 -2499
-5395 5993
2191 -4915
-4763 5488
7443 -6765
2684 -3575
-7696 -7518
2539 -4533
-6541 2556
-492 4369
3513 1883
321 -6535
7634 -2998
-4350 7158
-3956 -1892
6634 -6076
1570 -3423
5869 2959
4344 -5625
6491 1768
1701 -7
290 -4877
-2198 -1027
3598 -5389
3067 850
-1833 -6958
-7521 6592
7276 2322
-1488 -3172
4271 -5351
-6486 3603
106 -543
6299 525
44 7263
-4253 -1917
-3307 3909
-6535 7262
6805 6487
4163 -6361
4844 -6516
-4833 -1659
6789 3434
3155 1674
2190 2009
5207 1591
4540 2782
-5664 3456
1461 -2241
1070 -2405
6141 6760
-3391 -1350
1687 -1272
2129 404
5949 1929
734 -4518
-2367 4509
-2068 2155
-1691 2096
-3022 783
5096 -6289
2623 1924
-4699 -5027
-5396 -5347
7295 -4616
-2441 902
-1626 7084
-6861 939
6949 -5817
3977 -4074
-4300 -5611
-4696 -6818
5027 -7110
1131 -1309
1139 4929
-3284 5475
-1708 -700
-1424 -4859
-7540 2923
6748 -2909
555 -2155
3143 4028
-2375 3305
5032 7418
3894 -7476
2019 2492
-2186 -6528
1841 7758
801 -2229
1094 -4240
-1041 -658
-7203 387
336 -6255
-6059 1393
6600 3490
-2978 1176
5418 -3130
572 596
-6058 7123
-6842 -1246
6706 -950
-1817 5578
-5696 -5483
1472 -610
-5844 7494
-2490 7299
-4212 -386
2973 -1701
-3332 -5245
2126 6793
-4054 1799
5462 421
-912 6298
6051 -5502
6249 -6339
-4855 831
2650 -2307
2155 -5818
-1188 -3837
3206 -5865
-4211 -5532
3729 -7290
-2213 6624
-3030 1149
-602 1546
-6436 7048
-2482 6372
-1026 1288
4246 2120
4140 6231
-2004 -6386
-7670 2726
-2268 -5762
3004 4229
-788 4613
2061 4421
-3774 -447
-5142 4839
-2693 2942
-6880 -4467
3920 294
-5526 1377
-7470 3860
-86 2153
790 3692
3039 3476
179 -3044
2846 -5988
1987 -2060
4178 -3675
4361 5536
1503 -3573
6264 1862
-1770 4715
-5140 -2141
6852 -465
-2675 -4176
-5961 712
5764 -5757
-4972 -2022
4127 -4884
1006 -4565
2509 5622
6771 -2783
-993 -4648
5680 -794
2117 647
1335 -6453
3526 4266
-221 4623
3410 -2227
5325 7036
3 297
-5351 2754
5278 -819
-6818 -936
464 6417
-7327 -3639
-2282 -4001
4726 -1223
-4334 -5490
4905 -2535
6363 -2597
3785 4591
2237 7119
-7099 4582
1379 -1019
-6734 -925
-7628 -1162
-3155 -1878
5456 1811
-4425 -2663
-1782 -6088
-6967 1185
5100 2268
3669 7598
6065 -6249
-5378 -5449
-135 7529
-1346 -6180
758 -7389
210 3389
2600 6158
-20 -4477
-7623 -1032
-1134 -4007
88 -6416
2602 -5197
5755 5838
6441 -5860
-7557 -2843
-5401 -7452
1042 1825
-641 -2671
656 -482
4035 -7115
-4596 -2917
1825 -7511
-1764 1464
4356 1274
-1398 3009
-2253 -99
6003 1259
1534 2464
-3069 -2677
2061 6583
3531 -573
-2937 2676
6316 -5910
2691 3565
7656 4764
-2686 6274
-680 -4286
-185 1830
1035 4971
-1154 2377
-4856 -3241
-382 -6934
-1612 7289
-2831 4550
6265 2575
-2396 -1947
5622 -6851
-6781 6693
-3988 1109
5534 -3334
40 -509
-4457 2180
5179 899
-3096 1645
5195 -3800
3961 3861
-5798 780
3051 500
6158 -3706
-2822 5239
6373 -1136
-742 -4703
-1088 6754
-7055 3567
-3471 -3241
754 3782
4941 -3903
-762 -5333
2355 5517
-7398 4320
3756 -4968
-2526 7391
1685 2270
2010 -7356
7610 7131
874 -3132
-2914 -6816
-6552 -3804
-7063 -659
7669 1501
5575 2485
-4856 -7048
5305 5481
2475 -659
-3790 -532
1540 7646
-5080 6046
-704 -953
689 -2951
3171 2314
-3637 -3961
3153 4249
6850 -6172
-808 -4107
-5753 2419
-1944 -2274
4914 -1719
1116 1038
-7690 -3188
970 -1350
7627 -2164
-5692 4393
-7692 -5812
-6127 -2867
5091 425
6368 -5414
2636 -6423
-4227 -5910
5232 802
4600 -6165
5725 3648
2282 7059
6421 -3770
3004 -1850
5613 -639
-3014 3554
-2245 -6892
6468 6540
957 -2066
3535 2779
-3397 -3329
-3406 -4346
-2256 -6234
-7288 907
-411 4895
6014 580
-7140 -4637
-836 2858
-3777 6437
-7262 -3523
-643 -7003
4783 6898
-4718 -3842
171 3352
-887 -6147
-4153 -6385
-4548 3237
3938 -1952
-2397 -3311
-2105 3706
-6224 4737
-4592 -5754
-2990 -6800
-7445 -6146
-6278 -2955
-3482 -7621
6266 -220
312 -6750
-1201 2557
295 -2961
-3743 -5783
-3091 -6688
-3329 -5840
5341 2406
-3754 -5703
6959 -5847
5075 6940
-5678 -460
5795 6149
-307 -5160
2836 3340
3857 7091
5453 -4217
-5472 4931
3000 5648
2939 2605
6636 5654
-1859 7401
-834 2675
5798 -7369
-3328 2639
1200 -7025
-7062 2825
-4776 6264
7536 5960
1887 -554
-5506 -3372
-3465 6560
-853 2893
-4708 -5628
-7359 4645
6623 -1216
-20 -4681
7330 -526
4107 -5635
2409 5935
4126 5569
-1243 -7296
2367 -3338
-7407 -8
-496 1356
-3568 -2381
1783 4024
322 -2559
-1922 -5062
-3965 834
6649 2522
-4269 -4806
6095 -1943
710 -3966
990 -4172
-6524 2051
6860 794
5009 -1324
-5034 -2539
-338 -6029
861 -31
-6376 7699
390 -3451
7721 4842
-4916 -4437
-2336 -4446
-5247 1
7146 5448
7294 6044
6579 4656
6403 4793
-7277 475
-7630 -6388
3377 1023
1713 3417
-7199 3035
-4434 293
-4057 -2894
-3012 -106
-7646 -5762
7189 488
2659 1582
6487 -3473
6189 -949
2934 5829
6918 -6101
-5452 -6824
-6373 -2151
5908 42
-1881 -691
181 2149
1026 -2260
-6956 6344
825 -4469
7706 -4838
7715 2489
6245 -7075
-1736 5376
41 7114
6571 731
-3439 -5861
6028 646
-7549 -1205
-2065 6558
-7616 3533
6282 -1466
3941 -6293
7630 -1017
-2427 455
4165 7496
-1099 -6661
-1807 -5029
-7729 -5262
2589 7659
2428 -4219
5327 -1187
5238 1461
626 -7258
5794 6809
-2587 -1451
3379 2231
-6294 1117
-2705 -6217
5531 7302
207 -6609
-3904 7352
-4292 -3841
-7403 -5424
7297 -1951
4526 1363
2503 -7675
-3957 -1948
7474 -3784
3624 2318
2524 1149
-3659 -4237
-4603 -5722
-6153 -280
2179 -7242
-481 -2063
7041 -4416
-3063 -1126
7203 -5923
-3195 5227
1552 -3714
124 4548
1718 -6261
-2949 -7656
-2379 721
-2456 -912
-7319 -2154
-4702 7465
3359 1497
-6450 2614
-7005 19
-5694 5627
-2645 3876
4966 6960
4112 2586
2115 -5905
3262 2790
-7555 4373
-2381 -5148
6621 -679
-6670 1669
2188 6972
4347 1946
-733 7624
-1745 -5222
6756 -4402
1142 7346
-4877 6960
3790 5063
21 -4187
-6887 534
-7604 -5398
-5223 -4414
4591 -1749
4143 -5691
-3150 481
5354 1810
5338 3069
-5875 -73
-6683 -666
-1019 -611
-2560 5511
-3617 5186
1413 -713
3320 -4914
443 -5127
-4821 -950
-639 7730
-1159 -4514
-6098 2255
6033 1690
5714 -396
-6545 1211
-3573 -5126
-591 7325
-4456 1463
-6993 -2374
7655 1825
7518 3086
-4663 -4358
-3825 -4065
-6442 2182
6345 185
-3304 -1399
-1941 -4031
3429 -2132
4595 -1723
6585 5364
-4705 -5780
7503 -1159
7044 -5086
-3338 -1592
-615 7042
-3028 5492
1268 -6030
-4221 -3422
-6616 -6002
4547 -1826
2812 -4980
717 -5729
-372 523
2147 -6416
-947 -7186
5624 -358
-3758 1546
6862 -4363
-3293 1371
4707 4618
-5763 -1363
464 3378
2705 -3222
7698 -5274
799 5203
7719 -4887
2709 -2684
-5499 6451
1048 6599
450 5788
-3371 922
-6091 4036
4401 2147
442 493
-5030 -3887
1554 -2746
-5249 793
-6944 -1248
-4599 -4575
2803 -237
6656 -7743
3766 -1330
6838 5307
6736 5622
-761 -4800
-2478 3281
5354 -930
-2160 2004
-5656 7562
-7397 675
7300 1677
5772 6219
-2298 7610
2819 -6205
-2143 -7172
-4190 1198
-1832 -3899
-7724 -745
1177 -6199
-6246 -7638
6496 3365
6263 4327
2151 -1644
-4115 -2818
-3198 5626
2027 -3795
7097 -2051
-4293 4949
5228 5655
-3473 -1087
932 727
2040 -6580
3537 -7058
3485 -2344
4508 2858
-3655 2101
-7355 7532
14 2432
-5982 1044
972 -2985
5691 1151
-295 -1684
-6405 5154
-3685 1569
1552 3228
2824 -5589
-5163 1275
5807 6315
-1918 -616
-5274 4973
5368 488
3187 5294
6940 6745
7663 3772
2461 -6175
-6550 2585
7375 3260
4486 -1980
-5050 4260
-2368 6176
5013 2884
-1348 4682
-4497 6602
7213 4303
-3626 5121
-5810 -7074
3356 2616
-4283 347
-3860 5278
-1521 -65
-147 -4271
4524 2840
1260 7565
-622 3543
2973 -2850
6912 817
6598 -2931
-607 -4658
-2597 4471
7181 -5515
7559 -7327
545 1124
1568 -4911
-6291 -1385
6627 -6857
7166 -2149
-5126 5489
6620 -6780
5424 -4207
1442 -7746
-6120 -1592
976 6219
-6790 -5418
4790 -6186
-6027 -5990
-2661 5037
3625 -3781
-6376 3143
-567 5703
-7654 -5236
3477 6808
-1748 -1257
6623 2226
1782 -5692
7247 -7350
-994 305
6583 -1796
5322 -4747
4043 843
807 179
3365 -5859
990 5336
-6667 1841
-4510 -7658
-592 2240
-2867 1041
-5380 4329
1027 7447
2417 7727
5238 7460
-2755 -6238
369 7242
-5606 3075
-4176 5498
2860 1988
-2049 -4637
4443 4285
-3337 1059
-6348 1167
-1298 7485
-2052 -4588
2752 -1288
-6371 -2283
1947 900
-2734 5034
2289 297
5804 2193
6356 7490
6972 629
7444 -2431
742 -1166
5790 -4338
532 -4221
-6913 -863
-4128 296
1291 -6646
4417 -5152
6428 -5217
-2106 -1513
-4230 3966
5220 5285
3562 -1516
591 4463
2130 6040
2453 -5431
-1091 3658
-351 1752
-1585 -3663
2135 -7737
-3298 2883
-843 2243
-1945 5244
-5182 7039
-564 2730
5473 6788
-2347 -3723
-4645 -4364
4637 -1803
5231 -4044
409 -2864
5330 3799
-5490 4023
1238 -1908
-5536 3106
5730 1589
6097 -6594
-897 7622
-6643 4209
-6818 -1396
3311 6766
1078 -596
-5230 -2680
-1927 -2065
-4670 1229
-4499 -6237
-1804 -5316
-3435 -7586
-1661 -5530
-1584 -7538
6137 -1320
-4710 -375
-5828 4040
1978 511
1097 5543
-7658 -6156
-3201 5943
5324 -5447
-6843 -4633
-7483 -2895
6671 816
4564 3802
-5068 -1273
-5512 3089
-7506 -621
-2371 5843
-7447 -7627
-7354 -1526
5379 -7596
6098 -6991
4281 -5788
3703 5251
-4703 -1521
-2651 270
-483 -5816
-6014 -953
-7205 -3745
-3347 2377
5169 -2305
1802 7029
-7739 1971
7616 -5680
2215 6492
-3849 -3790
-5945 -2864
756 3676
4161 -4351
870 4188
-7147 854
6298 -5728
-5812 -2174
6542 1583
6033 -5216
-6403 -2422
-5237 -5630
-7163 5091
-5175 4098
-3288 -7564
-6131 -560
-4230 -4226
-6561 -5129
4344 5003
-5478 3560
3881 6883
2445 3999
260 3362
-4991 5000
3258 -5644
-938 7406
5178 6622
-1675 -1885
4527 -3924
7593 215
330 6838
-3862 6095
4883 3970
2680 7574
-2919 2681
4475 6485
979 5862
1094 -4056
-6614 7741
6346 -4064
2397 1466
-6995 -5410
-487 3044
7452 5914
-4037 -2189
5896 6940
7415 -3718
-4874 -6550
-5455 -3595
1140 -897
936 -2662
4721 3523
-1432 -7177
3537 -7616
-2364 -5838
-6909 6264
-191 3537
4124 -677
-2327 3134
3679 -2710
-1514 -48
1332 -3115
5848 2712
-2303 3278
-1951 -7073
4042 662
3586 -7016
6059 6739
7736 -6669
5112 1483
-2969 7115
7511 -3039
3096 6860
5455 -3063
4092 -1150
-5655 312
-3909 -3658
5990 -5697
-7439 -713
-1583 381
-5024 -2292
-3388 -5582
-4157 -1229
-1037 6842
4147 949
-6397 -1441
3400 -3463
4525 733
-7118 5764
3176 6377
6220 -1294
-3258 569
-3539 -1870
-7607 7233
-880 -613
2938 5194
2192 -4174
-4337 -7619
-1369 998
4861 1024
-1551 -5442
2207 2011
-1914 6216
1376 -7441
-57 -5206
1413 761
-3759 7370
1910 3317
-6278 4145
-1425 2274
-5250 -6234
-4941 -5185
-1989 -5547
-7342 -4807
2784 2413
4190 -898
-4909 -199
-723 -2210
-3478 3108
-409 -3765
1248 4018
-6551 5167
-1546 1925
5458 3460
2975 4834
-2700 257
3008 -6911
-3053 -2381
1299 -7692
-6210 2829
4397 2415
3251 -492
-5198 -5060
942 -7655
5160 7031
-5716 1950
-6010 -715
-903 -5312
-746 6340
-1249 1875
-4771 6362
-4986 -2622
-6513 4328
6204 -3195
-6151 1366
-5034 -4327
2193 976
4900 1578
-6085 3652
5776 4803
-5121 -1280
6410 -4355
-4839 4533
-6427 -4462
-5936 -958
-3718 -4594
2773 -2661
2905 7075
-2930 3252
-4300 3167
-5750 5011
-5061 -6010
4132 4617
-4290 858
5674 2609
769 1431
-5146 4652
488 -6319
-3027 -1103
6877 5651
212 -2053
4466 -4313
-1962 -4373
-4152 -4727
-5796 6467
-1077 -1563
7105 48
5858 5927
-3134 1588
-6768 -1906
3066 -4546
2988 6222
4270 -3900
6121 3055
-4992 3625
-3500 5611
-2692 -5469
-6089 1328
-472 1048
286 6941
2305 4714
-3716 5908
7447 1903
-4308 -6682
-5239 6901
3672 -1542
-6438 5021
692 7121
5822 -867
2392 3467
1213 -426
-2484 5337
4242 1233
6861 -7595
1364 5794
2738 7207
-1837 3717
7654 -4223
-6855 518
-311 7303
1784 4589
4167 -6480
6481 574
-6907 -2750
-3270 -4052
4981 3690
6546 5963
3994 911
-539 -2031
-6725 5114
4416 -5207
4719 7547
-4764 6131
3615 -7695
-4863 -1345
1450 4736
511 5224
-1416 533
638 2233
-883 10
-3301 5771
3916 5446
-1260 7106
4534 -4217
-779 6239
3124 7285
-4828 5876
-2812 -458
3883 -673
101 4684
-6367 -4280
5514 5978
1466 5429
-5427 -7136
891 -6171
-4228 4332
-4184 -6553
4452 -4809
-2250 -5309
7712 -2568
-6896 7181
1481 3645
6818 6718
-2634 -3613
7566 -1300
-7261 -7497
-4524 -2959
-919 7303
5347 5633
3713 -1437
4230 4615
7254 -4331
-57 -1209
4492 2167
-3907 -3503
-438 -3967
2643 5449
4765 4463
-5664 7630
-6939 2041
6495 546
7380 -3621
120 6890
3855 3164
-7109 4728
709 4738
7061 -7365
4279 -1718
5031 -7736
-4609 5820
2364 3966
-1269 -1675
3089 -3537
5769 -5455
3446 3502
5600 -756
2467 2422
-5083 -777
1016 -3077
5133 3683
-1897 -1600
-447 -6241
-1505 783
997 4886
3639 3672
5334 -4826
-7485 3773
735 -1700
-4959 -624
2678 170
-3926 -7326
5008 -2683
-5728 -294
5449 -1555
3558 -2992
4457 -650
-6900 3912
-3466 -5925
-5963 -3531
-6011 -3250
-3755 -2602
-721 3128
2905 90
-1709 7472
-5744 5743
441 -2119
6191 -141
-3820 5431
4895 6920
-1497 2816
-2523 6870
999 -6613
489 -5709
4035 -3197
-1683 84
3008 6314
3761 -4275
-5806 6950
-1723 7621
-7103 -3477
7373 -4859
1216 -490
-2506 7452
3361 -5298
-6776 -2843
-2729 5974
585 7407
-844 920
-4776 4563
-4031 -7104
-4073 -7290
3209 3246
-5810 -7188
-6980 3173
-6915 3027
537 5844
-2781 -1954
-7101 7726
-5319 2405
1206 4395
1380 7727
-2766 -2296
-5803 3633
-2673 -1499
-3762 3864
1342 -7213
314 3286
3384 -2969
1627 -2288
-1208 4327
710 2297
6546 5118
7367 2991
5844 7133
3774 4755
4865 -6488
559 2441
-681 -2312
6749 5852
2819 5434
-3206 1756
6174 2902
-93 3440
-3620 -2966
7508 2916
6660 -1886
-7479 4273
-2221 -1610
3684 4662
-3654 -5144
-6282 2504
-7496 -647
2916 -6025
-6817 -5462
-2069 7346
-4106 3244
-5394 2044
-4178 6923
-3261 -3044
-5778 -3407
-551 -1095
904 -4863
-662 4839
7356 4353
-1593 -907
4325 7604
1308 4033
7711 -1044
5225 7250
-6626 5996
7666 4663
-2194 5152
154 66
-4524 4200
43 -6047
-4609 -193
-938 1135
-5361 -6877
-318 6605
-2449 6023
-6963 -3792
-2915 -1250
6618 2148
-5865 -5629
3959 161
3804 5703
1776 3558
5259 -315
3588 3066
4608 3216
1546 -535
7671 3471
-7156 -2321
142 31
-7615 6552
-624 6601
-5887 -5886
3077 5416
6391 -4128
-7452 -2069
603 2071
6404 -7524
-6386 -5976
-3016 5842
6806 -5690
4304 498
-2410 4272
5119 -1629
3092 2561
4559 3925
-3030 618
6142 -5553
-372 5203
-3237 -4070
881 -3196
5717 746
6694 -3843
6145 -5862
5676 -4770
-7108 1068
-1902 5719
-53 -7350
6163 5491
1918 2634
775 653
5046 -3708
3585 6072
2649 -154
360 -31
201 4246
6787 -3231
-4648 7020
6942 -3996
-2983 4501
1665 2665
166 -1787
227 -6609
-1289 -1862
-2337 2871
1204 -4504
3774 -6673
-6176 -1408
139 3362
5820 -3968
-1135 -1292
6561 755
45 4807
-5313 6125
-6398 716
-4193 7454
432 2425
6537 -505
-4915 -3240
3436 5853
-4913 -5136
6910 -2413
-1486 -7706
-3136 -3946
-3797 -7758
-6003 -2329
-1656 5629
5673 -3681
-1661 6449
142 6308
-322 -6921
6645 918
-6035 218
-4205 -4228
6159 3014
5326 5662
1503 -4199
4912 232
4152 3430
-1051 3
6110 4826
-2460 -2477
-7192 7404
-2423 -635
581 -5270
2548 5363
3279 2904
1983 -6738
5613 6637
2015 -546
2794 5391
-4895 -216
-2312 5953
-7489 -4576
1409 6733
1853 2307
2001 -5944
4120 -7171
-710 6949
-4874 -6752
2537 6944
515 -4783
7129 1800
-2604 6754
2577 -514
328 1604
-7071 6167
6582 -7458
-1830 1225
-7618 4975
-389 6089
-3909 -5948
-7468 -6216
6115 1923
-4003 -7257
1641 -6826
-3629 -1589
4165 6247
-7470 -1868
5834 -2205
-5012 7313
3022 7067
-141 6191
-1900 5666
-660 5684
3965 6456
7439 -2217
7473 3259
3210 -6646
-7505 -4140
-301 -6818
-1532 4647
-3389 717
-2890 -844
7167 -1500
-2225 2588
-3836 5720
5202 5502
-4343 7525
6981 -2956
6475 7451
7185 2052
-3751 -3167
3984 -7532
-3671 3938
-425 1067
4898 2068
-5334 3271
-6075 -505
235 -6409
93 -1459
-5329 137
-4513 -5049
7609 5637
-777 1745
6967 -2411
-6192 5360
-3028 -2139
-1519 5216
-1840 -4399
4409 -4097
6335 -2342
-6204 -2287
817 4145
-373 3472
-3864 4061
-5314 2353
3905 7675
-4468 -1322
-4494 1356
-4611 -1817
-876 -4494
954 5608
-4658 4140
-6553 778
7169 7002
3634 4554
3299 5232
-3011 445
3459 -4641
-1184 -3185
920 2395
6216 2958
727 4038
-5446 1873
4093 6794
-1446 4716
3493 -7028
-6266 -1307
-2785 5858
-3737 -737
3350 -2710
-4876 4488
-1146 -4489
-5425 2068
-4292 1190
1563 3193
-4276 -2028
-6960 6156
-805 -4397
-3031 -6688
-624 1488
-43 1074
-1192 -1001
3928 -7630
7400 996
-2801 7132
1875 7087
4152 -3573
7604 -2468
-4746 6037
5893 1770
7533 -7526
3861 6504
-4625 606
-4585 3197
7419 6854
3097 -1934
7379 4508
-884 5755
-5911 4514
-2059 -2541
-3786 -2548
5566 4233
3816 1901
-3375 2809
264 2138
-5626 5416
5740 -2624
-362 3511
-7672 1311
5155 2006
-3987 5961
-5326 1996
-2397 -2228
3756 1921
7302 -3756
4868 3704
3119 -4845
-1786 1872
365 -2905
1578 3934
-5613 5238
-6984 6495
-6457 -6375
1555 944
-3864 7241
53 328
6760 6302
2250 3269
-2523 5649
-3666 -3133
-500 -4419
-14 -1301
4475 4701
4749 -4723
1192 -6053
839 -2879
-3751 2360
5104 -1307
5277 1245
-2982 1834
6736 2181
-4165 1078
7387 2000
6779 -840
-7100 5466
-7364 -3081
3952 -1431
2963 -4831
6875 4866
5051 -1420
3896 -3185
5178 3705
7562 -7611
-3049 6984
-7490 -633
5430 -3971
5519 2908
-526 -7699
7326 3602
-7615 207
-3353 -2136
-695 5200
1168 -4261
-6670 2197
-4576 -291
-5464 5762
3609 -6506
-4228 2908
-1718 2552
7204 -192
6552 -2004
-7399 -5248
-910 2269
-4345 -5920
3350 -5098
54 -566
3805 -7049
481 -1010
3412 4043
-4896 -5328
6415 -3891
-4361 -1848
-7539 6766
-1892 -1518
841 -3453
5795 -310
-199 4375
5149 -6510
5850 4658
-3906 -5595
2240 -4292
2260 -4563
79 193
5735 -2697
3419 3233
2304 3318
4872 -3030
4480 3020
2545 4596
-4930 -1446
-7509 298
6312 7203
-4022 -374
-524 2443
3566 1726
3573 6688
-5150 -2018
3292 -2698
1143 -1005
7127 -2599
-242 -3623
7659 28
5951 2097
-1095 -125
-3949 -5203
-1940 -4634
4561 7308
-3364 5184
-5324 2507
3036 -4961
-1629 -1526
6444 -7471
-3707 -6287
-5780 -2693
-510 -2473
388 -5085
-7384 4732
6320 2010
-221 -242
2647 1527
-551 7392
-5639 -2612
-337 4866
375 5430
774 -4727
-2473 -6848
-2633 2313
-721 1757
-7169 4816
-4246 38
-7296 6682
2599 3457
-6328 -5130
-3435 -5186
-5229 -2529
7427 -4831
4335 -5799
5343 -2974
-1848 -5889
-4290 -2785
-1146 3998
4880 -186
1483 2041
-3239 5145
6876 -6447
1665 -6440
-6167 3097
891 4946
-1140 -6962
6815 -6389
39 -4110
-2271 -1021
-7454 388
-953 -4173
-4859 913
-3710 7281
2547 4335
6626 -5500
3696 -1294
-1676 -6769
7437 -5216
-625 4436
6668 -6842
2234 -6904
-7431 3344
650 5544
-2759 6234
-1690 -5100
1073 -2458
-6740 3265
-6200 1778
3604 -1517
1036 -7480
2829 4106
3652 -889
6877 70
-4584 -3867
1267 7578
-2018 3072
-5663 1925
-5565 3849
-2156 661
5386 5981
559 -2866
-1515 5165
2835 -5664
7523 -3001
-4704 -1825
1730 3613
-1829 7003
-5447 817
-5164 -1001
956 -2631
273 2751
1956 -1877
-4597 -4673
3686 -6270
-432 1483
-5880 -2021
4402 -3730
3203 6427
3336 7457
6681 2036
3590 -5499
-6041 1379
7558 139
6501 5075
-1428 -2191
2193 -4771
-6108 4494
2202 722
-7067 990
4328 -5817
973 2925
1107 -3503
676 -4556
7415 3410
-7099 6480
577 -219
-3073 4474
-3414 -3634
2083 -4006
966 -6937
563 -6700
5491 1619
3971 1328
6548 2810
-6934 -4657
4852 1696
3210 3507
-2404 -6735
1808 3532
-4261 -7397
5971 4239
-5926 -7220
3106 3141
5523 1324
4813 -1389
7748 6461
1100 -4218
-3676 -908
-1662 -5702
2128 6662
-7231 -7538
-1847 4659
-3128 -6730
4494 2813
6658 5998
-2406 -2042
-1439 -3980
-3359 -5210
5326 6910
-6987 -1850
-4756 7040
6813 5363
3999 -425
5919 -5971
586 787
-2459 -2477
-335 -4420
-4373 4559
-2823 1309
3723 -548
5978 -4392
-2735 -6310
-338 394
1810 -3662
5377 5316
-3210 3965
6263 4156
-595 2387
-5512 -822
-3921 2313
-140 4827
-7178 6844
-5348 3141
4898 -1396
-2891 2720
-3086 7205
-5999 7218
-2863 -4229
-2111 2427
7364 370
-1304 -6559
-1829 -1833
474 1750
-274 7074
2021 1138
-5695 -369
5627 5989
4550 387
7062 5040
-5610 -3700
-5114 416
7046 4236
2552 4268
-3207 -4860
2907 -2524
3097 -7162
-6735 2208
3098 -7096
-6960 1851
2566 7100
1890 732
-4626 -2022
-5657 1302
-6259 319
6746 4362
2232 1484
1467 5288
6911 -4110
2211 3673
-458 4418
-2815 4580
-7371 5971
6647 -5091
-7006 -679
-804 6223
-4650 -6187
1292 -1856
3397 7728
-5999 903
-1792 6547
422 -7168
-4910 5531
-6429 244
-4614 5900
3291 -439
2673 -4108
-5864 -2834
-4283 -94
-6554 3882
-1117 2568
-6692 -4136
5654 4134
4920 4855
-513 -2815
-6945 6643
-5408 -395
-5579 -852
-2092 1584
-3496 6142
-7420 1505
-6043 -6160
-7087 -2295
7683 -4035
1583 -5302
-171 -2659
-5482 -3788
2187 3113
4798 967
-1795 -226
7522 -1108
2239 2662
5960 7119
-6975 -3255
3490 -2454
-7575 3598
4897 -6274
5820 5418
-4326 4664
609 1409
-988 -6800
-3796 -1894
-340 -4696
221 -6904
-6857 4919
-2829 -1345
-6663 1520
2184 -4406
-1032 3369
3495 1154
5001 -5819
2506 -2525
2590 -6619
614 -7698
-4899 4100
-7368 -5402
3285 -6695
-687 6752
-5194 -1326
1737 -5791
-4340 -7205
-5186 4524
5003 -2340
6219 -2054
5952 -2432
-1628 5643
-7740 -5060
-1353 -2150
231 -6012
-7547 3098
3724 7164
1857 5359
2166 -752
1652 3868
-1785 7086
-3008 7675
5973 -948
-7665 4181
-1756 5835
-5868 5734
7461 995
2642 -7714
4308 3254
-1264 748
-5010 7051
7222 -4902
1150 -3694
5281 -2145
-6136 -5793
-4341 7480
5553 6115
-1896 -168
-6006 7729
48 -2182
5527 2522
837 4102
-6781 1001
-5755 -7344
-2027 6602
-3659 -6625
4122 -1898
-6996 -7147
-937 -3792
6006 5938
-2172 -151
5335 3491
1098 -7446
2552 -1111
-4427 -1576
5848 6875
-6348 -2325
-1665 -4829
6702 -7426
-6891 -6128
-274 4471
4146 1477
-5864 7155
-5920 -2574
-2301 4499
3320 7587
-4480 6877
-6647 -6518
-6845 -4880
-6886 -1631
-6021 -6127
3540 1657
-4046 -1569
-6874 -13
6383 -7171
6762 -3426
5996 6214
4333 -3827
3831 -6566
2072 6527
-2129 -5174
-208 5986
-5388 -2818
847 4702
-6700 2355
-3955 6907
-3597 7038
-3907 -5935
-2937 -570
7649 -4417
6078 207
5738 -6853
5102 4845
-5298 2378
373 5113
-1987 -7553
95 -4261
7055 4575
-4129 -5890
-6737 2400
-4157 4895
-6454 5099
1237 4977
-2006 -3489
3299 6300
-5147 -618
-3690 5643
2113 5299
-6841 7351
-4070 -2311
-358 -53
-336 621
-3883 781
2892 2223
-890 -2497
-3795 -5242
4874 -5852
862 -5681
-741 289
-6904 -4819
-3897 -2659
-6069 6218
1767 1621
-1959 7531
-2458 -4001
1198 -2098
-199 -2743
6022 -463
-3742 -7637
1695 -2503
-3829 -2787
-6771 1114
-5518 7756
6309 -5255
-2060 2172
-1342 -618
6724 6422
-5280 3911
-3946 601
1069 -7187
5968 -1834
-4328 -5386
-5807 476
-7058 6967
7067 -5284
-209 -7475
2458 -1807
-2300 -4482
-7572 -4886
-2311 4088
7028 -3663
-3655 5866
7022 5699
6077 -1791
-6290 -882
285 -5376
-2084 -7087
3880 -7470
-6838 5574
5265 -5953
2290 -2021
84 -6099
2789 -1613
6659 -823
1397 5127
-1249 5790
-2456 6759
-186 -5886
3125 4364
7441 4267
-2277 -4385
-3484 6928
-7422 -5750
-6109 -1784
5632 4276
5594 -4472
-6664 -254
2970 3908
-3092 5693
-7469 200
-7610 4391
-1264 4631
-3602 5208
-807 -6730
-1621 6878
-2271 -1748
6770 3408
-4048 7573
7084 -3886
6291 4365
4229 -6431
-6268 273
7008 4153
-6738 -218
6386 2357
-2425 2845
84 -3409
-2441 7580
1300 -7241
1254 3171
6316 -2131
7667 1050
4365 6583
5073 -7528
-7105 -3738
1718 -6446
6673 2380
-4339 5116
2440 -5178
-2854 -2803
5693 -399
5590 5640
6630 -1998
2839 2935
-2709 -3818
7098 6604
459 -6869
3373 -59
5083 1673
-1937 -1353
1362 5126
-1148 1366
7327 -519
-7000 -5761
1899 416
3341 844
-1533 5304
-2913 7749
6053 -6050
323 612
234 -840
804 251
-4034 1290
6449 -7326
2336 2762
-3468 3875
1172 -6116
212 -1171
5868 -6574
-726 -3507
-6192 -2946
-5067 -731
-6623 -1525
-3789 -6698
3196 4231
7624 1805
-198 6967
-5192 -4215
7707 5274
5626 6052
-4502 -1893
-2191 6883
-113 -658
-5630 -4790
3875 -2293
4170 1970
-1014 -4686
-409 7036
6051 -7127
-935 -2114
4294 1255
-6035 -6928
-5306 -4330
-7216 -3879
5992 -7191
-2482 3430
-1561 5693
386 -1787
-7707 6068
6369 7641
1682 905
7061 1092
-1699 5574
719 -2849
3099 185
2979 -552
-6884 1548
4959 -6587
2782 -7226
-4236 -2531
7393 -4979
706 2259
-4638 -7500
-3038 4027
7557 -7248
7106 1589
5538 -4899
3505 2509
4850 4097
-7757 1405
-4592 5513
-5005 -3107
-535 7387
-3292 4599
-1108 -2581
-566 -2942
916 -1510
2269 3833
-5279 5167
-4605 1911
-1717 2800
-5619 3449
-1424 -951
6893 -5131
4258 4830
6646 -7592
2655 4723
2783 -4925
-5815 -2063
6978 2121
-735 4350
-3558 -1152
2254 -2514
-4208 6356
-1979 -2377
-1516 -2527
-1405 -3945
2052 -4570
5760 -6599
6613 6678
-3888 -1567
-956 -5102
6993 5940
-2339 -3203
6062 -61
-7512 -4611
4770 -2922
2318 -6515
6143 -4235
-5095 -6731
6260 6961
-2511 -1724
62 -5953
-2908 5025
6294 6927
-3753 230
-5048 -2230
-959 7584
3642 2566
-672 -3269
-6392 -3995
5333 -3851
-7020 4491
3829 4021
-6769 -5804
-5685 6957
-1469 -1685
2268 6237
1376 -4148
-6322 5984
1381 -4993
3872 731
-5840 -6850
-1834 4141
4374 2230
1171 7625
-576 -162
-7409 7413
5137 -6050
-4034 5029
-7312 -7226
3866 6815
-5237 -2836
-849 -2929
-7325 2099
7158 1423
-5971 1010
4393 5551
1544 -937
-1631 4924
4399 7229
-1522 -5147
-4827 7577
6925 4167
-6471 1045
6104 2094
-1100 2143
2597 3920
192 -6037
-211 -3077
-988 -7598
-1430 4354
3893 4289
-4201 -7634
-3877 4166
4514 -6859
-2841 4085
-342 -5418
1056 5791
6483 -4482
1598 1531
-6962 -6684
-3294 2855
1581 -186
7386 6910
-151 3719
7721 2627
-4102 -19
-3736 5017
7363 156
6203 4624
-1255 4377
-6638 5302
2897 -6849
2394 -5367
5091 -4277
3531 -296
-6496 6737
7321 -2635
-7727 7521
2603 6450
-4431 -3259
-1367 6021
-1518 -3167
-4024 -4705
-1880 2645
4184 -3191
-2936 -5007
-1171 -5637
5659 -2768
5251 2427
-3651 -3827
3132 -7716
6576 -5986
-4890 -7190
-5082 1426
-6392 5733
-280 -3986
5739 6028
3814 -7715
-2567 -4905
-7065 366
3581 798
-1037 1979
3647 -1031
-1637 -393
-2080 1536
5982 -868
777 -6870
-6956 -3617
3877 289
-403 5486
1733 5922
87 -6781
4746 -3960
-5671 -5398
-6400 -7637
-3286 -2892
6959 -4916
-6461 4595
-4866 -3923
1209 -1000
5912 -4387
-2139 4272
4242 -5135
4614 6106
-1562 1116
702 4090
-5708 7223
6025 -2092
-5100 4446
-5397 3008
1031 -7507
-241 5220
5316 3246
4407 -2327
2776 -2050
-1974 -2632
2798 -3964
-7123 -2774
1879 6380
7110 -235
6846 1824
7700 -3962
-6235 -6794
5777 2126
1734 -86
-2951 -3837
-7411 6460
-6052 -942
2853 -6745
1395 -1646
4873 6296
3238 3288
1384 5204
4386 -3966
-7004 -1462
6722 2915
-5054 -543
-1610 2712
-7295 -4265
1203 4872
-5202 5716
4218 -4735
4199 6454
-2382 457
-114 5928
4887 -2802
5399 -1153
7025 -1096
-2267 -3149
-870 -6953
4233 -5796
4459 -4796
6785 4175
-573 -4756
3842 3121
-2053 6620
1314 1886
2510 6873
-731 5675
-1971 -7404
-5816 -5941
7445 3144
6868 961
1934 -4561
7543 -739
6109 -3450
5021 4078
-7700 -4666
-1823 668
-6927 -3276
1694 -597
-7230 3124
-7275 -5708
7638 5989
-6096 -3007
-3074 2742
-406 4893
-4013 3643
-3738 192
427 -6461
4965 4357
2408 -2239
3721 -2748
933 1380
7273 -963
5674 -3621
5657 -1305
-3484 -5880
402 -7117
-4443 -1298
-5479 -963
-1751 2925
6771 -3353
4647 3040
3046 -1716
3898 4653
4782 985
3530 6504
-306 3964
-3239 4253
-3687 -1021
1777 -6763
3409 4429
3196 6778
-3191 4847
7227 2373
5511 -3561
-3405 3787
-5064 7638
3499 6520
6638 -1744
5074 -7062
6681 1672
-856 4213
299 -6515
-2056 -5297
-3807 -421
-2117 1226
6459 -4858
-5414 -3018
-1041 -6128
-4406 7211
-5165 -6678
-6227 -4326
-2105 2731
1361 -3930
7719 -2236
3578 1790
-6009 1849
-4881 5985
4132 -6899
-2879 -7624
-561 3150
-1015 6452
6038 4795
6837 -2823
2709 -2873
-380 7503
893 -6790
193 4336
-1193 3454
-1817 1388
6865 -5212
5244 4122
2174 5304
-6146 5014
-2166 -895
1835 1228
5678 -2957
6605 -6181
2036 -293
1854 5337
5089 -1243
6305 -4016
4543 -5461
2635 2496
-456 -4494
-5507 7545
5167 1804
-128 -4351
-3678 7584
3395 -2126
428 -5140
337 -7379
6340 -7266
160 -2951
2977 -6558
250 -5037
-5105 3769
4756 1399
4551 -5044
-2817 7357
4318 6103
6892 -3656
1166 -3250
-857 -3101
906 888
-3582 5390
6541 -6328
6078 7336
5152 3768
-6837 3623
-1571 -3971
-5753 -2830
-3022 -7673
5113 -4212
-6943 -1090
6564 1958
-612 3510
1243 4370
-2155 6916
6472 2483
4788 -7127
6878 -2897
-3826 -5618
-7385 -1723
-213 -2099
-5865 4020
679 -1491
-2081 -1693
-4561 -5608
3343 4241
-3981 4440
7411 1157
-795 -1564
-3586 1374
1310 672
-1300 259
330 -7199
1482 1089
6387 -5851
7201 -553
3781 -605
3187 -7758
4996 -5503
7469 -7495
-2342 -3925
-5969 1640
-6526 2857
4997 -2332
-1431 -491
5880 -6408
7439 3941
-78 6780
-1451 -4338
1076 -7504
-3989 -523
6705 6466
5755 6134
-5805 1035
-6547 -7316
-5982 7207
-1087 3119
-5012 -4282
-7402 -3180
-2383 -4235
-2619 559
3987 -3564
-4591 -129
6817 -6802
-5038 7700
2625 -7184
2056 529
1805 3840
2502 -6846
3183 -7687
3428 4263
5310 -7572
3983 -3943
642 5479
-7692 6932
3050 -7643
-3081 6216
4856 4293
-3876 -7281
3715 -1880
-11 -7348
-2884 -2738
6916 1877
1441 -6906
-6999 -3651
-7733 3401
-4289 -7015
1667 -4858
5630 4960
6969 12
-5714 6223
4422 -5827
6849 6790
-4073 -865
-6608 5587
-967 -6201
5735 3515
7649 -3245
576 4702
-7084 3207
7687 598
-1713 -4733
-5520 -2736
-7174 5968
3569 -3514
-476 3779
-1207 5632
-2414 3292
1805 -6184
-1404 2249
3255 4129
-6948 2242
-6838 5468
-5406 -472
-732 -7102
3145 -828
-300 364
-7662 6278
-4605 -6750
7610 5973
-196 4550
-1124 -5691
196 -4229
7708 2439
-7459 3037
7033 543
-5468 -5894
5696 3329
6013 -1231
774 7052
3809 7665
3645 3670
-2754 -3110
-5756 -440
-1607 5356
1294 -6265
2585 -1078
-1884 760
-5343 -4955
411 -1432
-5071 3717
1248 6631
6860 -1497
2812 7336
5139 2236
-2774 -653
-1070 -3875
-6732 -2703
-7543 6921
-3302 -1233
7421 -7433
4613 635
-4648 -863
-7243 1031
5758 -7004
-6506 4717
6075 92
-7574 4541
-2468 2896
3319 -7424
2840 1655
-6118 1998
-7712 4446
5019 -5609
-7642 -2356
-7556 -1413
-5274 -3737
987 -24
6280 -2944
6781 -5998
5320 -1298
-7208 5399
269 -4158
2204 4521
1122 -1361
-7102 -6333
-4182 3653
1151 6123
-4307 7466
-4791 -3719
1011 -2029
4080 5731
-4918 -2211
4313 -1280
133 -5470
5051 6520
2809 -7371
3172 -266
-980 -4253
2782 -6849
-5081 -4914
-3567 -5594
6708 3294
-2256 4352
4267 7000
-2606 -6239
1733 -1735
852 6094
-635 3108
-4573 7035
2967 -2013
5562 880
-3643 -667
3898 -4038
-4543 7719
-7623 -4462
-5218 -5562
-7021 -158
-827 -2512
-2232 -7730
-5236 -892
-3211 3026
-1196 -1456
5170 1168
2681 922
-7285 1232
-4170 693
814 -5480
7665 4456
-4796 6717
2147 3752
1282 3256
5879 -5456
-5770 -173
1707 6578
-1555 -2043
-887 -1471
2369 5306
-1021 1512
7345 -3425
3704 424
7305 5171
5459 5772
-1427 -5393
-1442 -2106
-5134 -3336
5658 626
-6609 4248
-7720 917
1613 -1766
-1755 -5671
7324 1557
-7530 3930
706 5033
-6121 -5341
-1796 -6579
3636 6079
5599 -3064
2453 -5820
-5035 -7061
-2222 2874
-2519 -3173
5357 7460
7516 728
-2272 -4756
-5737 1006
5019 -248
-3274 -4370
-1009 -3712
-5716 5813
4211 -5144
-4557 -6780
-1347 -1760
6284 5144
-3420 5757
4248 7416
7092 -195
1635 191
-4848 1683
-3511 1703
-7456 -6465
-6491 -3459
-5207 -2624
3331 3290
2454 -3190
7448 -6769
-2762 4965
-3397 5248
3457 3713
4595 2901
2530 1112
5418 3663
5504 6636
-1750 4824
598 4604
-6657 2939
524 -503
5948 -4109
3356 -6114
-1849 974
-5342 2579
-2220 3079
6508 -7365
4091 -437
-1787 7758
6607 1017
704 6924
7733 -226
-6151 3414
5668 -3079
-4285 -3964
6568 1933
4675 6035
7539 6094
6935 -1980
-4424 6713
2359 -1564
4762 7117
-906 3113
5382 -3092
-7508 -5384
-1169 7169
-3195 3135
-5740 -7681
-4660 -4603
-7487 4900
1511 -5228
-1148 -789
5006 -2359
5924 -1279
-6199 1897
712 321
-5574 6853
3868 6506
-5423 -329
-6592 6865
6375 -6338
-3320 -1395
2966 2961
-2255 6944
-3728 -2051
2675 127
7496 -1537
-4408 -4822
7128 -5869
648 7297
-7194 3766
7740 3152
2654 -2716
4744 7424
4463 2022
-5602 -2826
-2630 5259
-4380 3297
-4040 -3888
1689 -886
-4867 -3124
-465 -4564
3932 -554
-612 7517
-3479 -1051
143 6269
1078 -142
5376 7389
-1003 -4062
5086 3606
-4969 583
-4365 6490
-6521 -457
-3171 6653
-50 6721
-902 6221
3665 6403
-5217 4794
-2663 2273
-2331 7182
-6274 -2110
-3373 -6387
258 4120
-3532 7101
-561 7713
-7110 3199
6080 411
5791 -2086
1047 3208
-4891 -6786
6903 3561
-4488 2433
-567 4340
6421 7029
-2710 -6571
-3854 -700
3684 -4945
4901 -3938
-6718 -5613
-4498 235
2922 6533
6833 7383
-6951 -7246
-3372 -4539
-7626 4270
6714 2667
2734 -1023
2875 5305
6106 5043
-2469 -294
7480 4241
-6469 1404
6687 -2963
3529 2181
2591 1830
-987 -5835
40 -4895
-220 -6604
1105 4628
1082 -6762
1947 5250
5243 2811
198 3025
3995 2703
4684 -7168
-1065 5694
6197 2951
-2277 6015
-585 -1422
-312 -4124
-2109 3805
4569 -4966
138 -1065
5281 -1525
-425 -4247
-6881 6610
4537 -2425
-219 -3086
-3295 6930
3191 -5796
-178 118
-2413 -7037
5073 2259
7713 5970
7573 879
-7676 6995
5495 7160
5698 -7556
429 3984
5224 7712
4480 -6856
2930 3623
1983 -2262
25 993
-3193 3757
-4251 -5745
2753 442
1039 3437
-6546 -4530
-3654 -1880
1895 698
-5750 -6067
-2264 -71
-631 -2281
-2973 -5066
-6775 681
6497 -2293
-549 1986
1433 -1441
-5655 -4882
-4490 6550
-2692 -2511
-7093 -4785
7380 263
6980 -4707
-6735 -3816
6961 -1232
-3696 1259
-3819 7129
-6027 331
-156 -2638
-7305 3663
7753 -1479
6014 -1066
-880 2217
-3582 -5864
1176 -1986
6177 3459
-253 235
-1359 1243
-4023 -469
2133 2045
-6584 3953
2096 4543
4915 7236
-1586 1736
-990 7043
-626 -6501
-5832 -218
-7273 -7100
7257 1206
-5358 656
4170 5080
-1404 3279
-7559 7032
-7705 -2716
-1101 4237
175 -111
5809 -1629
3944 -6301
-7000 4765
2319 -2719
4370 1693
3534 3484
-7631 -7466
7446 5441
5873 1200
-4459 -4906
-7046 -928
-5423 -7210
227 1110
4786 -1783
-5011 4925
-2770 -751
3342 -6442
-2460 1403
7355 5662
6904 4772
-1328 -3376
1822 -169
-2520 -1023
5606 -3707
-4507 -75
-4922 2119
-4366 -85
4453 -4881
-1005 -18
-340 1746
-6437 -3028
-4830 -5726
-6850 -480
-6493 1707
7134 -2634
2889 1724
-7209 7426
3417 -129
6408 -7068
2773 6798
-1548 -3885
4757 -3600
-2201 3396
-5458 -2146
-2746 210
-3091 -981
6279 -6208
4956 5198
6369 -4883
-58 -3259
-3769 7458
4948 231
3188 -4904
-6289 -7046
3215 4919
-4207 5947
6141 -3123
6280 -2684
-6677 6786
1992 -4216
7119 6447
2309 1336
3954 -4662
-11 -1813
-995 6729
6157 -1094
-4216 3689
-5122 -4098
3624 5314
5201 -203
3175 6948
-2850 5149
4167 913
1144 3507
-5940 -4912
4906 6005
-2335 310
-3362 4130
2221 2166
-5305 -7095
-7250 -3770
3844 1800
-2912 -572
-7336 3936
-3861 -5874
4533 -4388
2371 1905
2069 4150
-2591 5465
-304 -2243
6304 1540
1137 1033
2217 1167
2751 5888
-6786 566
4756 5274
-6145 -3586
6852 2716
-4821 7129
-6658 -7082
-6222 -5309
5727 4232
-7017 4601
-3410 693
160 -2810
1280 78
-6753 3322
2630 -4243
5727 -7387
3912 4850
-997 3652
-5597 -4644
-319 -6741
3859 -5039
1601 -5842
6004 -7500
915 7389
6161 1704
-2913 4115
-863 -6816
-4442 -7344
-66 6470
3707 -7584
-3608 1020
-3415 -120
-3958 7182
5209 -7470
5285 3609
-2183 -7477
-3456 5990
-2858 2602
-4711 4256
4961 -379
6857 -3386
-2166 725
2279 3401
-6267 419
-3082 -2592
-5261 6815
-764 2115
-1645 7045
1356 2132
-6578 4924
818 -7425
2090 -1008
-773 -293
-3448 -5678
2532 4645
-2915 1023
4721 3053
2322 -3825
-2830 307
-4216 251
4507 -5198
6453 2948
-6465 528
-929 -7583
-976 6623
-6122 6463
-4594 -6269
4036 5814
2474 4565
2365 7375
-3514 7585
-5667 7380
2389 -2187
798 -4633
6815 7418
-5819 -6810
-5601 2199
6580 3400
-5049 67
2968 5126
-2198 -4098
-2452 -5850
-232 6448
3935 2491
6808 1880
2945 7676
-5854 -5347
3807 7058
-6173 -4759
-2109 -4125
338 -1113
5541 4733
-2790 7593
5752 2797
6731 -4697
-1456 3103
4882 448
-5178 1514
-1144 3038
4963 -3786
1766 6612
-4112 5431
7160 3993
-6380 3247
-1814 -4805
-6385 -5800
-5925 2130
-128 807
-3477 6383
-3533 4292
-6788 -2851
2924 4854
-5615 2132
758 5243
-1474 -3275
6108 -4878
-6068 6835
2077 -6378
-4717 2464
-569 3850
4420 2725
1810 5763
-6571 -865
-3333 -1621
-2932 5437
-6917 1281
2218 7744
-1476 217
-3614 -4198
3317 7594
3280 -5029
-6509 4765
-5951 -2945
-5203 -4812
-455 -5472
2979 573
3513 -5140
6753 5566
-4007 -4694
-2289 -6957
-6994 -7077
6768 -1385
5873 -7467
-2446 -5438
7634 -6275
5240 156
-4743 -3499
-2119 7575
-858 624
-2888 -7682
3496 -6944
4744 7622
2512 3469
6169 781
-3526 851
-6601 7754
1872 -7580
-7402 6586
6411 3381
-346 7747
-1363 -7686
942 1921
2106 -6076
-4393 7446
-5252 2265
-125 6342
878 2187
-2322 -2793
-3236 3576
-2836 -5133
2958 954
-4303 -3969
6370 6402
-6492 -1537
7533 6514
-5680 -5194
7464 1749
1100 -1319
6514 -4253
4163 -1191
5352 -1883
-1128 -4882
4990 -587
2981 -6200
-1240 5942
-871 6005
7434 -2391
-7506 6366
-5293 6788
-7314 -7718
-1832 6423
3932 -5082
-672 1238
-1342 -1666
355 2425
-5984 2441
1942 -6496
5821 -995
1869 -6136
-6832 148
-1145 7165
-82 6850
-5118 -5680
-6819 -1656
4657 -7734
-7754 -4228
-3982 4559
1226 5918
-4795 7006
-2997 -4467
-5854 -1445
-4166 -1499
-2864 -5883
623 -1823
-4451 -3157
-3623 -7276
-2099 -5653
-5758 -14
3593 -4180
6485 5715
-348 1391
-3114 6364
560 -4600
5250 443
-5881 -5484
2042 -2376
-4975 3803
80 -4304
-1733 391
670 2185
-3265 6241
-6169 1663
-6158 -7406
4262 -4178
2648 -4138
359 3418
2121 7706
-3782 1393
-2175 -6607
1050 -2406
-1556 4264
3073 2572
4749 -4854
6054 -4547
-2941 2772
6426 4994
6186 3634
7535 1124
-7514 -4611
-6712 -3458
2876 3872
6079 6320
4612 3800
-6642 2358
6896 7224
5347 3627
-7266 -377
5952 7168
3190 3375
-5247 128
1456 -6853
-6696 -6362
-6575 -6595
5502 4283
-5438 1248
-5857 -1581
3001 -3146
-2845 7146
1064 -3354
-2979 5237
1567 2495
-7483 -3057
-15 -2753
-434 2636
-3856 -3578
3368 -6022
-5018 5115
-7688 -2787
-652 6141
7280 -7413
-6733 6560
-2577 -98
2045 3978
7114 -1671
2030 1944
1494 -3864
5713 5632
-3701 510
2885 -5929
3817 4065
7280 -4014
-4197 -3742
7022 499
-4009 -5300
6357 -6023
-350 -1904
3802 5209
1052 4525
243 -6027
5378 3758
1979 -5307
3565 -5449
6036 4187
4993 5755
-5980 -252
-7698 7320
-473 -3104
-3317 -7606
-6632 -7005
-7672 1335
6037 4598
5254 -7130
-7437 -834
-5872 1348
7399 846
4759 4517
-2880 -176
-3017 7714
-7533 -4988
2729 756
7303 -7754
3630 -82
-5863 6846
2689 7731
-385 -6714
228 -6487
-1999 4980
6856 1727
-5731 3084
253 -5892
3596 -203
-5862 -7646
-7526 4920
6346 614
4522 -7016
634 3317
1544 3265
-7345 -4975
6429 4450
6620 3207
3307 -24
-7135 924
3996 -4849
-2809 6124
-665 7098
-7142 -1331
-3922 -2728
-1750 -1446
-2296 -4781
-3377 1307
-6248 78
-7018 -2450
1490 4581
5930 1170
4765 1092
-3913 -994
3458 -2756
-5680 -382
7166 6923
-2057 588
-3210 -4836
-7042 -7657
7431 4771
130 -6713
-1407 1703
6742 -6694
1424 -2882
-3748 -5102
4788 7615
-3165 6536
-156 958
-1027 2931
4840 7014
1261 -2587
-2622 6977
-6237 265
2483 -6498
-7651 -1625
-4813 -2317
-293 6345
-4387 6840
-2583 -3733
7180 1289
-5693 2176
-7264 2982
4275 -7000
1355 489
-17 -5338
967 5616
4692 6945
-3214 -3477
-4697 2693
-4621 7118
-4612 4307
-6730 -420
1272 -3989
-977 204
-4894 -3086
-4355 -4728
-6220 6880
-216 -2931
2936 -4814
6700 -6518
1618 1888
2945 -497
-1985 1211
-2989 49
1779 -4762
-6375 6221
2386 1951
-4177 684
1701 979
2238 6172
7411 -6764
1071 -1715
-311 -5636
-4774 -4345
2454 -2037
565 7170
-2710 -7576
-7713 2864
1660 -409
340 5172
1184 -1132
3737 -4056
1127 3003
-6780 -201
6146 5933
-588 -5458
-1102 -6395
-5723 -2372
1020 -3823
4322 7167
-3202 -4225
4190 4911
-4440 5692
1868 4570
-1626 4661
5477 -7561
3184 4116
-6747 -3010
-2424 -6228
-5016 5909
-1464 -6975
-6225 -5709
-342 -727
1097 4063
2990 -6616
-4854 6059
6439 -1565
-7482 -3410
-644 -3060
-4777 972
-2096 6410
4762 3883
7663 6148
2334 1064
2878 -4976
1951 -7038
-3282 -4480
2416 7279
6070 -818
-5794 -3052
7683 5135
-2270 -2458
1769 -147
-5325 -7090
-2761 -7164
2040 -4614
-4797 -4196
11 -2111
4302 -3286
-6399 -1123
-6123 5469
-5793 6963
-297 -6535
-506 4548
-1495 2808
4820 1261
-5767 2632
3719 5314
-5773 -980
-5875 -7219
6318 4134
3094 -2404
-5959 -2828
1431 -379
5765 1600
4157 2082
-1791 330
-3157 -1324
-1084 -1276
6612 -5943
3364 6506
-6594 -3269
-1411 -603
5142 6277
-5532 -2320
-234 -3757
3535 4950
-849 -5800
-5733 1249
4891 -4113
-2214 -5457
-542 -5947
-7193 7313
-3523 4587
-1845 7198
6843 5180
489 6682
-6997 3851
7193 -6253
6138 -2189
-2132 1984
-1512 -6358
-3795 4561
-126 4341
-5219 5482
1822 -3142
6943 7472
1608 2151
3384 2350
4729 7628
-6525 7664
-5778 -2916
1950 630
5592 2287
-2947 -5959
-6617 -85
7162 680
-5286 -4212
-7050 1278
3459 2214
-5358 -5038
-367 -3342
4521 1532
5664 2172
1869 7545
1143 -671
-6403 -3724
-5937 -2066
-1482 523
-299 -385
-2034 7046
2446 241
4975 4692
4774 2657
-3411 -7373
-7462 837
7320 -7478
5594 -4481
2980 -3518
-5674 -3817
6854 -7089
6996 -7380
-1940 4886
-2964 -5185
5832 -3900
5722 1344
-5819 1855
6262 6001
7463 -2251
-5121 -2807
7342 -5375
2398 -86
6157 5090
-3993 2210
-6976 -7401
2150 4593
-2293 2375
4580 2210
7224 1989
5573 4746
-2008 7320
620 4490
-2852 -117
5256 -3759
-7648 -2425
-6501 1949
1964 6451
7218 4506
-5509 5910
2338 7665
-4402 -3714
-2058 7440
773 -124
2455 -6485
7688 1789
-5717 -5355
-2978 347
7277 6281
4626 5152
-7523 -5481
1875 2640
7055 -7062
-7081 2445
-718 -5141
5148 5788
-7009 -6080
-2807 1929
976 -3197
1149 5449
2774 -5157
3029 6978
6750 3290
1508 -1688
-7284 2058
-3556 -4880
6246 2150
-6884 -4842
5596 -6192
681 2221
-4330 1295
-6748 4903
4554 -4994
-437 191
1862 1826
-7334 -7204
-7490 1198
-365 -2646
2871 1683
2411 3502
-5573 6992
1292 5051
6725 -1650
5513 -6574
3845 3143
756 -3688
2337 990
-3332 -1098
-3289 -662
-3376 5344
1780 -5115
-2235 4832
-123 -7507
-1704 -6815
-5984 -4267
6394 -4515
-314 2910
-2737 6789
2043 -5208
6342 -2060
4345 6647
986 -6133
5199 -3123
-6944 3822
2904 6567
3719 6801
4874 4986
282 -4806
6422 -5510
274 -5938
3545 7356
2197 2536
1807 6410
-5886 -1460
3726 6952
363 2477
1762 -5983
-4004 -2431
5121 -2809
7479 7349
148 4607
-162 -6051
-6171 4474
-1232 -5897
-6531 -4761
-4136 -5381
5172 -1782
6203 -3767
-6424 -5537
-6169 3009
-3274 -6920
-5138 3209
-106 -1602
5942 2847
-6418 6976
-2074 5101
-5722 -7021
-2832 -5636
3544 -2920
-418 1425
3296 6430
5832 -5261
5293 -4026
5599 6822
-2197 -4409
-3606 1203
498 -4109
-5118 1295
-2346 796
373 6302
872 -7504
4718 -3332
-6523 -6182
7716 2718
2209 795
6491 3541
-71 3634
-830 -5936
5490 -4678
3851 -7451
1740 2314
6766 -3227
-3107 1166
576 -7528
5884 4663
-7200 3056
-3014 2897
203 7530
5245 -6063
7738 504
3365 -6000
4730 -7702
7651 7369
-5772 -663
-4139 5785
-3109 -3153
4231 3385
1430 -5300
-3611 2073
1702 5122
2792 2216
-4247 7200
-7596 755
5934 -2644
-3407 3052
6364 -3180
-692 35
-3551 -5133
7412 2984
-6141 -1816
-3376 -3536
-2948 -4964
1982 -4533
877 6421
5749 -4112
-5653 -833
4241 -2502
3007 -2987
-204 -184
1756 -4343
3483 -667
3796 -2621
1721 -6888
4232 -7436
-7399 -1240
-2159 -716
5971 -1179
-3548 -3942
252 3932
6189 -3084
-2125 -169
4853 -5740
2371 -6122
4406 -4405
5316 -683
-10 -2750
680 -4204
-7396 7439
-4921 7011
7013 -7442
-3177 2774
-6823 -7381
811 5787
6367 1839
3205 5114
-1258 595
7704 1466
-6634 6293
4120 -4464
-6931 4178
7303 -7080
-6485 -1986
-3292 5390
-5812 -5343
-5060 1246
-1457 3830
-4492 -4126
-7386 5486
-7154 1864
-4765 -6550
1193 -5711
4808 -6972
-1766 711
2962 6201
4552 5374
6066 3683
4616 6862
-7298 2419
-5242 3743
6723 2777
-3892 -6077
-1121 -5930
-3945 5899
5411 7471
6009 -4237
2471 -6755
1943 -3302
5375 -2896
6000 1454
-6611 4993
1079 -1418
-3487 -7085
5369 1531
-5504 109
-2378 2495
-5579 -5934
1261 -6995
5235 -1492
-1636 -4989
3188 7750
-5987 -5695
-6045 -4614
-1890 -6930
-5468 -2008
6609 -878
1109 5744
-5906 1454
1899 -7736
1400 -943
-3217 1230
-5465 5483
-4724 3716
1374 -6448
233 915
119 1656
-482 -5432
-2128 -4807
4139 -7121
-5863 4609
-6214 -634
4861 3815
921 -1618
1986 -7625
5508 -880
372 2353
-3399 7690
6688 -529
-2449 -319
-6878 6175
-2525 3249
-6250 -5919
-166 7010
96 -6807
-5791 4800
4656 6152
-3997 3971
6111 -2333
4628 5272
3542 -6436
928 -7000
1208 6820
925 -2489
6454 -1728
-2130 7294
-2113 5804
2795 -1319
1723 4735
-4111 -3322
-5722 7080
1172 -2630
-7511 6321
3407 -6135
4970 -5787
-5852 -515
-6954 409
-7477 -4418
5834 3766
6161 6013
2101 -2123
263 4898
1014 7008
-3525 777
7419 4205
2671 7185
3702 5341
2546 -7658
-3466 -4960
4876 7567
-6562 6365
1459 5068
-1030 6422
-3549 -7691
944 -6331
2464 7563
7460 -2779
4750 1117
-4680 2709
-1673 75
-2041 -6836
7266 -5528
1462 -555
4544 -1044
-4681 -5262
-6635 1920
1982 6175
-7296 -7320
-5566 -7316
5921 -7376
-3799 2384
4489 6659
6408 -2146
-7213 4087
-4888 3297
-3190 -6261
-2079 3301
-239 -3172
5606 5853
3828 -7730
-6897 1615
1045 -4486
5943 4121
-7436 5919
3849 -1252
763 -7181
1150 -2099
-7215 -4342
5977 123
-5147 7261
-4987 2302
-3818 -2845
-6464 3713
2739 1465
-1169 -247
1339 -5774
-5112 -1356
-19 2912
903 -7351
-4789 6380
4617 1104
5068 -220
-697 2407
-7464 -2631
-1715 5767
4259 5321
-5157 4333
2450 -127
-1096 -3830
-7745 -6243
7454 6888
6698 1566
-3888 2053
4738 6434
-3353 2605
5844 7125
-4222 2702
2353 5113
6338 3109
-5870 5412
-1544 -2244
158 -5478
1381 2176
5800 -4903
-5347 2054
6832 -125
398 7571
3224 -7454
-6665 -5560
-7717 1487
-1225 -2203
-2524 -7671
6988 -6842
-1892 6079
7748 -4732
4199 -7298
-2299 6777
2075 -6027
-3629 3525
3623 7424
-3916 -2306
-3842 -2062
-1660 -5166
-6002 -2175
6687 -988
-1517 4433
3058 -6617
6019 -882
5760 876
4372 1700
-4118 -6413
-1271 -2848
-3297 -4191
-6386 -307
-4415 590
7385 -4113
6199 -1658
4879 -3928
-4018 2116
5801 5513
-1481 -4464
-969 2456
-3834 -7523
90 5552
6590 525
-7452 7566
2934 -6314
6261 -5660
-48 -2418
-2150 -5600
-127 -2532
1634 -5870
-908 -1647
5902 -4328
-5737 -3631
-3497 4149
-5523 -4520
-1798 -852
-1412 3655
-3496 -7196
1635 5768
-3897 -4099
112 2150
-7238 -4393
7525 -7200
3676 954
2877 2841
1148 -5665
7048 485
-870 -5087
1835 -2893
4686 1572
1096 -5881
44 -2193
-4407 1050
7217 4133
-1848 2243
4551 -5393
1833 -7098
-3664 -3459
-4688 309
-7581 -4804
4456 1444
863 5791
-3523 5911
4449 -6991
-1551 -7284
4363 -2600
2839 -7199
1970 5735
4431 -4688
-2826 -5010
-1873 -465
-2054 -1335
-455 -7590
1833 2113
-1117 -5294
-7383 -1978
3491 -4176
-3899 -7691
6746 285
-5364 -7590
2172 -2203
-5104 6033
-1573 -5153
4458 -4045
3005 4158
-249 -3344
-3232 -6428
5633 -2543
7237 6041
4494 -6282
7171 -7019
434 -2026
-2540 4792
1045 -4511
1664 -6300
-1722 5484
-6887 -4917
-7443 6090
-846 -5465
6081 2208
7749 -3799
6575 -4970
656 7442
1034 4058
2087 5871
-6734 6145
-7558 4155
-2041 5743
-7720 -7104
344 -7188
7135 4150
-7298 5906
-1612 -665
4192 -7313
7036 100
7360 -367
6208 -6771
3080 -2312
5714 -1801
5120 6425
3937 -5804
-4028 1878
3901 3595
-6969 5012
5807 1909
1553 7101
-6701 645
7271 -2501
2972 3958
2910 -5329
5737 -3575
1989 99
-4291 -6557
-6009 -945
-7323 -201
-6462 -6456
5639 -6569
4794 -4761
4425 -1410
3079 -4572
2965 -7077
6391 -3727
5268 3791
-2332 -1509
1799 7279
-6879 -683
-145 -3445
-5402 6981
-2688 -1371
6307 5182
1406 1938
-4341 4655
2735 648
5362 -6844
2462 -367
2893 -6778
-7738 -607
-914 6171
-5183 -4470
-1119 2326
3141 6877
5936 -109
880 3313
-5139 3076
-5679 -3879
444 -153
-4334 6091
7504 -444
6380 3436
7223 -695
3433 4946
4087 6268
4197 -497
2481 -809
-1871 -2813
6846 4430
-2303 1047
2763 -7567
6353 934
5592 316
-4710 -7383
6401 6920
-5901 -6406
-6942 -1890
-1710 -1697
7216 -5385
775 5200
6778 -4822
-6923 -3436
6081 3379
-6387 -808
-3502 -4569
644 -6836
-3757 -1805
-4915 -4668
-5072 -3574
-1060 4091
-6536 -5293
2717 -4623
4977 -1966
-1065 -2852
4295 -1013
5912 -6783
-2366 -6109
-2662 7081
6296 5785
-328 -77
1648 -4554
4665 5378
-4074 696
4359 -2476
-5942 -2728
6646 1030
-5764 -1591
5077 -3601
-3039 6955
-803 -6878
-4866 -4622
5797 4885
1574 5976
-48 -1837
3118 1010
5273 -1211
3181 5491
3158 4985
-3196 -7270
-3178 5259
6171 482
-4136 -7488
-3585 -6537
-6771 6580
-5900 5026
-7577 -5690
-5008 -4608
2141 -4081
-362 -4784
4520 6256
156 -2208
-4809 7594
1562 4079
7582 4643
1590 424
7069 -1964
2684 -7371
-2874 -1969
7228 -1596
-3124 1006
-1282 -7109
7132 -5139
-3762 -4266
7350 6082
4355 1084
-2558 5677
-1749 -3417
-6102 6320
3181 7020
4688 4720
-2820 -7615
-7171 2278
-1944 -4560
-5517 1659
1894 2028
-5314 -2494
-5464 -1259
1748 7248
-2338 -1742
-2287 -7202
-6744 6987
-4137 -5777
7299 -7403
7456 2953
6059 -6614
-7133 6990
-5824 -5972
-6416 -2430
-2818 5794
-6451 -6960
2678 -6637
-5467 1369
-1717 5195
-5857 -7305
-4909 -6420
5933 2230
6540 -3807
-7559 7263
3632 5626
-1122 -2677
-222 -7710
2573 -3318
3983 -7550
-758 -857
5189 -1701
7339 -6449
-4410 5417
292 1936
1434 -6545
-3225 -6696
362 -3941
-4765 -1417
-7625 3379
-5638 5915
703 -3208
-6328 -3514
-6396 -5478
-1631 1087
-6877 -6254
3085 1555
3722 -6150
-5208 7670
2218 3421
1043 2015
403 -7191
-688 -4755
579 -2061
2286 -2308
4196 -1729
2442 -7755
-7551 7626
-1417 6161
749 -7697
2188 7361
4428 3088
2054 5251
1511 6419
-659 250
-5266 -6886
-6032 -6582
-4084 1946
2660 602
-1070 -2937
-3666 3067
-7445 -7142
5744 -1494
1053 4369
-732 -3135
-5905 5913
-515 -2975
-3925 5201
2954 7654
6752 7267
-4188 -256
-7086 176
6376 7082
-4894 6381
2567 3396
-7726 1487
4730 -1462
-3127 927
-2286 6403
7057 1894
2261 1951
6330 -7366
3588 7276
6042 7719
-5401 -2839
254 468
2868 6549
6607 -4114
-3623 -528
-3180 -1586
-7447 2675
-4065 -7438
6132 -5422
-7595 6585
3686 3291
6492 6962
-2718 -7258
274 6596
3169 -1969
-6342 5443
-4466 -2938
5026 -1593
1934 -7583
3252 7398
7357 5132
2516 7560
4824 -4996
-153 -430
-5088 -7561
336 404
-4413 -1621
827 -5628
-5802 -3133
2404 5503
-2775 -4665
-1035 6586
-3437 3506
-1398 2355
207 -4065
-4475 4819
-6173 -3875
2685 288
7366 -6620
-607 -563
-4135 5000
3865 5282
-5306 7525
-3532 -2187
-528 -3791
-170 -5295
295 3503
-2552 -3465
-7519 -7525
3359 4112
-235 1817
-6285 -4595
-986 -3432
3371 -4040
-6609 -3708
5563 -4392
-2835 6570
563 2194
-5805 -3583
3625 7414
1944 -7042
-3485 -5956
6248 2899
-4966 1074
588 -530
6587 -934
-5128 -245
-1746 -1987
-3379 -5070
-3403 -1428
5173 5103
-2229 5436
-4919 -3429
-3245 6225
-4495 -312
-4372 5681
3166 -6361
5138 4251
-3902 2503
-5167 4920
-3787 3993
1226 -1694
3702 -5100
5517 943
2144 -5348
6667 -4782
1914 -6115
-2080 6263
3180 -3163
-3581 -6815
-7259 6160
-895 1691
6811 4229
3678 -2781
1127 991
521 -6197
-6072 2818
6665 2824
-1921 -913
-3253 3849
-5220 2306
-5566 -6953
5717 -2977
-4791 -3697
-1795 -2565
2816 -2703
-6941 7648
4638 -5560
786 6919
-6048 4478
2985 -7647
2810 1770
4622 -6802
4519 -7530
-7379 -3026
6525 -7740
2353 5048
-5413 7413
748 6826
-5098 1851
-6821 3328
823 5604
-1889 -4909
777 -7619
844 -3335
-6083 -3316
4685 1829
-1392 -7133
2723 -7108
-394 1450
-5547 2261
-4630 4841
180 6150
-1853 -2992
-1001 3813
7590 -1694
2673 3041
5039 5439
2407 -4631
7110 -3083
-7741 -4912
-5171 -1064
5950 -5096
3836 -6320
2496 -2285
7398 -1088
-7143 -5380
3849 -412
-2422 1468
6367 3414
3881 -7259
5058 -6057
-7455 -999
79 5869
-606 -1752
-3161 2982
-1874 2170
-5874 7461
1366 -2665
4798 7169
-1035 -6511
-2784 1357
-1950 5463
3543 3962
1951 -4985
-3046 2783
3680 6848
4968 5340
3992 4181
-3830 -1011
6239 2484
-6909 5977
-141 -4597
5177 2954
4606 -5776
2271 7653
-3063 7102
-7633 -5844
-2689 6765
-6067 -4435
6107 6569
-991 -4369
-7575 -285
-4582 -7093
-2141 3631
-2961 -6398
-1555 4006
1621 6478
790 -1408
3658 464
5823 7722
6108 -7293
-5895 -7241
6872 -4395
692 2094
6236 -1368
7386 569
1356 6842
6256 -4564
6458 4120
2908 5317
-5399 -3733
-206 3603
6635 -4963
3321 1576
4349 5904
-539 -5076
-5764 6876
-2499 4612
-4210 -3679
6498 -872
-2170 -7386
-814 -5079
820 -4432
7632 -1555
-71 -1546
-765 -5188
-1370 1841
-3036 7064
-3576 -5797
-4639 -6308
284 -3003
3855 7011
1451 -5799
2519 2702
3429 -2866
568 3498
-6140 -4534
-1935 4090
6075 -6370
833 -2460
2289 6057
3341 -4738
2592 7296
6823 3039
-7333 5378
-2997 4514
4055 6671
2334 4317
1439 3293
-6877 2992
2583 -7240
4716 -4731
-638 1867
1644 -5095
2160 -6449
2796 -295
6795 -4777
-5951 7609
-7710 4959
-6758 -6349
-1554 -4077
3238 -114
127 -5875
-827 -677
-4633 -1761
-6635 6757
7599 -4938
-3575 1335
7322 -6370
1398 4456
-4195 -5155
6168 2792
-5700 5695
-1078 5239
7736 -6287
-7253 6004
-2975 -3446
7351 -5901
7627 -5467
-1774 1540
3126 6307
3645 -4020
-7406 -2045
3867 4813
6370 -3796
2596 3306
6964 -7095
-4068 -7277
7567 -1711
5097 -5864
-1331 2205
-4718 -4398
3061 7060
-6460 1515
2362 -5648
3314 4133
-6930 5990
968 -934
-7598 1660
4233 -5885
6211 -3660
7206 3342
4125 5267
3618 5496
-4740 -4786
-528 1771
-4117 -6153
-2621 5470
-4959 2281
-7115 6242
5625 4069
3289 2883
-2226 -4012
7175 4005
476 2780
7602 401
5933 -7383
7186 967
-5661 -794
-2398 -7129
5518 5455
-2079 -6178
-5574 99
4506 -4706
-4565 -974
3149 4499
302 -5292
4334 6479
-4613 -5087
-7249 5931
-5828 -4362
-6926 4192
-1420 5139
-2419 5092
3643 -6439
-4239 7359
-2628 -4175
892 6696
-4714 5380
914 -6405
1256 3264
3562 4621
6031 -6081
4000 2945
7193 4940
3224 4832
-5457 -60
-5171 -1838
-1550 -117
6430 7702
-1951 -7218
-247 -5683
455 7270
814 -695
4963 7698
-5019 3421
2610 5657
-3986 4893
3126 4567
-4548 -2280
1134 3195
5921 -6332
5915 2346
6217 7033
-7316 -4424
-3005 3046
3747 4267
1190 -3146
-1020 -5761
-4196 -7562
5528 4567
1 -5731
-5463 -3956
7557 -2576
-7222 -5088
-7364 650
1497 6561
-4143 -7552
-4763 1782
5107 -2964
3421 1744
345 2457
-3558 4211
266 -5879
-7538 -6896
-2147 -1634
5455 2829
-6912 7314
6305 5498
-2336 -5994
-1245 -324
5181 775
3867 -2014
5038 -819
1509 -3196
1360 5976
-2552 4689
7741 -3464
7362 5066
-6366 4810
4104 -7480
-2178 -550
-4600 3723
4925 5444
1472 3145
744 -2214
3663 912
4582 -6005
5273 5844
-226 -240
-4503 -2306
-6929 3562
-7684 -3577
-1540 -7334
7039 -470
-3767 -3385
-4199 3030
-6501 6716
-6665 -6272
3179 -2682
-2813 -1965
940 305
-3107 -1619
-5108 -6585
-2699 -358
-911 -6357
2651 4981
2235 7237
334 -5841
-7210 1746
5476 -3824
-304 1872
-2305 3284
162 -2362
-4920 4328
4941 381
-6744 -6406
2288 4188
-3015 -6268
-7156 -2550
6648 -6927
1452 7538
810 6235
-2950 294
5264 160
5216 6428
1745 -6533
3741 3789
-3550 4366
-3209 7543
-6616 -1976
-1906 1294
5533 2572
3632 -3832
-411 6205
-3244 358
4129 2734
-7389 145
3731 -2936
-5024 -5667
4368 7661
-6424 6031
-817 2666
-3625 6296
-5404 -6697
-7300 -7638
2466 -6961
978 -6588
6886 -644
355 -1218
-309 960
-677 3620
1676 5166
-4434 -7512
-5344 1143
-2319 -5510
6256 -3183
1791 1822
-4748 -344
3075 4934
-894 -4566
1963 -6463
-5283 1813
-4148 11
3444 -4874
5255 2563
-38 -5110
6808 -1270
-3603 4872
-929 415
6254 5980
3270 -2803
-797 2559
3618 521
5797 -4853
760 -5437
4069 7367
1566 4787
1918 -4740
-3278 -6316
5321 6282
-3094 -2897
-5612 -1717
4751 6278
-704 7261
-67 1824
670 5493
2860 1647
3313 -5079
-7011 7256
-6675 -7687
-7748 -5359
-5008 1932
4241 -617
6275 1425
7528 3835
5055 2914
1334 302
-784 -3002
-5392 -3940
7624 -954
-5890 5944
-2884 6792
4491 1150
-6116 -4076
5548 2107
-5763 5503
1986 -3215
4834 -1911
5764 4589
-7292 -4941
-1646 -1657
-3589 -5038
-1581 -4182
-7083 4483
4512 2769
1637 -4500
398 -1916
6371 7059
-5908 5715
-2883 2002
-3490 -6426
-6493 -3020
-1197 2646
5689 -1074
-294 7285
-6910 6009
6229 6972
-6786 1901
-867 -4925
1315 1232
7661 2152
-4547 -3891
1158 -5504
-5877 299
-1993 447
-5078 -5581
5989 -2201
1980 5329
2602 6254
4302 -6390
-5140 1906
1497 -5877
5271 7058
7298 4226
7494 -2089
-6770 7061
-7281 3566
2649 4818
-1147 7215
-482 -2580
-1620 3711
4173 -5801
4616 3898
717 -7475
-5411 5118
7210 -1048
7348 -2482
-3092 -6199
-7176 5141
-4606 1269
1006 214
6706 -3088
1249 -5718
6382 6805
6196 1224
-385 -6359
-2751 7655
1392 -2519
3863 -5978
-3548 -7667
-751 2191
-4306 5975
-1413 3606
-6072 -2250
-3804 3123
-761 4079
5414 -36
-2918 6140
5909 -5428
3649 -1073
4381 -623
-4042 6661
4517 -1948
-7207 -4397
-5122 -5587
4986 -7604
-7191 -3443
-6305 1004
-4743 2179
-7567 689
-7144 -1106
836 1380
6045 -2706
-1048 -3247
2614 -6925
403 2123
-7166 -1818
-2067 7323
-5976 6329
-7079 -5827
6636 -4500
-1938 -7407
2894 2262
3304 -5201
2662 -4252
-1710 -5923
923 -7033
5120 -6155
-4960 -4306
-2714 228
7513 5530
-3029 -483
465 4524
4398 -4523
6775 -4993
6992 7500
6095 6462
-6654 1920
-6596 -2550
-6678 2610
-7650 4394
6542 -1868
4599 4263
5482 -1146
-4801 5189
3362 2869
-5108 -7724
606 2972
187 6170
4025 -5033
-2316 2966
4338 -7294
4845 -2175
-2843 1756
-4859 -284
6289 -5523
6548 175
3767 6894
-5622 7048
-5487 5753
-637 3409
7616 -7511
1308 -6441
-7105 3105
6767 3006
-7069 2892
-2331 -7148
3640 -776
5122 -5974
-3129 -4062
6236 -148
-4960 2269
-7201 -6433
-2227 2734
4508 1923
-6602 -3745
-2462 6268
-47 -3042
4838 -1206
1021 -2793
-752 885
-5941 5482
3869 -5599
5242 2476
-3942 -5692
-6614 -3810
5824 2360
-6955 -2213
-2655 2264
-7004 4125
5315 1787
5877 4057
1225 4130
2433 -5599
-471 2777
-6569 122
-3304 -2178
-2526 -1991
7758 4123
-1175 5597
-120 -3315
-7015 3491
-2826 7707
1276 -4650
2122 4065
-7414 -3740
2557 -4726
7666 -5088
-1080 6965
1604 2670
6424 -7265
-7337 -4296
467 3301
-7555 1895
-1216 -7464
-4428 4840
7501 6132
2823 -4981
4334 -7063
6848 -4055
2356 2973
6890 -364
6918 7161
4232 6894
-2259 -7458
4709 2475
1369 3747
-4517 891
-4477 3989
-64 2459
6232 -5379
6127 3378
-2622 -4632
186 3419
-7646 5078
6235 -5503
3605 1002
-7680 -5353
4205 -5686
2374 6453
-267 5395
-7308 2235
4987 -2288
1312 7679
-3598 -5400
4737 -1556
6551 -2950
-3283 -3189
6186 5097
6722 236
-4619 2502
-3651 -2134
-7500 1982
-3347 -6695
-777 -6658
-4769 6908
249 -5059
-5480 -25
1122 5096
5616 613
-2459 -7501
-2599 3248
5736 -2357
-7226 2492
4565 6662
5385 7000
4972 4484
3620 -7656
-5184 4595
1427 -5195
-1341 -6974
-1316 -6600
5684 -6015
7580 -2742
4477 -3507
4957 -5004
6501 7061
6380 375
-5227 -522
5286 555
-6486 4851
-3236 -4879
5439 6828
5662 -1764
674 -2484
-5925 3448
6454 -4648
-2789 -1976
2154 -6391
60 966
-1198 6492
6564 -5395
7573 -878
-6985 6951
5559 6695
5995 7728
5564 4562
-5214 -1975
760 -1115
-1315 2209
1907 -6922
3792 1139
6472 1169
-4040 4199
7530 -1562
5770 -6676
2059 -1923
3874 -7002
4819 -2934
-4032 -2228
3418 7674
-2339 -4218
-7223 -6391
2620 -5052
-1774 6917
2921 -7633
1563 -5070
4663 5361
3071 -2087
-655 -14
-5308 -6843
-1270 -6714
7417 5778
-569 -7661
5649 -1788
1796 7246
5587 3877
1981 6491
-3433 7387
-3402 -3287
-7013 -4138
3794 3620
2152 -6270
-7097 -2046
-245 -5061
-1512 7721
-5776 -6967
-4607 5538
-4194 -7398
-6861 36
-730 4838
-7126 -5157
-5761 -692
-3149 5222
6962 -5368
-3320 1792
6503 7635
-3038 2500
6185 6289
-2679 4418
-4855 -6348
6907 -7149
7699 172
7028 -6579
-7592 1779
4588 2398
-1170 7040
-2455 -7429
-6839 -1016
-547 -6194
-2889 -3164
-47 -6132
-4619 2005
-2493 2586
7621 -1086
5417 4850
-1113 1648
-5311 2835
-6897 -2724
-6656 -3538
754 2101
-4781 -5377
3174 -5732
-4365 -315
-6346 995
102 -1286
7006 7659
-6054 7585
-2062 -3994
3677 6486
2917 -5615
1465 -7651
4214 -5956
-7128 -4729
-4264 3164
2084 -4910
-3961 -826
5480 -2405
-7433 5767
-1397 -4605
4973 -2490
-6656 -5268
6903 -5770
-1297 -2758
-2457 4360
3478 -7645
1826 4714
-5130 -6091
5459 -6888
544 5708
5090 -5971
6870 4541
1791 -4703
-7679 650
-5364 -7038
5525 -6645
2713 -1877
301 -7586
1351 -6647
-828 -4871
3427 956
-245 5862
-4481 -7155
-2145 -6334
7399 -50
1216 5564
721 1560
-941 -1927
3630 5151
-3722 -1474
-2591 -6073
3587 1858
-2253 5612
-1764 -3829
35 894
-6045 -3839
-292 6848
709 3158
828 6341
200 5967
5078 7316
-1591 2585
-1463 -6933
3340 -450
5070 6085
-6385 -5600
7329 5522
903 -4255
-2350 1418
-1709 -6077
1254 6904
4717 999
5740 6307
7116 2833
-3405 7386
4379 6544
-184 -7639
-3 5661
-7658 -3471
-7566 2969
-4071 4118
-3334 -3139
-7501 7359
4252 -3480
-5095 -2612
-741 -1024
-6266 -6187
5518 6347
6690 450
-3403 6992
4206 4931
7655 -4274
-5243 -2037
-3197 -6299
5738 -5344
-4099 5406
6209 -3728
734 3554
2306 -1599
-5369 5500
-7163 -930
-3625 7443
-7436 -1447
-4997 2995
-3448 -5266
818 -548
6740 -6222
-1560 4104
-6177 -2247
-6124 3422
-4636 -5869
-728 -7454
1841 4782
4311 -1798
6644 -2457
1051 -3987
4516 7738
5771 806
-5871 -5884
23 5595
-3096 -5863
-498 6835
-7197 4936
-6286 5170
-653 2641
5292 -6292
6442 7306
-1305 4391
564 -6747
3059 3059
74 6000
3252 5387
1813 -4155
-4496 5410
-1108 -7317
2245 -811
-6863 -6728
158 6708
-5234 5359
1259 5505
-5181 6725
4348 3681
2333 -5303
-1637 -4357
6049 -7228
-3318 2598
-287 212
-1042 -4192
6251 -6367
-7632 -3678
-435 618
-6248 -4966
3958 -7010
-419 762
-7148 -5197
-5687 1087
-6227 -6259
3006 -2514
1375 5088
-1494 -2053
-6857 4588
4498 5374
-279 7385
4183 -7460
5094 -1226
-7632 991
5462 -1398
1368 2587
3685 -1607
6856 -2891
5129 -4283
-4833 3155
-865 -4198
4897 -3401
1560 2681
1911 6166
-6113 2248
-55 -6567
5567 280
-2703 -7321
6929 -3763
2693 5134
-7439 -7568
4272 -2123
1222 5269
4140 7052
-2999 4107
1829 -3962
-5417 -4694
7365 7344
955 7086
1706 -573
-4951 -350
-5151 -2446
-5200 2767
4237 4377
-1185 -4327
2282 -5215
2318 -7614
3679 -2253
1999 890
-4261 4370
-5922 506
-7164 1614
6394 -7476
-6571 -118
-7101 -6189
-492 -419
5546 7167
6575 3740
633 -2932
1942 7299
3194 -832
-4167 1502
5665 930
5544 1679
-428 -6616
7351 -1795
2278 -440
-501 7093
2217 -7445
-6759 6781
5297 -585
-1635 -7091
-1935 1367
-2907 5998
-3223 -4277
-4350 -6837
-6515 1976
-6945 2095
1192 6620
3833 -1596
-3181 -1074
5103 -1641
-835 7412
4363 108
6283 -1320
6633 -3002
3663 -6327
-6367 3967
7725 -3530
7575 4908
4942 -5106
-6967 5837
-2943 1536
-5976 -5877
-3741 3347
6901 -2042
-722 3566
-3172 5294
4759 66
-6159 -2091
622 1346
5937 6982
7354 1173
6487 -5438
1080 -6839
3583 1642
436 -6277
2840 3905
1689 6719
-4120 -405
7314 3389
-2687 -6697
4823 4009
5130 -1821
-1501 -7415
6901 3773
-6017 911
3647 -596
-2735 -4359
-4840 -631
-115 -5985
-6160 -7028
-5290 -6617
-7509 -3310
4355 -2048
6629 3867
-2983 -2752
-3415 -7090
-3931 3153
-7316 442
2022 -6441
5135 -6644
5815 4261
-7546 5490
4919 2260
-5115 3749
-6733 6881
5585 -3876
205 -3982
-6890 -6483
2852 5178
-7637 4536
-7570 6105
-6231 4277
590 3130
-709 -6058
-1532 2053
6282 1365
5863 -2551
-5758 3229
-506 5655
-2252 -6857
-6615 -4626
-6847 225
-6789 4324
5308 -6968
2104 7556
-2092 6630
4435 -1455
5295 -4046
-187 4028
2525 4955
-1999 -6298
7321 -7163
-2356 -7618
4413 6388
-3541 666
7373 -7717
7075 -2614
-7510 -988
7619 4614
2010 -824
-6721 -6642
-5258 -2372
4703 -3224
1142 7242
2267 213
3349 -7646
-4842 912
-36 7107
3591 -2054
1672 -2414
-6633 -5048
-5449 -445
-1976 3213
2829 6054
6382 -7227
-6750 6245
-5241 1416
-6117 6470
7139 -806
5742 -7451
1852 2715
-3840 3475
-6611 -2448
-4181 3478
-4391 -5012
-7027 -6678
6510 2261
-2503 3877
3610 -371
-1540 5757
-5169 6563
-2513 6415
5033 -5770
-4752 -1374
-5359 6027
-3817 4057
-6981 509
1715 -2363
-5160 -1917
6707 4627
-5797 -4166
-3432 5090
-3889 5704
6980 -2568
-1466 -2290
4784 -4624
-5182 3577
4086 6070
4452 -5180
655 2472
2507 -5607
-7694 -5255
-4922 -2643
1582 7291
1647 -3161
-1290 -6433
3207 4013
5180 2540
6260 -2449
4725 -2679
-6631 516
-1833 3345
-5524 7373
116 -1339
-6267 -6001
3935 6876
-3703 -6216
4681 3998
2086 4879
2601 -5491
6524 -1863
-1213 557
5803 -4929
6762 604
5365 2212
-5132 -4384
-4359 4521
7464 937
3614 -7120
2835 6027
5050 199
-1191 1659
7474 -1430
-7034 -1117
-7710 -4350
797 6675
2804 3575
-994 5331
-2149 6158
7608 -7670
-5381 -6497
-1567 4544
-4471 4356
784 5607
7723 -6267
-1657 -6256
2170 -6733
-7459 3474
5596 -3275
4660 6468
-1967 1779
7636 5441
2182 -6462
-816 -7519
1925 1495
5471 7635
-7148 -1523
4624 -2747
3738 -6147
4076 4085
-5620 5839
5990 -5437
2960 6659
-5359 7203
-7537 -159
448 -6226
-5407 -519
-2739 -5974
7741 6049
-659 2367
749 1151
-7524 -7750
-1554 -3095
1386 7112
-4263 5813
-4262 5423
-4722 -3591
-5986 -158
-1361 3899
-7205 3429
-4069 3827
3198 1125
6311 -2341
-4532 4300
4634 -6062
4589 -5500
-3932 4046
1764 -5562
-6405 1669
-4222 7256
-1763 -5305
880 5660
6272 1085
6714 2345
5857 -2983
5461 -3234
5855 6150
3969 722
163 -4528
-5769 7317
-3456 1565
-131 4196
-2077 1575
365 7456
-985 -7032
2471 6102
-2163 6531
-3872 -3223
-4325 1708
-7550 7105
2268 7314
4774 -228
2149 -5035
1047 2955
-5281 4699
-4996 6745
-5701 -2718
6816 616
2941 -7752
-2471 -7154
7364 1707
-179 -3071
-1241 -5966
407 -6401
62 -207
-4091 -3959
4689 -4374
-4869 956
-6229 -1557
-3927 -1300
-5039 -620
3558 -7718
7320 4825
-1032 1895
-7571 -1092
7429 -4508
-2153 -6256
-5989 7080
2494 7099
-5520 6229
7333 4312
-4841 -6239
6833 -7551
-2485 631
-6195 2258
-1679 -4478
-2731 -5668
-2332 -2190
-6660 2299
6099 -7264
6889 5685
-3788 -3569
-5125 -5423
5647 4596
6430 -5631
5442 4343
6006 4795
-4140 -2852
3636 6712
2939 -4252
-6856 -1560
5155 -5634
-1830 -567
6310 5721
-7186 5843
-1267 1255
2630 605
-7310 1120
-3140 -5225
2510 6902
-2310 4630
-3787 6153
-7513 4779
3030 -6379
2434 1363
-1476 -624
3659 2064
4795 -5739
-181 5969
2071 6906
-281 -6055
-811 -3237
1449 3124
-45 -5825
-4166 2505
4395 -5965
7564 -104
-2162 4292
-6977 2078
-1698 -2185
-345 6855
-5452 2606
-1097 3711
2606 -4979
-7388 -911
-1409 7004
3049 6428
-5643 -2689
-7448 478
2599 7094
280 -308
7210 7549
6273 4303
-1427 -814
7575 3345
-16 6991
3580 5905
7003 -4018
5790 7757
-1528 -2198
-7386 -2449
-6332 7431
-1923 -2275
1322 -5638
-4571 -1191
5014 -5535
4077 -6413
-2573 6103
-4598 7210
-3444 6393
6664 5568
-60 -787
-1319 -5988
1177 175
7754 6840
-4171 -327
6938 -6613
-1494 -2173
-7325 102
-5010 -4647
-4832 -7613
3704 -5753
-2984 585
-783 4585
7284 5748
-2119 334
7358 -2512
-6766 -1891
-5284 -1303
5671 -759
1480 -7128
4336 327
-6212 5624
2284 6909
-4455 4603
7572 4489
3522 -4450
7580 -2811
-1729 -2581
5107 3743
4864 -7160
4693 -6108
6463 -3395
5828 854
2505 -3257
4740 -7541
-4132 4381
-6171 7574
-4087 1146
1260 4192
-7471 -5737
-3798 -430
2035 -5267
-6913 -611
3134 -3784
616 5395
6145 -401
-421 427
4175 -3045
-7135 5015
7696 -1658
-6352 -5232
-5262 1199
-2877 2751
7545 1845
1589 5926
-3671 -7742
-4155 4907
-1510 5631
3278 471
-6795 -4642
5934 6956
7407 -3595
-1914 655
5660 2561
-484 3123
-5284 1221
6144 -2007
4987 -5254
6789 -389
5836 5216
4748 -732
2145 3983
-6583 3187
-79 -3097
-2444 -682
3522 -2332
-5136 6037
4932 7664
3569 5664
-1552 4174
5722 -4532
-1293 4678
-1152 -6702
-3656 -5922
3178 -6043
2271 6941
4736 -4765
2842 -7416
7614 729
-4293 -5084
7330 2109
-1685 -3565
6385 -2802
-1449 2385
-5779 -7703
4894 -2062
748 -4023
4909 3682
4865 -7240
-1714 4951
-275 -5652
-5498 2320
6871 1597
-3734 -7052
14 6777
-6084 4469
-7226 -409
6569 2786
-3830 1609
7511 5488
1976 -6448
5212 -2737
5035 -3785
3272 -3132
7214 7306
2974 -2257
3016 -2096
-2931 1676
-1210 6394
-5862 -2911
682 475
-1825 -3347
-1762 -1059
-7521 7234
1114 -5490
-1157 -5841
-5372 -6555
6711 -7088
7252 -3846
-3330 -5477
74 848
7165 -4849
-6878 5531
-7313 1696
-5930 5652
2516 4248
-4641 -6463
5097 7
1234 -3590
-7430 -1718
-1088 6716
6184 1012
-5709 -3941
-847 6715
-810 6055
-6712 4723
809 -3756
-547 5581
5616 547
-8 7178
-1573 963
2434 3489
-2 -4044
-1852 2950
7553 2195
-7339 -5730
-6845 -976
-4320 1160
1704 -522
5183 -2595
6836 -676
3199 -6510
6079 -2280
6332 293
2168 -7264
-1387 3939
5204 -3449
-7664 -3385
-4075 -1798
7203 -6345
-6159 -3428
-6654 2848
4786 2403
-1779 7376
-3254 -4103
4421 -7699
-1482 -5227
-2203 -2078
4139 431
130 -4711
736 6416
5412 2747
-1771 -395
600 5714
-3822 2619
770 7698
-2487 1096
5868 -1931
-227 -3869
4819 -7392
-3594 -5164
2764 -5568
6663 -3308
5707 1883
-7006 2963
4878 2779
415 -5631
7618 -6887
-1797 3204
6594 3928
106 -2207
145 257
-5705 4368
-7742 -5557
2391 -460
2706 6439
627 -7114
6289 7754
-5395 -7159
2871 -1538
4533 6053
5490 -80
7728 -6547
5211 4453
-6581 4566
-2892 6841
-7073 -3237
7644 2974
-778 -6924
236 -5749
-809 -592
-1199 -6250
-5594 5442
2388 1699
-6369 3806
-2382 5318
6128 -7465
5240 3691
1042 2999
-5558 -4415
-4650 7566
5607 -3527
-7664 1927
-5242 -4388
779 -1276
-7450 6381
-5702 -5980
5520 3799
370 2910
-5833 -2777
-2487 -1224
-7414 4313
1416 -7268
-4908 -1838
6096 -7643
-3419 -6618
-6939 -345
-4519 -7418
1151 -1578
4892 -3886
-7484 -1378
-5353 7741
3056 -3823
-7252 749
1686 -1375
-6657 -1534
-3244 -1249
-1430 -2862
-5138 -1576
1673 1376
-4760 7006
4881 5472
-7722 -881
-5616 1080
5039 -7295
-6474 -5476
-5139 1501
5729 -1631
3185 2808
2412 -4955
1887 7070
7278 5355
6971 6257
-3412 -3369
3111 4643
5302 5318
-5932 6701
603 -3495
-7204 -4720
4837 4417
5694 -6387
-2975 6163
-4816 3262
5361 -5376
5306 4867
-7633 343
147 -550
-6411 619
-3285 -6771
7283 6751
4982 7694
3942 21
6250 -6099
-4150 -139
-4465 4726
-2926 4110
-7321 -3672
7170 6059
-1206 -2681
-69 3793
-81 -2046
-1711 6710
7148 -2077
2131 -6440
422 3031
-5948 1183
2272 -5167
3072 -6251
1339 1215
4244 3134
-597 -4165
-7358 -369
-82 4755
6130 4949
-6922 -513
-2887 -7166
-4392 -5322
-6716 6317
1900 -3247
-3752 -921
1428 1528
2774 -5219
-2645 3749
-5189 -5016
-491 -5664
-869 -2464
6591 7380
-5499 4848
5068 5192
2442 -7354
-5198 3744
-5757 -1691
-3497 -7311
4715 -3216
-7491 1254
-1898 2330
679 7620
7138 7024
-397 -5732
-7384 5007
-6064 -6148
-7202 2897
5114 -6029
1959 6433
2660 -1681
-4442 280
228 1168
939 2337
-7330 -3221
2916 -5943
-3821 -5898
-2577 -5866
-3810 -3286
-2148 3794
4887 -3647
3613 182
4247 -6139
4289 -5565
2329 672
379 -586
5748 6873
2431 -3220
4435 2379
-2312 7132
-5318 -5632
4871 2055
-2462 -997
5903 1187
-3553 3497
7360 -1899
-635 -2170
5953 -6151
-3614 208
-1535 2528
-6711 1185
-2803 6384
-5337 -3882
-75 6155
-114 2863
6822 5846
-5356 -6615
-726 4709
-6714 -666
-2530 -7737
-3594 -1218
-7199 -3213
-2291 1008
-6013 3056
-5823 -1915
-7420 6063
-6749 -745
-5514 5210
-6135 6133
4081 -273
-7432 -7024
363 -6168
-7624 -1036
3402 -7061
-3455 -7369
3845 4811
-328 -5191
931 -4039
7392 -2102
5830 6928
-3764 5381
2775 6141
1867 5684
-2573 6622
223 4522
-6790 -6355
-633 815
-3164 -7616
1394 -6012
6716 -4893
-7091 3333
-7553 -3596
1371 407
-7666 -5251
6485 -223
7628 -2284
-1502 7668
-5317 -4280
-6320 -6847
7714 3926
-3099 7444
-5503 -474
428 1864
135 105
-4819 3008
7629 5477
-3391 -7380
-3593 7097
-1367 4683
3676 5485
-6017 3914
-3306 -3920
1565 6525
-810 7213
-7400 -1030
2913 7188
1136 4690
4802 1736
-1650 -5382
899 6817
324 725
4891 7252
-7230 6351
-1998 4614
-34 3387
6610 6909
3452 -1072
-1987 1893
3144 -3919
-5839 7027
-4023 -4562
6439 -5110
5457 -7065
-6641 -2043
6663 1458
2382 4445
-5235 -2579
-5016 5408
-7601 -6506
7622 -7486
7570 1157
-7020 -4010
6300 4862
4546 6187
-5868 885
-5801 -4175
-6436 -7100
1148 6479
7035 5092
6262 -2983
-2337 -7670
-7391 -7627
-5859 -6300
-3044 -4948
2215 1926
-2463 1156
2389 5332
6528 4729
5066 7671
6290 -7275
6549 -1542
3251 6779
6884 3645
-260 -6523
1283 -274
-1574 6660
4701 -4959
-7249 6396
3303 -1851
786 -2960
-1014 -7364
-4394 1766
3018 2414
7368 4594
6225 -4123
-4783 -6477
-1953 -7294
-473 -1435
1158 4141
-6989 2589
4415 3127
7640 -7432
1387 7735
4322 -6054
-4087 1040
-6313 4672
3872 -7141
6250 -5021
-7754 -1041
-7213 7283
-3176 4158
-2225 -6573
3543 7324
-4410 -7158
2943 -4281
6817 19
7015 -5929
5788 6878
6958 -7649
1597 7007
4113 6613
519 3330
-6807 -2565
-1253 -3472
2616 -4740
5325 -1476
-4983 3540
-7136 3340
-1804 -5852
-5167 795
-2216 7463
-4611 -4667
-4320 -7548
3712 -7733
3017 328
-2655 6596
3177 4348
-1711 272
1551 -6988
4173 -6423
-4096 -5237
-6518 -1513
-6634 5347
-6024 1210
-6494 -1813
-430 -1821
889 -6301
-7406 1270
476 -3824
4317 -7185
2887 -5791
-1583 -1686
4246 677
3398 512
6960 -4469
-7419 -6637
-1294 -2661
-5119 -4617
3515 -5512
1186 3764
-4851 -5479
1474 -405
3381 7139
-4448 -1051
-4395 2683
2187 4211
5545 441
-1693 5666
-3583 -7508
-2046 -7650
4375 -6690
5054 5919
6471 2944
1690 -2572
-5296 7077
7570 4430
7426 -4443
4870 5857
-1756 42
686 -1029
-2855 5897
5531 3569
-4487 1256
-7259 3484
-2264 4809
5158 1506
-4955 -4449
-7617 -2766
948 5679
-4137 5185
-2799 5592
4906 7602
4459 5316
1429 5868
217 -334
5461 4575
7463 -6915
-6928 -3446
-637 -5169
-2156 2972
2448 -6133
-4125 7060
-7012 3795
6428 3953
2338 4480
-5850 4193
-5445 -3862
6768 -2887
-7515 7327
-6028 -4339
-5265 -6971
5683 -1040
-6256 2566
6970 1516
187 -6972
5223 5100
5891 3747
-3487 1845
-1105 2517
-2653 -6598
-5646 -3183
-3834 -7255
5477 -3306
1956 7202
2164 -3882
-3963 966
-7542 5044
1365 4473
1129 7550
2018 -4697
3390 874
5801 -623
-332 -997
7494 -708
7424 -1153
-1479 5649
1988 -2323
816 5222
943 -2542
6643 -3829
4080 3370
2980 2215
5510 -6153
-7265 -2862
6459 5176
5649 7662
1232 -7696
4253 4270
-2410 -7564
7267 4621
3010 5555
-4622 -7517
-4475 48
-1139 5430
-4936 102
7344 6138
-1592 -5917
6179 590
4345 -1855
-7238 180
-3592 7672
-5318 2505
-6147 -7488
546 649
4579 -2928
915 5540
6991 -4681
-6923 6885
5539 738
5282 -128
2886 6981
-1284 -4082
-3598 -3327
-3010 5059
-2358 5100
6520 2530
-3781 -7685
4873 -4019
-7095 7753
6210 4758
-2143 7579
2422 7497
-5727 -5200
3110 3644
1506 2628
6725 -7112
-63 5173
6071 -5306
-7240 2787
6964 2222
-2540 5094
1 1227
6916 2893
-6737 -1959
3319 5761
4812 -6942
-6019 -4939
-308 -2982
3397 5283
3327 5499
-3853 -7098
-4127 -2884
7752 5357
5259 -4084
-4762 -2626
249 2100
4238 7425
-5913 -6889
-4811 -5729
5804 7367
3177 -1175
2097 -5152
-4980 -3945
