4591 545
518 -2645
1720 -1698
498 3506
2126 3102
-2351 2123
458 4427
2322 -1570
1526 -34
-2864 -65
-2338 -2596
1246 237
4320 3283
4383 -3201
-3016 -506
-1948 -3465
-365 -4221
1873 -1993
1153 1261
3908 -3347
2937 3077
-393 -1119
169 3068
-313 -4276
279 -4120
1544 1760
455 708
-4537 -1183
1490 -1404
-984 3797
1106 -2677
-499 1681
4519 807
1289 -1219
3859 1709
787 1462
2430 1214
-2035 -452
-671 2901
-4270 830
-672 -1584
3509 -1490
277 699
-2960 3994
3099 -783
-3373 310
-3603 110
-2183 -652
2518 4444
-4445 2252
1497 -4432
-884 413
-4173 -3633
-3463 1429
-3969 1737
3806 -2208
-3186 -2216
2887 1215
-4199 3083
3860 -4308
-2403 -2287
3434 -3806
2371 1450
1451 959
-4527 -1542
400 -2827
3107 692
-2760 2461
-725 -1063
146 4200
1046 1567
947 -392
-2587 -3253
345 -3292
1664 -2348
1424 1664
2161 1067
2454 -883
1856 -4315
-674 673
-3815 4434
3948 -3430
3690 1919
3244 97
-287 1249
985 2524
3786 4353
-774 1289
-1801 -3700
1987 -1632
-518 495
2691 -1381
3338 4374
-1496 -2561
2475 -2050
-4163 -2958
-1273 -940
706 1255
-3129 -242
-19 -657
2221 1640
-3854 -2926
-2714 2389
4228 -2199
4247 -543
-3391 -2972
-466 113
-869 -1238
-2557 2183
-4363 521
3311 -3175
-454 -784
-842 -2434
477 3562
-491 2005
-1907 -1307
-4259 4181
4182 992
2496 4585
2976 -1965
-4085 1013
2013 300
-2694 -4318
2076 -4242
-2441 -3876
3472 3310
-75 288
-2289 3902
-2238 -3125
-1575 -863
1009 -389
-2044 4259
-2089 -1355
2648 478
-4525 2221
4258 2646
-675 -4572
1294 -366
3962 3506
4462 4282
2549 3444
3512 -831
-4431 -4104
3881 2786
-3415 3442
2712 2226
-1948 -4325
2883 3044
-86 -1248
2415 2646
-808 -1829
-1779 -3714
-1665 -1777
3284 -1765
-768 -499
-3864 -4280
-3045 -2434
-551 -371
-4335 4273
-510 -2554
-3130 3451
-4261 -4443
-61 322
-3647 -32
-385 -3617
-2956 772
-4413 3149
-4092 -4468
-4376 2851
2159 3441
4141 4347
571 928
-4444 -3530
-88 1381
-716 905
3623 -1188
974 -663
-1126 3082
-35 -3935
-1960 3842
-1003 1619
3028 -729
2228 3591
-2764 1017
-2092 -2991
-3080 -2675
2685 3668
-155 -1057
-569 452
2556 -3086
1445 -4472
50 -2618
-4195 -2156
-2679 -3677
67 -2393
1224 3624
-1941 -1254
2636 1969
2207 -3928
3348 -2943
1861 309
1720 1684
416 296
-3316 4245
2422 -3323
1601 -1807
1605 631
-4147 130
-3978 -2975
1497 -521
-1805 3829
-1080 -2726
-4011 -4173
-3066 2384
-3542 -3504
-4262 4136
-2463 2813
4078 1723
-3661 -1071
3235 -3741
1633 3057
4568 -4013
-605 4452
3453 -1491
-18 4233
2851 -238
-2782 4297
-2797 -1084
1660 -1019
-2798 1523
-1588 -87
-4028 -3236
1283 -909
516 836
-187 -666
1338 -4541
-2546 -4118
107 92
3426 4233
1095 2783
-2933 -1692
861 3469
-1065 2384
1208 3208
-2972 1146
-1870 -4564
920 1241
-4421 -694
3451 3094
-3275 4127
829 1885
-762 -1703
-786 2493
-4383 4247
-1290 -250
2969 -1074
-1464 991
1071 3801
-2797 1041
-2471 -917
-4050 -1613
3669 1486
-2050 -3499
3523 -3134
-1478 1068
-2934 3379
-1916 3185
-3822 -1939
3161 3025
1779 2404
2805 -2600
-1553 -2004
-2294 -321
-706 767
-4331 -1886
-1221 -3427
-2687 3985
-2493 -1385
-4581 -2208
3781 -3368
2216 3551
1169 -2155
2613 -4195
-137 4312
1692 1156
2514 860
3847 2287
2201 1668
-1088 2934
-1981 -4454
-1949 -1711
-3270 -246
-2486 4381
487 689
249 2349
1820 -1600
583 3913
-3470 -3602
-1891 -2099
919 -3517
-4206 3021
-183 1166
-4312 -1057
-712 2349
4065 -3482
-997 482
-1449 -1500
-738 4526
2128 -3537
-102 2704
2282 3694
-4269 4519
3206 3869
-985 1457
-1342 3454
436 -494
3714 2371
-3951 -2261
4059 211
-4015 -4479
-1096 1760
-120 770
-3686 -881
2193 -3642
8 -1476
3444 2680
-2441 -3496
-2687 1151
-3375 -3741
-3903 -3840
2696 1567
1405 -3935
-276 4326
73 1775
171 -1394
3669 49
2501 -1776
-1964 3924
-1314 -2124
-3124 -1424
1005 -3887
3278 1207
11 4181
2840 394
3828 3235
-1256 2174
-3802 1245
1480 1876
1420 -4513
838 -794
-2128 -2220
2203 3901
-4443 -4071
4424 -3121
2543 739
-220 1312
4120 1852
1623 1599
242 -4022
738 951
-2712 -2
4533 1519
542 1979
845 -3625
-2065 2771
-4315 3386
-831 117
-2360 -3999
-1615 4582
-1557 -1027
4219 -742
-1539 -3910
1712 4230
1568 -3115
4549 1301
2395 487
705 4136
-4052 2479
4324 -2640
2215 -1930
-847 -2401
4467 -4101
3933 960
4335 -3031
138 -3757
2947 4196
-3306 1605
2162 1263
-3200 2814
4353 3322
2674 3385
-1613 -4585
-3173 -2917
4107 -2031
-1595 4484
-716 -1016
642 -1168
-3470 3253
1994 1510
995 3765
-695 963
4557 2532
-373 256
1315 -3292
-623 -1899
-2570 2582
752 -4510
-3396 1175
-1295 -1603
2606 -4543
-2057 3300
-2833 3626
2661 -1568
-3368 2084
793 2337
-2577 1461
-671 520
-3960 -2163
3166 -789
1528 4346
-2577 4588
-218 -3231
1632 -1340
2766 2985
399 -3080
-3580 1001
1516 4199
4399 -4477
-319 240
4311 -1176
-1218 -791
-2261 4189
3162 -4050
-1889 2028
-58 -2559
-3734 -202
1510 -895
3165 2821
-547 -1297
480 -265
142 -3199
3841 -2594
-1897 4171
-8 2966
838 -122
126 3534
1450 -2324
-874 3762
3838 3283
-3183 306
-1306 3827
2304 -225
2600 1983
-3289 4366
-3423 -954
-1471 2169
-58 -1285
-427 2312
3755 1052
1420 -3685
1494 2671
-4389 2688
-2144 2113
4128 4397
-2811 -3539
3957 -4433
2040 2750
3974 2885
-4427 -661
3630 -4282
355 -4535
2271 204
-781 -1734
-285 -867
703 -4360
-452 -1560
-415 -4346
1003 -2191
-1085 -1530
-1403 -3498
1680 -2114
819 -1086
761 2702
-1486 -3070
1697 3206
2403 -1997
-4499 1314
3860 -568
672 4519
-1432 -2536
1745 -3875
766 -795
2397 -4038
-2543 234
-4478 -4412
-3328 1958
952 -1470
2344 -4195
3850 -2305
4014 2114
1164 -2510
1669 -3018
3891 -4107
-4099 2861
-3756 598
595 -2045
-3402 1902
-2714 -10
806 -3487
985 -4206
-2798 1131
1290 2633
-2693 -3101
-1641 2637
-1275 2174
-2209 -1361
686 3910
-2061 2
-2391 2550
3928 -2448
2042 -2129
-3962 4001
-4012 -1101
-1266 -20
-1783 -2759
2313 3350
-231 993
4183 -4509
-2923 -3873
-3142 -2042
2296 -1281
1026 400
1977 -2971
4355 -3726
427 -1911
4572 -3305
-111 -4529
4149 2192
3611 -1445
1078 2306
-2207 -2079
-1535 2240
-3214 1876
2421 4403
-3256 537
-542 -789
-3719 -4012
2006 3888
4275 3561
-1002 -457
-3382 -2164
292 3943
1306 -3322
-4215 -1250
3185 -3512
-1505 -1309
-1536 3074
1276 -502
2687 3880
-659 -1845
1959 -2116
-3748 -4262
-704 -551
-1932 548
-415 -4336
-643 3276
656 -447
-1833 -3566
-251 4090
2999 -2821
1941 2363
-3151 1479
4325 -2358
-113 2712
309 -465
3658 3918
1391 -3834
3036 -232
-4354 523
-4460 2086
1961 -3946
1231 -127
-1473 1999
-1678 4559
-630 -1799
-2196 4358
-2627 -1371
-3351 -910
-3104 -973
1188 4094
1106 3858
3774 -1650
1026 199
-1442 -415
880 -2105
-185 671
-3955 -4525
-2111 4222
4008 1716
-3395 -784
-3694 -4225
3843 -3793
422 -1989
-4025 -4419
3419 -2746
-3313 -1248
2226 653
4120 -3158
-4044 3119
2418 499
148 -2816
2294 -652
1403 3539
-4245 186
-3090 4358
-236 -202
-4398 3634
295 2319
-372 1177
-535 -949
-1856 -4194
1161 2482
2583 -3836
-3508 -628
-4130 2095
223 -1600
-304 1089
-2822 -3038
-2694 3376
-3105 -1608
1007 -1333
-3545 1679
2972 1937
4073 -4271
2324 -3273
-612 -3224
-366 -577
-893 -662
-3705 -3385
-3142 -511
271 -945
-4014 -2015
3542 -2651
-4018 -4429
2453 -85
-1310 1753
-1155 -3391
725 3591
3363 3129
-408 -4510
-3522 -3956
-527 4534
-805 1072
-2399 2615
2308 -3154
-213 844
-276 -2487
-3135 4334
-232 4580
1090 2520
-824 3273
2140 1229
801 -2347
2301 -630
-40 -477
-1271 777
1997 -3217
2240 -3857
3609 108
-1178 479
3255 -580
475 -2241
3922 1984
2499 935
-3947 -4563
-4060 -1228
-1248 -4109
2760 -2015
-2161 -301
-1777 -257
931 2369
1312 902
-2649 2771
-4508 -2428
-4317 -4042
-1368 -290
-2890 -910
-574 -2165
4406 1109
2721 -2944
478 -928
335 -4083
-3861 4344
-1752 -2289
2492 -773
111 -1250
474 3043
4407 4322
763 1363
-614 2418
-1019 -2694
4490 -3518
214 -1351
2360 -1158
3650 2374
2253 3369
-386 -4261
-3136 -2372
-1700 2054
4181 1795
-4329 911
-1190 -1173
291 -840
1347 -1322
-2313 1527
756 -3492
313 -1282
4096 -3744
-3947 -90
-2224 3571
-1246 -2317
227 -2163
-3407 3124
945 -3434
-2135 -15
-1106 930
2554 2775
-2345 -2083
4052 4172
-687 -43
3792 2357
4541 -2726
613 3897
2977 -1129
-1574 -4177
761 -1374
-2315 -3628
844 -1519
157 1182
4444 1626
1522 -1766
-3791 1014
-2302 906
-2476 -2763
2200 -800
457 -2373
2256 -390
-2536 -213
2814 -4250
-3599 -4520
-2240 2324
-352 -380
1176 -1934
-1917 -2857
4313 984
4530 -3685
-3354 -3520
-3439 569
-3397 -3234
1753 4245
-4026 2043
2497 3924
-4275 408
-2073 -1642
-3918 -3422
-1848 -2533
-561 -2053
-1170 -3743
4389 -3056
-1769 1797
3354 2461
2372 2939
-240 -3190
3508 4242
-3517 3045
-1191 4349
-159 -271
1889 101
3354 2293
1883 -3737
3471 -3887
-1673 -4009
9 3741
870 3996
2991 122
1700 2148
-3160 1917
-730 88
995 2688
-1333 -3084
1336 -1244
-2491 3787
-337 3094
-3647 -4404
-4090 -3138
-3524 -3388
2618 815
-2382 1031
4556 2739
-2990 -1254
2994 4035
29 2562
-3706 -4159
1696 -2496
3248 -3285
-2853 1025
-4140 44
-4234 1896
700 -2097
1465 -2582
2983 3511
-3216 1591
-2124 1767
-2211 2450
-3645 -3724
-2609 -360
-3176 -1237
-2445 4465
-666 2464
2416 717
4030 -3026
-4451 4412
-2958 3123
-4534 945
1981 -4033
-3127 4192
-4261 -117
-2007 -231
2981 1979
2197 915
-1715 1236
1989 1740
-3138 2018
-3011 2251
-4239 -1320
-2018 137
-3340 248
2401 -1031
3563 -3504
-2510 2448
-440 1974
4018 2261
3499 4158
2261 3267
2286 -1474
-1827 -4114
-2203 -1523
-1686 2802
664 106
-3761 4283
-3401 2264
3248 1559
-1726 1584
1115 -4140
-2412 1513
-2159 -1495
-1358 -636
751 -25
2250 4173
-785 4539
-1649 -2442
2761 -434
4233 -26
3082 1279
-3189 923
-2200 346
2597 -2888
2203 3661
1548 -3604
1548 3848
-4276 -1818
-4489 -4022
-60 3192
3357 -3455
4330 1758
3682 1726
-405 914
1936 -4270
4394 -3928
-4246 314
3262 4400
3478 -1930
1176 -3500
-4007 3477
4510 783
-1408 -1745
-4488 -3945
715 855
2269 -3269
1096 -2057
-1504 3195
2507 2605
-996 194
-3856 -4546
-4469 -606
3820 -2143
3642 -1890
-1686 3588
-4456 795
-527 -636
2048 1551
4006 -1884
-4570 -2618
3575 3756
2466 -3135
-4435 -33
50 -356
-3922 2288
-2472 60
-2886 926
4332 1838
-4292 -3077
1485 -3531
3527 -1759
-288 -2507
-3497 -293
-3149 -194
3189 928
-2770 4220
-3575 -3810
-1371 -3481
-3890 2991
-1699 -565
897 -359
914 3239
-2580 2181
-1630 444
1244 2184
2375 -2719
1115 1466
485 3088
3743 777
3514 -4480
1803 -3636
3551 1669
-4532 1146
1787 -1362
-903 -2577
-2855 -939
3672 -2397
-3816 -2225
4228 4020
-657 -1782
9 3244
-3874 1110
-485 2760
-2432 3329
508 -2400
280 -3906
-2612 -3918
-1353 -3561
2789 604
-1249 -3272
259 -2365
4050 -123
-1408 2665
1127 1606
1496 323
-39 -2020
3187 -609
1867 1528
2486 -2754
1336 -1329
1908 -2852
-2879 -2303
-746 4324
-4339 1819
-35 -4340
-4334 2895
864 -4084
2761 -3072
3779 2647
-3583 2920
3454 4493
691 3551
-4123 78
-217 585
-3392 -1170
-1480 -798
688 -1776
-3537 4146
-3013 1602
439 -3137
795 -2619
4416 4221
-1116 -2354
3460 -2260
3398 -2785
3565 52
2977 -2149
1520 -2048
-4007 -423
3511 3962
-4371 2623
-2917 2934
1717 1672
-4172 -1411
2777 -1068
1207 1471
3866 2921
4448 -1237
-1230 -2372
-1614 2330
-2280 583
3177 1148
961 -4008
3020 -136
-4018 -105
1181 2722
3070 -4349
2672 -2318
-4358 2294
2225 -3100
2732 3292
-943 4089
-369 238
-788 -1371
1209 2213
-86 1561
-1993 -3744
-4429 -3261
-1649 1154
-4366 3790
527 -1256
2694 -4033
-1394 2094
3618 -1594
3902 -748
4334 -3087
3631 -781
-3046 -2461
-4468 -730
3935 -571
-819 2538
-2973 -2552
240 2178
4322 -196
-3881 3578
2893 2262
-450 1986
-3060 -2040
4141 4287
1620 343
-2222 -3880
-8 -2871
-2809 32
400 3152
-2480 1288
1429 3258
3459 2295
1829 -226
-3664 3565
2492 2959
-4166 852
-2121 4014
-1251 2468
2788 915
-75 -3305
-38 -4526
-801 4487
2605 -2967
-2418 2847
-3173 -3766
4200 875
4321 3673
4115 -2703
1592 2777
-292 -3908
-185 -1851
2027 -3257
-4207 4473
-2200 -2418
-1142 -2553
3180 4065
-3917 -1125
-3876 1001
459 -2256
-348 1105
3015 3776
2938 1319
1373 4213
3042 -1864
1389 2374
-3844 3890
845 -314
-181 4397
3853 -3953
-3341 -1869
-3049 394
591 3395
4334 -1174
3931 61
3384 -3328
-3504 2455
-922 -529
-2481 -276
-372 -586
3632 4006
3537 -2510
-1486 3288
-3493 -1178
-1636 -1398
-375 3869
-1164 2996
1660 3909
2575 1495
4041 -2268
2357 910
284 -3077
-2329 -764
-1126 3888
-2475 -2978
2414 2117
-1600 969
-1254 2589
1316 -89
-2001 -1843
67 -2644
2145 -4172
889 4550
4482 -2382
-4276 2971
456 -802
-988 3565
-1478 -3057
1373 -2856
625 1093
-3964 -723
-3449 3182
-2928 3209
-3216 377
3637 -2507
472 -1550
742 -1611
-3593 -264
768 -1464
2250 0
-1539 -211
-2265 445
-4083 1368
-3904 355
982 -4126
-857 -4557
-3105 4222
1656 -4448
-975 -87
1996 2452
3846 2010
95 4587
81 -1716
-4164 1189
134 -2962
562 806
-3581 744
-3675 -969
-1490 -1487
-2050 -3442
-2156 2549
-300 1100
-1459 -2607
-2970 1160
-1156 -1199
4110 902
-2502 -2192
-2612 -515
-1206 2423
-3859 3658
4030 -492
-67 -4347
1432 -1186
3159 2792
3234 -4057
-2909 -1364
441 -2468
567 -1752
-2959 -326
3151 3654
-1275 -4217
-2338 1175
-4369 4468
403 -4199
604 3159
-2370 1721
-2084 1083
890 -4109
4144 -453
-4282 -619
-34 1642
703 -4433
1774 1065
1068 -20
4090 -2740
309 -1637
1110 -2323
546 -4577
2531 -3940
-4202 697
-1314 3019
-1853 -2465
1487 150
-1447 510
-3450 1756
1155 -3823
3724 1728
-1624 -1404
2426 3923
-3205 4380
2688 515
888 3381
2038 945
3315 -4408
-2515 -2904
-1816 -1363
1376 4084
-4423 -3615
1210 1061
-4239 -3652
418 -2820
1314 2105
768 -906
2879 -2006
3241 2390
-3367 -3687
46 1394
2473 -3926
-45 -3962
1668 -1094
-2026 4072
907 -724
-1175 247
-1087 -3146
634 4500
-4440 511
2405 4334
-1173 284
92 -4254
-1979 -2957
-3892 243
3598 -3182
389 -3369
3639 -1940
2890 2691
-1122 -3864
3084 -535
866 -954
-4144 -606
-3708 -1155
199 -4339
-449 3457
2564 -1556
-3648 4421
-1186 1634
-1159 -366
1327 -2518
-2559 3149
-2985 424
-4401 2224
3624 -374
-2699 2381
738 31
-2158 1411
102 -827
-651 -2609
4199 1081
-1162 -3515
-2445 -1869
3483 -3723
1095 -1484
4144 1267
-3910 4455
2209 -2339
-1215 4184
3914 -658
4559 -3131
1131 2415
1486 4231
-3349 -3866
-129 2983
-3407 3894
1393 1689
-2494 681
3395 -772
1563 2522
3306 -324
-1897 -1988
702 3136
653 191
1332 -3130
244 3761
1768 -758
-4186 -2664
-872 -307
669 1086
-1884 -2603
2894 -2596
1198 -1886
3719 -1347
-4211 2832
-3842 2275
-4521 4251
-180 -2118
4021 2073
4153 2522
-2516 -447
3742 -1173
-1766 -1235
-4220 3946
4257 77
4017 -3688
-4034 3744
4128 -2220
-2999 4499
4314 4475
-1822 -1272
-1167 4047
-1928 931
-4297 -1653
4489 3638
2229 759
1733 3134
-844 -3213
2085 -2584
3234 4048
-4336 4299
-1043 -2336
-1549 -167
-1848 3755
2607 1439
-1181 2481
-4028 3764
875 -3727
1397 1981
-4195 2523
-2597 -1615
4067 1673
-4557 -2907
-184 -4460
3800 750
-3722 -2469
-3546 -845
-3690 -2779
2078 -1310
-152 -1037
3859 2142
812 -2477
2004 -1115
-3933 -2217
-3018 -700
-2185 4183
98 -2751
-3556 -1466
1058 -3843
419 -3599
2839 -4149
4562 -2315
2278 3190
3743 653
3549 -1369
-423 -1078
1637 -2136
4476 -2619
-3425 -2839
-1310 3935
26 -60
238 3847
-4010 3333
3143 -4172
-4259 32
1210 4423
456 1042
613 -4108
-2789 -2413
-1473 2231
4534 -126
885 -3140
4103 1582
994 -148
-3513 -519
-3663 4345
-3437 -11
-1980 1751
-2388 4013
-243 966
749 4205
-3845 -411
3243 1397
3846 1772
158 3713
1392 3606
720 -4174
4483 -835
2785 4436
-2306 -4112
-1163 3746
-1996 365
4188 -684
-2746 -2926
2809 248
1223 -1637
-1710 72
99 2865
-2510 -2855
2175 3494
-2329 -4407
4207 -3076
-3889 2978
-3402 -4436
-2820 2780
-992 -459
1842 -2655
4208 4535
2438 -47
-2973 1530
2511 2566
2366 3247
1493 -317
2409 1204
682 -2279
-463 -2347
1473 -2548
-2396 1319
-4185 3293
2176 -4573
3290 668
-919 -1444
-4589 1665
1536 -1249
-4022 -2032
-2116 143
2277 -58
4585 3641
381 80
545 -2232
-1347 1691
2195 1682
-42 1730
4083 -2797
3240 -3143
1193 1725
-3033 1239
-2903 1948
-4537 -3921
-3204 4542
3854 2019
3018 3265
1732 -4493
-4284 323
2087 -1680
-1385 -1546
1245 -2854
-4582 -601
1246 -459
535 -4355
-4291 2321
-1270 1551
-3666 1430
-4068 -2768
2460 -761
2599 -3284
213 -496
2525 -3578
2162 -2643
-3178 -1203
-823 -413
-3752 -1539
249 -1145
1029 -3647
-3612 48
-2571 128
-3070 2212
2312 -2816
-3928 848
-3236 2191
-3730 329
3267 -3664
4206 2491
-3757 -3302
3201 -965
-1776 -1364
1237 2544
-3675 3060
3020 2207
1113 -729
1624 -4063
-4166 2938
2046 1726
3673 950
1593 2171
-2540 958
-4480 -4291
857 2437
3461 2177
-2632 -3066
-1378 -379
-2228 -4450
2958 948
3222 -772
324 -3615
-801 -4453
-542 -3527
-3329 -1079
-4424 -527
-781 2692
3060 -4044
758 -1716
-3994 4151
2539 1984
-2511 876
232 1227
3747 -4527
2217 -3011
1437 3848
2622 3270
20 -2915
934 -495
-3103 -4019
683 2624
-715 3813
1783 -3171
336 1669
-4430 440
3813 -2432
3506 -3066
2157 153
-2609 -3246
-4337 -833
3271 -4430
-4438 3056
20 -21
-4395 2070
2565 -375
2588 611
-554 -3317
-4565 -1636
1169 3698
3138 -3860
-3202 -3638
2819 3840
-3753 -2402
581 -908
2481 2543
1765 373
-4146 1731
3852 773
-3153 3566
-1509 3226
-718 -3552
4458 -1481
375 -2732
1989 -358
3051 -792
-743 3300
1295 3258
-3820 -1858
3281 2584
1529 179
4567 -3227
-1521 -4304
-3581 2711
-313 1418
-3387 2644
1350 -752
4524 -3326
3834 -3656
1895 4434
-2376 -3542
4419 -2105
-469 2620
-3558 -1217
4313 4012
2815 722
43 4536
-2243 -3102
154 4447
2750 1263
1416 -3760
-2677 -2729
384 9
3205 -2414
-2995 -1533
-1757 761
-672 -2853
-237 -4147
-218 1829
2684 3505
-910 -1183
-3279 1584
-779 -3616
3252 -2872
-3857 3075
-3491 3352
765 4588
2077 -2014
-22 3498
2667 1225
595 -2359
-4545 1782
-3387 -1049
2108 -4538
-4395 -2120
-152 3011
-248 -598
-457 -540
1455 2557
-2023 -4299
900 855
3162 1552
719 3974
-1232 714
1631 1622
-1629 -1290
-905 4170
-4360 -1300
-473 3153
871 2168
-473 4448
-1461 -439
2875 -1810
1961 -473
-4483 -559
-1728 -344
4338 3237
3130 -2004
-2924 -4076
-1288 -3709
-321 530
2556 -2033
1434 -2424
997 -528
-4269 200
3710 1539
-4092 -1363
1758 -539
4535 -1368
2066 3825
-3406 -361
1050 3845
-1896 -2697
-3875 2571
-1549 -2712
3364 197
2792 1018
3438 -3067
-1806 -2209
-420 2942
4455 -3979
-336 -1014
3779 -2687
1147 4301
2751 -1902
1064 1761
-3906 -573
-2245 3478
3245 3548
-3228 1350
1656 220
4519 250
1633 -3332
-28 -2263
-691 -3982
-486 -871
4474 3268
1658 1657
-2299 -2357
-2489 -1477
3835 2747
3329 -1162
3141 4395
-1191 -683
3084 -736
2063 -3132
1053 4361
-1353 -261
3509 4442
-589 1053
1800 -3368
3772 -4330
2014 4390
315 1212
4545 3653
134 -3005
327 3560
-2984 1048
1492 3147
-1246 1965
-1177 -1435
-1021 -2899
-3931 -1420
2863 -2005
-3490 2247
145 -2590
-4398 365
3819 4323
-1341 1929
2184 1535
-4024 1637
876 4543
-2142 3557
3833 -85
601 -1158
119 -3180
465 1013
-2762 393
1053 -358
-158 2772
-3598 -3154
-1696 -1235
-3494 804
-1573 -1325
4521 4093
-2409 3153
694 -414
-1297 1709
-3778 -2096
1359 452
-590 -1258
3101 -1194
3346 -3832
2200 -3377
2962 3245
1505 -1568
1966 -4348
-718 -3226
2848 -630
3723 2088
2317 -2195
-1528 696
2141 1303
3626 3456
-2211 3958
-2688 -4446
-3480 4086
1675 -2252
-3386 -2068
-4180 591
-4384 -3129
-376 -2060
578 -2044
-2727 -2528
1860 1799
-2671 3256
-123 -2450
-60 3373
-4158 -3176
-3126 -3016
1743 -4460
3055 -1604
1678 -1882
-4177 -453
3134 4326
2256 1497
4125 -1445
-269 -3492
-600 4568
3545 -1668
4583 1192
-420 387
-3716 3877
517 -1017
-941 -4
-1957 3665
-3218 104
-670 -2988
-4330 1290
-3400 155
568 -961
3309 -140
-1171 837
-2684 4
930 -1853
-4086 -1079
-1889 -3879
-2334 2017
3905 4032
1674 -2187
4210 -1638
-3572 -2012
-3967 -2476
4201 -1923
-4415 -2380
957 -1525
-2673 -3639
558 -3322
-249 -1909
-2645 -3234
-3852 -2389
651 2612
-4243 -432
-2466 1232
1564 3385
3500 -560
1339 1457
-1500 2595
4420 -2375
3076 644
4414 -987
10 2192
1659 -1328
4025 3012
-2053 -3954
2512 3719
-1711 2296
2917 -3543
308 3690
-2422 -2093
-1730 -692
735 3117
3910 4243
1865 1054
-1616 3745
2403 2388
196 870
-964 3630
-3839 3473
-1508 -1693
-2873 3255
3001 -4171
-4489 -1381
1215 -1134
2614 -1858
1686 -3338
2710 -4174
977 1336
-1301 -2820
-1410 2954
859 -2006
-1149 1808
-1201 3263
3495 -2387
-4284 -2626
2640 3991
-1696 482
928 3012
-2204 -3804
-1935 3990
-714 123
-2257 -3737
315 -3924
-2026 3586
153 3425
2215 2778
1028 -3469
1451 -3205
4117 -4082
-1681 2884
2095 -2120
-3156 3067
1191 -3287
-4177 1094
1188 2383
2456 2865
3627 -2149
2465 -2442
1425 2950
343 -3445
1827 -3989
586 -706
-805 1492
-3276 1356
-1166 -2673
1629 -3657
-319 -2729
-4210 -3219
-2822 4084
-3812 4346
-4204 -2333
-4401 -1991
2771 -1971
-1082 1627
3168 -271
4260 1886
3337 4444
3840 -2487
-4389 346
4466 -2030
1738 -1230
3869 2196
2246 -2602
3700 1787
-386 3965
807 2984
-4481 3328
4042 -4409
658 -2956
-52 1986
3081 331
1790 -2674
53 3405
3402 3680
-3949 4510
2689 -1431
1235 299
-1323 -455
-1252 3915
1289 -4509
2317 -1599
-2324 -595
936 -928
-4546 -3950
215 -4230
4241 -3306
-1212 -3721
3308 1435
-2513 -18
962 4183
-1919 2990
3048 -4312
4464 -907
-598 2462
-1256 1724
3711 -3749
3870 306
-2987 -2546
4070 1519
-3301 2012
-486 -680
4509 -1873
-3451 1629
-304 3248
-832 -3769
-1661 438
-940 918
1448 2569
4029 1071
1844 -406
3414 -1522
3171 4255
1068 3361
-2582 312
-693 -3690
3854 1839
-1009 -979
454 690
-3589 -4125
-2184 -3721
3879 2013
1692 292
-553 4174
-112 2685
2452 -3128
-582 -108
3729 2274
3568 -1467
2816 -1775
-445 -4019
1180 1804
3401 -4015
-1463 1288
3795 -3797
-1634 -2123
151 -1168
-2028 491
1664 3298
-1076 2721
3892 2806
-1488 3589
4209 -1753
4082 -3335
1179 -601
-3792 2117
1775 -2392
-1950 -3309
-3220 3532
-3317 2300
-47 560
-3393 3125
3782 -4113
-817 -3023
4525 -1232
-1404 644
800 -1849
-3482 1578
-2955 -3810
2032 -903
-664 -4427
3693 1504
3260 2364
1637 3654
-2537 -2563
-3011 -1241
-3937 4106
-3658 609
-3317 1934
2869 2642
4073 -2504
3602 -2270
1992 -518
4571 3762
4318 -1217
-789 -482
-1472 4122
1757 2901
-1606 -4183
-4079 -2928
1325 4113
-3730 -2336
3071 -2956
4300 -3594
-2470 3167
-3828 -2498
318 209
2168 2476
-641 1762
-3945 -1744
-2775 505
-3357 3282
-4421 -742
3408 -1896
2482 -4001
4341 -2212
-4040 4081
1912 -1940
-2173 3999
-2423 366
-1420 2242
246 -1570
-740 -774
-1560 504
-3708 -1853
954 -3485
829 3834
-1993 -795
2918 811
2558 -3014
-753 1449
-4229 1283
-2065 -769
4160 2157
889 1389
-1165 2993
-3652 746
658 -2463
4474 -469
-4540 -2739
3384 2560
-3709 -3381
-1347 3128
746 -2508
-1017 468
4308 -3768
-3569 3410
-634 -75
-1206 3461
-3628 -2465
796 -922
2401 -1848
2950 590
2550 297
2029 3213
-1196 185
-1184 -2918
-2044 -3549
-4073 -3669
1654 1913
956 -336
3066 1817
-3143 -4203
1469 1601
1702 1201
2385 -3405
257 1600
2698 -2304
-2591 727
1075 1158
-976 -4275
-2873 -3786
792 1847
-3013 3275
-3933 3823
-4455 148
-1421 -394
-4396 -3912
-3066 2508
4577 3268
-1416 2910
3168 3383
-3287 2792
4193 -3663
2650 -266
-2521 -1978
2604 -2741
-327 2152
2667 -59
-1554 674
1659 -4549
-3107 1790
-2473 1267
2019 2218
-4453 -2773
418 -2748
2895 -1263
-3409 -1598
4062 742
1492 -1387
-808 2473
1320 3634
4522 3711
2699 -1211
-2434 -1357
-3393 -1083
-3419 -640
-1745 2555
2444 1600
3578 1383
-2574 2738
-3307 1538
-1037 -2880
-3883 4203
1089 592
3793 2088
-1452 1086
854 539
-2718 -2738
1269 732
2640 4570
-496 1093
-309 1062
-1346 1327
-3160 811
-2592 2496
146 1503
-2364 2067
2430 364
3269 952
-3367 -175
-602 2549
-3517 1211
-541 3782
3615 1325
-3864 -2932
-556 -1701
-1101 -1453
-3574 -268
-857 -2903
1517 2676
4133 4147
-4210 -1383
-1055 -2801
-1019 -2123
-4373 886
-572 -2966
3703 -250
-2764 1770
2626 -3307
-3912 2704
-1561 -3660
2984 2224
-2625 1845
1751 3077
2561 -1649
628 3408
1973 -2554
-3945 3613
3019 -754
2475 4000
4431 1325
1680 -4496
-3020 1273
1545 2857
2571 2470
379 4303
553 -1632
1262 984
-1213 -3734
-1225 4381
-2304 705
1966 3972
-2683 4292
597 2421
4439 3425
-3586 -4170
-4534 2944
-656 -207
-965 2840
-2736 -4179
-3215 4088
3776 618
2149 1671
1339 -444
3878 3549
541 1103
1362 3344
-2092 -331
4365 -522
-3434 -1468
-3131 -1846
-2742 -4489
-94 1031
1358 3175
-4342 2932
3611 -3159
-3652 -908
-3221 3489
1867 3503
2449 1682
-4157 2560
-1829 -4230
1447 3970
-4142 -3774
-859 4092
-2052 -3339
66 -1094
-2613 -3340
1025 2602
-975 1404
-2660 -2555
487 173
-397 1847
-1411 2500
-2701 4348
-1498 1846
217 3738
4366 -904
-4179 -3658
3341 881
2594 -3979
-883 -3182
3090 2244
355 -2858
2153 -3993
-339 2494
3634 1874
1155 3700
299 -2526
1056 3681
4468 3246
4561 1616
-2359 2347
-3999 -4549
-79 890
-594 -3635
-3183 -543
570 3495
670 841
-1295 -4343
2339 -204
1040 -2303
-1260 -1456
1000 -4305
-3767 572
-2082 3233
-347 895
661 1277
-3199 2716
-525 244
-4374 865
3640 3983
-3851 -3213
-263 376
1490 175
945 -3425
1964 -2438
1841 -998
1268 1505
3838 -1991
-3408 479
1494 -493
-1026 -4362
-2226 -3034
2418 3248
3430 -2461
-1804 -3009
-1400 227
2915 4515
3258 3723
-2410 -1672
3439 -888
-2526 -3330
1205 -1580
-4144 -1273
491 -1936
726 3020
-156 140
2816 -33
-1324 2626
1237 -237
-870 2790
-4463 2455
21 -1399
-3555 -382
224 2676
-133 -3216
4556 2756
1419 -2785
2599 -3290
1297 -802
3211 -1300
-3812 -3510
2416 3505
-2492 1009
3424 -4407
-2245 4184
2813 -2723
2023 2443
704 -3271
3466 -2611
-4139 -3153
1544 -3324
2703 -2132
-465 -1761
2441 -872
-1963 525
4032 3456
-3014 -306
-4590 1042
-463 1619
2888 -4117
-4046 3352
-4181 -2031
-4452 -163
1213 -1394
901 -1861
-3719 4151
1175 834
3894 430
2109 -3626
3063 424
-864 -4458
-4551 52
3732 -2760
3049 -164
2503 2854
0 2096
-1174 -2072
2919 -472
-1554 -1954
-4548 4268
3190 -1006
-1706 1559
4489 2462
1654 -3116
-1980 -3251
3574 1443
18 230
-1007 927
2833 -1443
-2739 -2582
943 -2003
3366 -224
-2923 -493
-1141 4197
-3752 2014
1340 3188
-1813 -1410
1371 4456
2783 1008
-1112 -4437
-3062 -2977
2419 -3537
-4314 2617
-4002 468
3595 1148
-1119 -2727
2415 4303
-2081 1101
2570 496
4409 3664
1810 -4242
4580 4493
157 2124
3129 -223
-738 3061
996 -876
-2196 -4484
2757 3375
3184 2433
-3247 -3385
-272 4536
-3424 -808
-3436 1692
-201 -2839
-511 2776
-2791 2680
3391 3221
-4430 -4585
-1835 2832
3188 -2247
2178 4046
3404 -166
3814 -3542
-3831 4447
4333 -2133
-4290 -1255
4442 2714
-2540 -3268
-3620 600
1297 3994
-3118 -3664
1022 -1477
2159 2285
3043 2179
-3006 -76
4264 3879
2884 4274
-3587 -682
-1986 1329
-281 407
1575 28
4280 3977
3225 -3067
545 3982
1037 -984
1705 3811
3078 -3528
-3952 -4546
4554 152
-3762 -301
-2285 -536
-113 -1176
1845 -2016
1454 -3856
2015 -1422
-2826 -3444
-2972 1355
2777 2083
-448 3453
-573 2228
3425 1770
-3532 4052
1801 4398
-4083 -3095
-2277 4338
4025 -1074
1806 -3078
-1846 2260
3419 280
2854 1673
1561 -4526
-2012 724
1565 -3527
-3266 -1260
777 -398
2071 -1724
685 -2021
3305 -3080
-2623 1429
-601 317
373 -3912
1200 -833
1903 -34
2864 4349
2270 412
-1966 569
-3174 -1008
4190 -4018
4501 -1827
2407 -1135
-2646 -2764
2258 4217
65 -3548
4389 2846
3693 103
-3124 1453
-491 3240
1850 2718
2114 3403
1495 1710
3848 -4046
4142 3826
-2795 -1954
-2808 2784
1615 2235
4252 2761
-3228 -1461
-1714 3041
-2791 -3833
576 -3296
1111 -3807
2102 2412
729 -1172
-2289 441
-4011 3431
-3198 -3174
-366 2561
-3372 -1557
-2509 -441
-2218 -550
-1799 -3753
-4098 -3578
-3516 4559
804 409
-3366 -1659
-1977 -2311
3841 3702
2463 3700
2999 4205
-3735 2531
2045 -3366
-2846 3773
-3548 3490
326 -3003
189 3402
1694 -3420
2289 -487
3882 1759
1460 1275
2847 4575
2261 3805
-1502 67
-1756 -2878
3282 2664
1407 -3943
3971 -701
1374 4122
197 2246
2739 -3113
-2997 1064
-2023 -2593
-2342 3808
-2942 -4330
1128 -3314
-3674 -1000
4386 -234
-1463 -158
3265 -464
-226 -3754
-3757 930
-360 -2929
3796 -2298
3317 -19
-2131 -734
2603 2750
-2704 -3518
-1320 -4070
481 1721
-3904 -2485
152 -662
3653 -3617
2479 192
-1301 1754
4535 271
-3695 2395
-2354 2337
-2809 3978
-3420 -1031
-852 1100
1958 -2628
770 780
1890 -1804
1772 3386
3685 -3196
-2409 3724
-4017 -3081
1935 2772
-2080 -1946
-3740 -1226
-1432 1917
-3845 -1543
-4556 3850
2669 1756
825 -530
-436 -4495
1505 3891
2452 2372
-1964 -3859
994 4005
2214 3379
4584 1081
-3405 -374
457 3492
-1120 395
1629 -3485
-2550 649
-3223 3573
-2922 1741
823 -3271
2244 1316
-3049 -4048
1353 2441
2564 4282
-1234 1641
353 2207
-673 -2401
-4449 -3102
-2581 1422
4525 -1997
2348 -3508
-4433 534
227 -437
638 -3245
3683 -141
3657 -980
-2190 -4204
-1164 -751
2684 111
-2966 -3099
1812 221
3882 -2609
540 -224
-2197 -3476
-3219 -2245
427 4260
4303 1065
-580 701
337 -288
-1029 -1440
102 -4282
-1425 1729
1055 2102
-399 1993
4406 2262
-2632 -1179
1959 4591
-1577 -3392
376 2140
981 2663
-4230 -1893
4139 4195
526 -1613
-3391 -3177
679 639
-441 -529
-729 -318
-2399 2231
-4041 3207
-817 3269
-1603 -4336
-2192 2597
1848 3768
-4049 629
-2313 4200
4448 1507
3772 4277
4348 291
-3939 4324
-3844 -1032
1271 -3233
-3888 3610
1681 -1899
290 -3211
2823 4569
638 -1719
-1942 -1938
1135 -1123
-2060 1362
739 -2018
-3281 1421
1582 3767
-985 -1336
-2788 -3772
3671 132
-1853 1312
3844 4542
-1183 -3814
1386 157
-4532 -2421
-852 748
4260 1151
2065 1215
-4136 1228
3214 -2157
-176 3292
3131 -810
2434 2368
3890 1982
-3445 1241
-4467 -519
4104 352
-2914 -525
2400 3559
-813 -2302
1298 -3419
4105 -2721
-1329 -3857
4369 -565
-3550 -2196
-3770 849
-3813 1480
-3896 4487
-1220 -1878
4322 2052
-1984 -3210
-44 2757
-3772 -3331
-940 -4588
-585 3466
-3 2061
-1270 3947
-2685 2
-2045 1776
-306 -3821
-467 3454
-2235 4537
-3089 2459
3010 -2389
-559 2780
-1174 2126
-1048 4507
380 3308
-602 1526
1374 1495
2424 4265
4300 -4197
3263 1737
2244 -1653
2224 -838
-2361 -318
-3538 -1116
-1321 4048
-2155 -4424
-2204 2011
4275 3062
1970 -3918
2037 1851
2751 2244
-1422 -1754
3262 3264
-2374 -3323
4315 -419
3746 -2707
-4101 -4157
1413 3129
318 -3929
2964 1957
3817 3956
-2116 -3095
492 -2530
-464 -4370
-1918 1877
3338 2980
-2887 222
-4041 4182
-2433 1671
-323 4080
-974 3396
998 -2646
-2407 -2042
-3045 -4038
3827 3860
1965 -2874
4027 3798
-1595 -1387
-2021 -2331
-1016 -1490
-1680 3154
3885 -4379
-983 -3876
-1000 4412
-2537 -54
4539 -566
-1425 3482
-1976 469
-598 -4350
-2717 263
-813 -2685
3293 -169
3725 4156
-180 4551
-2154 1723
-591 -3147
1014 -1463
-4135 -3962
4188 -2621
3311 4580
-3834 -1151
4382 917
-2517 2488
-4123 -826
3634 -4389
3851 -1406
-3431 -4333
-2366 2552
3661 -951
-3841 -3767
2195 -3256
4153 -4006
-1693 -1350
-127 3473
1969 -2171
-3685 -1595
3785 -3464
-202 -1111
3257 3858
-1511 -3970
-4506 3211
2337 11
-1096 4407
-3298 -2132
2646 3719
3087 -1459
4080 -2682
-2629 4502
4402 540
2270 -3181
3252 -2977
2490 1563
1400 -3167
3352 -2647
3591 1427
480 2632
1235 -122
-2982 -3221
-605 -3720
-1682 2795
-4216 2204
3600 3225
1403 4322
3043 593
4019 -1815
-3671 566
-3952 2975
2853 -1615
3129 -4376
-3304 -3609
-511 2998
-4335 2558
226 1692
-2744 3515
-2552 413
-3682 -4005
2355 -3817
-4283 2027
-3089 -4577
2266 4118
1009 -1212
1383 4563
3598 3274
-140 3039
3840 3934
-1071 -975
-557 -1908
2074 -3985
15 669
-3264 -3880
4470 1234
2970 -2025
-3958 3158
3027 668
-3773 1572
4558 -2546
4071 -2431
-2062 1235
712 810
-3156 -803
-959 -3407
2898 2178
-1615 4510
-2241 703
3341 983
-1264 -2959
2113 2683
-271 -3949
2225 3176
-2596 -3259
-2419 1304
1515 2190
-3971 -2356
-2100 3809
-652 2163
-3075 -1075
1907 3900
2957 -296
-2238 1355
-3607 -1189
-4072 3954
1251 -1002
-1900 -2354
-3276 591
408 -3247
3036 -336
4473 796
1913 366
-1136 4446
-1344 3097
2432 446
4481 -2999
3443 2356
-1748 2365
713 -4504
-1898 439
-737 2942
-3119 686
86 -4423
2321 -4196
-1278 1287
-284 3074
-3248 1675
-703 1039
-1968 4234
3804 -4438
-573 1365
509 -3176
-4397 2056
-1740 -1365
2037 2378
-1906 1403
-3997 594
1240 4505
-1850 931
848 1738
-4307 2615
-3471 2017
-4231 7
3703 878
-616 -1573
-2994 -4300
1125 -2851
2337 -3800
2653 -2542
-301 -2541
-2480 3576
1261 -3870
2286 -2483
-2203 3669
329 1708
-3388 -3124
3676 1531
-2130 -2118
1417 1699
-3002 -2822
-2536 1896
4204 -2408
-3765 1812
-4215 -3263
1036 1460
3164 1421
-1377 -3034
868 3368
3171 1841
2121 2954
4035 2240
2453 105
-2112 1734
1401 -4255
-2124 -240
4471 -2218
3973 1870
4580 -3112
1198 -3402
3645 -1616
708 1067
-2487 -3134
-2834 169
-3481 4288
-327 263
695 -3089
3907 -2481
4476 -3714
-2226 -228
-1965 3011
734 -535
-2593 -902
1365 1942
-4023 2080
3282 -638
-3628 -1958
2522 -3977
2661 -3241
-3989 1763
-3608 -3417
4196 -1656
3657 2182
-2249 1869
11 4214
2776 -2320
3172 -4058
-512 -1994
4273 2132
1627 -2168
-1342 2801
4271 2357
4193 3093
4435 24
2866 -35
3647 -4442
-1797 -3890
843 -1974
-3050 3999
2675 2447
3644 -190
473 3305
-1586 1376
4258 2948
4081 -3630
3290 -1904
-4353 3378
3425 -4425
1787 3995
-3085 -2212
-4570 -870
122 587
-4580 -1767
345 2868
23 -3342
-4524 -502
-679 620
1306 584
671 -1329
-583 -889
-262 -1382
-4393 -4560
3981 2806
1328 440
-3965 2815
-334 -1633
77 -29
2958 -1121
1881 3764
-2816 1596
3005 42
2694 -1199
-451 -2110
2164 -3500
3617 -752
-3224 3309
-1603 1030
4583 3413
-1140 -3101
-2038 3302
2730 -1054
890 1825
-4243 1349
1018 -3623
-689 -42
2932 -1243
1903 3
2774 2823
4319 3541
-695 -995
-2595 4115
-1632 -749
-758 827
-484 -3406
1887 -71
4124 3363
-3700 -2549
536 -1114
-1866 1283
3406 2311
3626 3449
-631 539
1860 4466
-2369 -2445
-3083 -4321
-1521 4129
3030 3466
-855 -3995
402 2425
783 2914
-1933 4248
186 -4431
-1784 3107
-1556 2058
1699 3645
-1394 -1208
2873 4058
-1222 3321
3927 -1054
1200 3427
29 -1060
-4137 1891
3824 3590
-3456 -3251
-4491 -960
-2562 -2122
-3315 -4541
1079 2885
1008 -2284
189 -461
-3709 -92
-2340 913
4233 1988
3418 -1628
4465 633
-3592 2552
1101 2085
1869 -3312
-2088 489
4133 3181
-1207 -4481
-743 -1730
3158 -727
2753 -1620
-78 -1903
-4114 -4379
3124 -2920
-1154 1449
-3503 -4517
4206 -1794
3188 4193
-4539 -2128
1528 1702
2611 -3635
409 -1004
-3451 -1978
564 -3296
601 -2541
-523 3306
1756 -2938
3521 3128
-3039 695
2216 4557
-3804 1265
-2450 -4572
-3176 -2698
-2074 562
625 3720
1092 1804
1435 -1036
-4382 3021
4518 1604
-877 -708
-4456 -1721
-3117 3892
-3671 116
691 792
-2562 -3057
344 -1377
4457 -2700
3362 -2393
264 3187
4289 -2970
4008 756
1600 762
-3206 386
-3283 832
-2012 -1629
71 -2637
552 -3903
-1824 812
-3967 -109
-821 2359
-606 -4315
3000 -2137
-2011 -2185
4443 1952
-965 -2187
4026 1929
-1934 3183
3226 -3148
2103 -2516
1264 3531
-680 -4477
-1841 3509
144 4309
-3891 27
-3951 1501
2289 -4104
1808 3813
-2623 -497
656 4251
195 2975
-3226 -3379
3855 -4206
1123 -383
-3662 2386
3588 4125
4067 2617
-1013 1757
339 1936
635 2261
1593 733
-391 -3328
-926 -4360
-2877 -3452
-736 -3349
3134 4255
4202 1496
4213 1579
2759 -192
-1710 -917
2986 -2402
4333 -2395
-3093 -3954
-3865 -2818
-3877 -1678
-2482 -2758
-3917 -3307
2562 -2701
833 -1798
3342 -294
-995 2816
-3168 3338
-2035 -2380
3879 1346
-1863 -4481
2483 4072
2969 421
3306 -999
1565 -4551
3689 -2101
-3136 -1796
1261 2769
-3307 -715
-121 -4192
1817 2090
-762 2058
-4257 3564
2948 1857
461 -1586
-1389 752
3106 714
3991 2632
-4330 -530
139 -1071
971 2805
-2503 -701
421 -47
-3796 -3144
4499 -4161
-1144 -389
4471 1578
530 1945
-2527 3255
1153 -1950
2539 1138
552 -2955
-1776 -380
-755 190
3837 -3716
-430 373
-2740 -344
-1 -1848
3117 -311
-154 4488
-1009 2755
1283 -562
3871 1072
3291 -2879
2296 -3939
2009 2348
-3970 69
868 1557
2393 2430
-1938 2699
1626 97
172 430
451 3008
-404 3172
3590 1027
2889 4042
-196 4319
2758 -2403
2784 4562
1484 3517
3297 -480
861 3898
-982 814
556 -3510
-4526 -1927
4546 -4300
-590 3155
-2074 4013
-178 -319
-3291 -3128
1231 -3755
3618 -2945
2406 4333
-344 4372
-2067 551
2230 -2271
-951 187
4515 -4588
-3182 -1097
1070 -2093
-4373 3768
-3601 -481
-2919 -938
3616 -2044
2414 -4540
-1915 -1718
-4131 -349
-1279 -1697
3845 -74
975 -2757
1104 223
-2782 -4531
-1194 -3409
213 4574
3315 3622
-3 3774
-1183 -3835
-6 -1435
-4209 -2631
-1812 -2192
-3382 -3846
2483 3412
-3064 4249
4181 -2146
-3506 2016
-4136 976
-2585 1914
1240 -441
-782 -3549
919 -31
-3079 2089
1881 4066
2779 -2884
-3999 -586
-22 799
-3388 795
1041 2171
-4477 -190
-1514 3038
3648 770
2834 4167
-641 -2495
2406 986
2007 -1976
348 2783
-2803 -1912
1052 2879
3492 -2967
-1200 1837
-3663 -4376
2637 2377
116 364
1942 3933
1027 -2278
4109 -4591
-490 -300
4581 3033
-3250 1860
3479 878
-3191 3838
-1676 3611
4319 296
4407 3132
515 -2249
1580 2956
-2876 234
4547 -683
158 -4490
-4216 -1841
3200 2452
-347 -1251
3748 -3563
4109 -197
-1107 1426
2833 3590
-4102 4500
3472 3707
-143 4309
1286 -958
-4006 -891
2172 -4030
3973 1317
3843 3295
-2187 2884
-1458 800
-4497 4335
3523 -2940
524 -2645
-342 -2407
49 259
3499 3800
3983 1415
3420 -3659
3066 3264
-3694 -2884
-375 4583
-3177 -4493
2247 -4124
2903 607
-1583 2829
-1751 -1119
4387 -3950
4514 -3987
1790 -4083
3989 726
-4134 3034
1895 -2067
-3543 -592
825 55
3330 -4134
2428 -1892
1539 -2559
540 -4528
-2141 -629
-3622 -2001
-862 4460
-1578 465
-2696 3240
2462 -2987
-3361 -3185
-4366 -3212
-1464 -4167
3029 -993
-2946 1526
-2009 4046
2140 -4207
2243 2025
3123 -786
2891 1394
-4245 980
3390 -1120
-4388 2491
-2999 -448
-4004 4386
-4138 825
3982 -4118
-1046 -1534
-1687 4137
-2324 3062
-4234 -2885
-1198 2239
-3411 2427
2470 1838
4404 1681
-90 3253
-901 -1536
-3443 3887
2991 -4363
-875 -465
1559 -3444
853 -2639
-3827 1530
3405 -2255
-2402 -835
-3313 -102
4488 -562
-4263 -2544
-1484 3124
-2839 -2744
-5 3034
869 2926
-3787 -1633
3858 -2869
-129 3160
-2586 1925
1192 2687
-403 -4082
-1099 -3422
-2922 1575
1468 3818
-43 372
-976 356
3928 -2901
4222 -2412
1561 -940
-3574 785
4184 -2957
-442 -229
4219 1560
2041 -707
-957 1114
772 3498
-3713 2352
3601 1564
-905 3619
-441 -3472
-1292 4432
3649 -4537
-4291 2845
4226 1983
-3443 2499
-1384 -3525
2727 4337
1260 2350
2245 -1333
4175 4411
3594 816
-3697 1338
-2370 2837
818 3309
1452 1532
-1737 -1871
-3309 2905
3353 -4126
744 1646
4015 -1736
-4029 -3821
4282 -32
-4273 1050
3722 1840
4237 -1302
2381 2843
-141 247
-89 4185
-168 -4537
2349 -4517
-3163 -3243
3701 2142
-3256 1573
893 3189
1354 -4222
566 4418
2045 3297
2019 -3449
3081 -4268
-4546 2511
-1713 -3447
-322 1522
1047 1560
417 -472
-4376 -2440
1399 3041
1418 2219
3624 4551
869 -4271
-1679 -321
3980 2636
-992 -686
-6 -2795
3942 -35
4264 -2476
1287 1910
-3547 4088
2129 3882
-3249 415
2880 2341
-890 -3115
4566 2513
4400 1413
-1181 -597
3977 -2470
-2219 4095
981 1660
2897 -1184
-600 -754
-4568 19
3687 2483
1275 -4403
-4169 2417
4261 1221
-2359 4564
-2980 -2021
3190 -3237
4395 -261
2710 -2903
-4279 4543
-2163 4512
3506 -25
-4384 -513
-750 1626
-4109 1518
3431 -747
1428 -3643
-727 3048
1943 2404
-1607 3213
4197 -1115
-4446 3305
-1419 1486
3023 -3902
-2342 -750
-4552 2065
-2625 2424
-3992 -1883
-2952 1881
-1891 350
-3555 3089
-1978 -113
2000 3189
-4552 -63
-3521 814
-1491 -2868
4357 3832
2679 3278
1464 2209
-777 2167
2588 -1020
-2521 -3098
-1858 -2334
1737 2392
4297 -1566
2374 -3245
-3130 2355
-4282 1729
3604 3621
-1888 1898
337 -1645
3896 2664
-370 2989
-2045 609
1631 -678
4394 -225
409 -4467
1746 3817
2049 1797
-3466 4071
4377 -4415
1267 1300
647 257
4354 701
-409 2553
1096 2921
3632 -2052
1846 -1916
3759 -4557
-3253 -3701
329 -2148
-2603 330
-1239 3322
176 1160
3565 1026
-2463 4506
-1998 2765
-889 -3570
-1881 4585
1286 2344
-1068 -2141
-3119 1494
-1058 1684
2567 4448
2316 -3003
327 -3237
4082 183
-2585 -1756
-2879 3109
-1084 719
2097 -4304
2385 2134
-21 1609
634 1993
-1250 -4478
149 -4400
-2489 2324
298 3123
4255 3939
-3919 -2701
-2748 -1598
-2168 -3718
1075 3656
2473 4126
-927 -4074
-1062 -1832
-459 66
2206 -1037
-77 -1961
-4118 3455
3132 4548
1456 2081
4487 3
884 3244
-1497 3250
396 1717
3810 4162
-3488 -320
-187 3711
4189 1459
1015 2708
-663 30
536 3483
-3104 1166
-775 1376
2125 -1726
-3735 -2797
-798 -1838
1491 -3535
3490 3476
4143 4235
-1641 -2776
2058 4168
-1690 2672
-2579 1842
-4343 -3516
-734 -2718
-3246 -2544
3032 1696
-1445 -2857
2663 2853
2905 4029
4462 2655
80 4513
-822 -4383
-3816 570
-2252 1351
-4502 -3991
1445 -4087
3999 -4581
-2647 891
-1352 2729
4506 415
-3798 -2733
4254 -4520
4509 2888
-3052 3991
3687 -885
1943 -3191
314 -3288
-2362 2358
1770 3106
2079 1023
-4495 -4211
2059 3669
245 1180
2079 -3456
1147 42
-824 -3447
-3431 -2141
-1818 -2864
2700 3519
-624 4004
3790 -2485
4261 -817
-4579 3787
962 3963
2493 -3007
-2909 -3341
-3147 4297
3051 341
-3075 3168
3562 322
-2091 -4013
-1025 -1903
-2600 1956
590 -4553
-1437 -3965
-1791 -4419
3748 1356
2617 2957
-3417 -3173
2804 -1082
-290 -3215
-3314 425
1481 -221
-1655 4059
-2933 -252
-2168 -798
-3596 3054
3149 4505
1873 3995
-3586 622
676 -4496
1412 395
-584 4480
3755 722
-2459 -3972
-1909 3927
1350 -2757
-3386 -682
-4312 -3547
-4264 -4551
3087 -2399
-2955 3306
-3050 -49
4203 3584
-169 -4246
-239 -3686
-3954 -2134
1171 -1374
-127 -3356
-2604 4415
2394 -1161
3320 2446
-2967 3398
-2498 -1529
-820 -2172
-1594 -616
3263 3378
3452 -1193
-229 1401
-2586 2872
2431 2266
4523 -1214
-3018 -1888
-1175 -3886
2061 4578
-3312 1819
-916 -2746
4115 735
4591 -3045
-2789 1834
3503 -4247
-3015 2658
-2987 4504
3418 -996
-3660 1118
-2617 1624
-1760 3488
4371 460
-3983 1813
-968 3516
2774 4320
-624 3056
3436 -2866
-3023 -3475
136 -1385
-242 -2032
1811 -375
3610 3363
1828 -2841
-2366 -3670
2372 -3677
-4402 -3036
875 -3279
1229 -1673
-1474 312
-3025 -1941
-3404 1916
-3308 -3098
2542 3681
2316 3684
-2658 -3049
4131 1743
4572 2745
-748 370
280 -2683
4442 -848
373 -895
-1280 -925
-3914 3613
3483 -524
1948 -204
41 833
512 2397
-2685 -4265
-3723 -2340
3712 3274
3324 -836
1874 1417
2156 -2759
4090 -203
-249 1442
2524 4393
-3068 4357
-4571 -4254
-1735 -2275
-2729 3145
-4531 -1717
4033 -3164
4136 4075
-2332 -4050
1555 10
2386 -2526
1039 2410
-4053 37
1152 -394
-2864 -1944
171 4277
-1014 -1436
-4151 4568
-4270 2218
-4223 2654
1508 -876
2154 -3768
195 -2164
-378 2474
-609 1390
1708 -1313
-3626 2130
4026 3585
2592 4127
-2608 -3543
2391 2312
-2956 -1376
-2695 -217
-245 -4558
4309 -2879
-2768 -3443
2990 550
4199 2636
2501 -4589
2609 810
-2212 3419
-2553 2424
-1876 -1301
-1636 -4116
4508 -979
-3385 -2585
-4354 -134
-568 -3991
-3594 -390
126 -2661
-3061 -3097
2357 -987
2156 -2752
3461 4537
-773 -4423
-103 4526
-3849 1011
-120 2049
2851 3491
-4079 71
-2658 -2613
-3597 -1731
-378 -3427
3893 2468
1973 -2222
-4381 3375
-166 -498
2557 -3600
1375 -1947
2387 4481
-1856 -2237
3208 2568
1358 -611
59 -2770
-1010 -808
3664 -1308
-4495 3284
-565 3942
1751 418
-2444 4066
4343 2166
-3273 -3526
-4290 2754
586 1873
1326 -1352
560 3600
-677 2284
-1039 1414
-3865 -2008
2480 2706
1458 4372
1851 -4416
951 932
688 71
-2150 -3358
-1122 2860
-3112 2825
-428 -4515
3992 -625
-2982 3661
2460 -2636
-3823 -257
-629 1828
443 -3408
-103 4567
-1268 2956
-2368 -3585
-442 -3452
142 -1463
837 -373
2766 -2404
3975 -2184
2665 1666
-4004 3169
2390 -2660
-172 -223
-432 -4428
906 2952
416 3170
237 3045
-989 2163
2889 2316
-4127 631
-760 -2716
1648 3207
3662 3343
2705 -4341
-3202 2437
2727 1500
-1391 4301
-1972 1654
4232 -3282
448 1161
-1886 3745
-2736 -305
4355 1639
-3076 4208
269 -4394
-2833 -307
-1900 2390
3825 4363
-286 -2692
-1312 -3053
2679 -723
-1115 1880
4245 -4264
3654 4456
-2311 2190
-2125 4484
3098 -3555
4143 -2278
1771 -1174
4103 3671
1500 -2002
-3428 -1000
4108 199
1270 -3
2469 2795
-1551 -4504
75 -3157
805 4012
-847 3210
4492 2738
4411 -2521
4286 3188
-2274 4054
4332 3619
-363 -4527
-2288 657
-363 -1549
2715 -1499
2629 2743
-2475 -3169
4498 -2824
4234 274
-3691 1051
-451 -3264
-1862 -3982
921 718
-2854 -2741
191 -2304
-2800 -4532
3332 -2694
4165 -4187
3658 -1966
3922 2497
4552 1475
4405 3816
4346 -872
-3017 -2146
-3524 -1672
3541 -1965
1018 -4003
-3403 1576
3721 2408
-4109 4337
-3471 -1564
3666 -2222
-3076 3164
-3985 4017
3660 -2078
-3868 -353
-62 4119
-3291 2696
931 -4566
4568 1636
-2570 -1750
2915 2350
4433 -3712
4403 1194
-4555 2686
-1942 4189
-2503 1254
-2431 3628
4454 3310
1481 3449
3230 -1131
-3192 4509
-3453 4238
4408 213
-3563 -4211
-900 -3248
-1746 -3087
2399 -1638
-3645 -3973
-4488 -2349
-1307 -2498
4165 1483
2157 -3109
906 1085
-3177 3902
4048 2396
4366 -2530
-2236 -4348
1462 -371
-2911 0
-3928 -3932
3666 2441
-1437 -2513
170 1292
-1012 -2783
4395 -1285
773 4228
-371 -841
2566 -544
2610 3799
412 3734
-2172 -1893
-3560 3879
2099 2818
-4561 -3186
388 -3681
-734 939
-3405 3418
-3930 -2196
-3901 -4265
-105 2346
1249 2699
745 -2606
1427 -1018
-3095 2640
-82 -2016
-3350 -3088
4454 4486
-3944 -1086
-3098 390
-4190 -4354
4577 -1761
2355 3631
4285 4294
-303 1374
-1697 -2910
-4015 -4498
-3261 1655
2875 438
1612 3099
-3686 -3030
4167 3627
2994 -4395
-571 2470
3885 1789
-3162 2867
-1971 -13
-308 -3388
2278 -4381
-3515 1057
1251 3726
-2907 -1847
1054 2973
2912 104
-904 230
1066 -314
3428 -568
-1117 -3565
3126 -2119
-1548 2484
-946 -3651
2870 -4548
-3115 2962
4403 -2397
-2760 2813
-1344 2303
-780 1614
4170 -1232
4323 -1470
3357 -263
-3787 -3032
-1004 -1078
-2684 3024
2723 -846
-2039 -1943
-1534 840
2335 309
2608 3576
3836 1401
-4498 868
-4406 1082
3344 2077
2578 -1064
2408 -4002
-2036 -3761
-3875 3966
1877 -1944
3346 2737
1533 2243
-3060 -4519
3571 677
-1502 -3665
-411 4368
-1166 -3980
-4286 2027
3809 -3327
-502 2638
-1858 -196
1033 2202
2387 -2760
1191 3900
2658 4492
-234 -212
1736 -275
706 1846
4391 -868
-3837 -4116
-2254 -2771
-4419 2269
3915 -4398
-4424 4574
3429 545
2284 -2012
-4057 1386
-3187 -2195
-2847 -1148
4254 -1629
-179 4140
4318 -3282
-3059 -333
-1207 1108
2981 3316
-2516 98
-2029 -4335
730 -1099
-2274 -3155
-2818 -1878
-2592 4575
4499 -4191
1164 -3281
4367 3896
4037 3235
3569 1660
-4543 -3501
3307 -4365
-2938 2716
-2302 3581
3827 2448
3451 -353
2410 -1166
-4468 -4319
-3854 -4380
-3476 -1320
4057 4512
3867 -1509
3214 -3152
-33 -4084
-3733 -121
3022 -2129
-3051 -2224
1922 -3898
-4132 3755
3643 3832
-2423 -125
-3529 1971
173 -4441
923 582
-1337 4199
-465 -180
-4574 109
-1846 963
-1866 -4061
1612 -1795
3339 -2411
-2898 774
3230 4039
2818 -3905
-558 -3931
1706 2422
3221 1814
1430 3535
-1619 -4312
-2751 -3913
-2263 698
3328 -4204
2447 -443
1774 664
2267 435
-790 -1429
4134 3004
-2456 1090
-1058 3424
-710 3849
2920 4383
1732 -146
165 -4417
-988 -2415
3090 -4286
-1635 1471
-267 -2383
2962 2541
526 2137
1550 1743
2974 3320
4203 3629
2706 -4314
-4485 1341
557 4093
1050 -3755
-846 -3391
2146 -2186
-3643 -2079
654 -1383
-4229 774
-1384 2541
3646 -103
4589 -2972
3364 -598
3269 2006
2837 -4368
2075 4317
4068 -4277
-1267 -1010
1181 -3002
-2680 -4441
1814 2727
-3015 -1701
-2726 568
-1644 1219
3430 -2314
4528 -3613
-189 2529
-2367 2303
-359 -877
-4314 4148
3106 1746
-1514 2202
-42 1413
-395 -503
275 2534
2251 -3584
196 -4130
2931 2297
-4591 -2440
4316 -3393
-1223 -1491
2025 2119
-4590 -153
-351 1688
885 -42
2352 -9
-4000 2004
-1562 4158
-4169 -13
579 1901
-1005 -3742
2057 -2581
79 3175
2570 4590
1522 -2457
-3801 3339
1193 -89
1576 -4417
-1963 -153
-696 447
-4359 -1700
2820 -608
4052 -3064
-4070 1381
2075 -45
1118 4175
-3609 4531
-1137 2101
-1877 817
-2462 3835
4582 564
3709 -3465
-384 -4589
2689 460
-3211 3763
1465 4141
-1914 -628
-3678 -3807
-2597 -2121
1483 369
-2870 1575
710 -4086
4480 -1651
1581 -187
1047 1869
-2910 -2509
974 3705
-1813 -1593
-2773 3705
2049 4276
-545 4285
3538 -1732
2036 2495
1163 -3626
3015 1962
-2843 -3048
-3292 -2604
1979 -4146
3224 -1152
-589 -3788
2615 -1705
-4194 -4251
-3496 1680
2210 545
2517 2624
2056 -3381
1313 -455
4543 -2883
1606 3028
4021 3066
-3902 4168
285 -4045
-1752 -4256
2790 2949
-1840 -3246
3453 86
2739 -4492
2341 2720
54 -418
2610 305
-2452 612
-3698 -4445
2462 -3689
-551 894
2607 -3734
2609 -4207
3391 3868
-4080 3895
1083 -836
-1243 1778
802 -3517
434 -2143
4581 -4590
-315 -936
-1613 3788
307 3424
-3893 -2766
3956 3288
4086 -1082
3976 -637
4191 -3045
3766 -2436
-1533 3098
-3918 1315
-3093 3376
4135 4159
-3368 839
1606 -3177
-3786 -913
3583 -3523
-1376 601
-4311 -4086
2580 4563
3539 2776
3102 -2532
-3597 259
2651 -280
-1729 -1715
-2596 1040
-508 2679
-4510 -2942
-4319 -2620
1233 1244
-3187 2451
109 4228
702 3641
3089 4204
-3113 -201
1140 -813
1750 1337
-3903 -3457
3600 -3988
770 -4140
-2604 1565
-3767 -3628
3782 -3438
803 -2300
-2113 -3852
-1214 4123
2550 -3061
-651 -4320
-4359 -3795
-47 4179
2238 -2087
3631 2256
1960 2146
-3771 1930
-400 -2783
3765 2335
-952 4191
-3375 -689
45 -2719
-443 -3287
2299 -1133
-3326 -54
1051 -2227
3929 -1821
454 1595
-749 -3760
-2418 3990
1118 -3442
-419 4535
4463 -1887
-4292 1470
3243 4223
-4021 -1575
-1484 -4463
-1001 2495
2926 277
1866 3540
-1418 -2295
-1670 -4078
1012 -3120
2526 -2531
358 4431
-484 533
-11 2010
3649 -4057
2066 897
346 -2955
-70 -303
3612 4499
-1572 -2508
3894 -3717
-165 712
-4564 1416
-660 -786
1511 -3859
-1130 -2520
1032 4149
-4504 2810
-2618 3777
-3796 3988
-4038 -2562
3511 -2265
3678 -438
-85 -3112
-532 -2200
-4565 1191
-4410 4162
-295 -4505
-3048 -4456
3944 146
1214 -397
3273 -4366
847 -3012
-3069 -1783
-4131 4467
1997 2069
1082 3826
-3359 1078
-1503 -3526
-3318 3451
2472 3494
-410 4126
-1778 -4377
-3567 1507
517 -2005
-2392 -4141
1892 -12
-698 3731
2353 -3361
4342 1313
2518 3495
-981 -2587
4399 -4523
233 -2717
-2959 -2158
-2977 4082
870 4279
2063 -2052
-15 3556
-3942 1041
-1271 2481
3902 284
1520 4479
-2677 3930
-4573 -3302
3889 4420
-3305 2781
2150 -3207
404 -3619
3065 1045
34 -3999
-3298 -2846
4020 1229
1446 4017
3723 -1601
-2619 -3801
822 3364
4189 2245
-3566 -2447
-2877 -2878
-731 -2846
3057 -540
-3855 1528
3722 -915
2952 -349
3233 3860
3322 -3127
-4486 -1641
1504 -3489
808 3852
-1950 -3817
-20 3880
-1407 2900
-2144 -4210
4197 -999
-346 -4205
-1152 -3097
-3587 990
-4305 1781
972 2151
4309 4562
824 3889
-3003 1142
-1821 -3347
-2998 -3092
3625 -3567
-1355 -2352
4093 -61
-1877 -4404
184 516
4122 1503
2729 1976
2740 -27
2348 -2638
-380 -4569
1980 1034
3685 60
1638 839
916 -1433
-4134 3582
-575 -2024
1534 -3076
-1220 -2659
1498 1279
2880 862
-281 1277
-3172 -4003
4255 -3069
-2148 1493
2935 4424
-3779 1171
1789 -3957
421 -3419
2729 1173
82 1345
-2433 -1591
-1745 -880
3950 1960
-3681 4399
-4005 1716
654 3403
-3802 3103
-393 -334
