733 145
173 38
64 193
519 54
213 554
622 481
574 93
405 644
316 439
420 119
46 345
348 156
714 354
179 143
637 620
559 599
321 539
333 576
184 273
543 277
681 322
582 194
19 430
706 669
626 368
497 560
453 709
38 295
211 690
651 204
663 47
328 353
281 332
641 16
358 667
266 86
138 121
307 557
90 419
230 252
141 246
710 117
11 425
334 619
60 532
199 549
245 105
573 610
408 189
426 681
385 20
733 31
363 453
505 479
722 176
350 562
309 286
426 571
160 457
166 625
6 316
248 606
640 642
231 210
223 149
120 625
676 338
338 347
353 681
80 296
618 287
117 374
135 76
631 635
731 468
574 300
692 136
129 234
669 51
74 572
469 343
471 389
42 458
399 327
187 448
395 8
652 27
103 392
348 142
676 93
606 399
533 664
550 61
395 727
410 419
236 567
117 596
325 332
578 640
726 265
489 159
182 160
54 654
665 524
321 302
639 337
192 512
98 17
362 260
720 504
401 313
85 339
221 497
484 153
91 95
78 162
176 431
513 261
566 52
122 659
63 396
149 402
461 729
397 653
146 687
605 111
24 22
385 241
268 94
402 634
624 620
685 376
162 695
85 229
729 450
250 134
380 713
562 90
50 180
454 205
264 443
573 484
211 646
326 683
127 53
320 554
371 47
241 124
194 46
439 122
600 692
613 270
621 698
297 561
43 725
147 685
192 428
135 209
78 695
428 79
658 598
703 548
87 704
613 733
38 94
333 512
30 83
197 664
402 373
443 264
719 527
644 51
412 502
448 108
121 387
361 528
122 355
217 412
102 316
507 228
51 140
401 200
127 102
306 5
265 698
419 287
652 254
272 494
726 362
690 723
604 311
167 420
280 115
283 99
91 189
50 460
674 360
405 165
81 588
467 602
412 731
526 387
27 210
467 114
237 522
286 364
534 50
417 730
49 249
539 280
601 705
262 231
124 317
545 566
677 107
529 559
5 225
731 144
322 317
363 304
81 104
96 73
4 138
604 17
431 467
702 501
576 650
179 417
236 107
453 386
597 646
448 528
560 571
688 473
293 666
145 312
99 170
674 441
83 439
488 585
641 282
679 201
215 352
14 654
235 599
336 653
561 509
115 355
275 299
270 23
63 141
627 566
694 103
634 518
407 97
32 559
250 138
328 65
507 588
593 689
644 652
723 293
540 715
618 1
470 714
245 711
180 508
170 358
524 515
358 54
119 109
305 5
713 709
503 42
44 230
253 223
69 567
425 438
376 12
24 300
41 23
450 380
508 175
398 185
53 46
150 598
672 103
273 725
651 0
265 323
612 578
489 450
601 374
695 507
552 454
206 422
627 354
482 56
20 534
133 501
344 430
173 34
235 190
577 72
382 586
55 33
29 536
243 37
433 25
299 149
640 81
259 456
498 336
60 649
591 462
141 187
635 121
703 197
691 115
529 638
571 42
33 275
5 182
688 407
579 337
421 471
0 76
694 700
569 379
309 687
30 590
218 350
441 186
94 498
223 612
691 696
554 373
334 433
421 187
419 545
136 557
241 607
335 295
193 689
130 624
61 685
693 21
261 538
320 626
506 137
193 16
52 64
365 237
17 215
677 607
490 261
445 252
493 160
685 590
496 2
227 315
207 628
414 31
140 719
713 452
319 584
646 320
213 361
623 25
181 310
496 179
316 101
23 305
11 704
262 400
485 84
212 314
556 84
470 235
247 50
372 397
542 326
484 206
510 208
608 310
8 56
464 401
702 297
668 589
107 202
452 470
399 157
43 635
326 586
344 708
521 399
151 716
546 503
201 120
557 545
12 671
451 627
404 627
163 422
678 52
616 170
477 448
454 632
294 41
364 511
427 345
557 155
626 109
357 384
140 474
494 677
353 246
503 678
73 480
450 240
3 511
458 690
376 382
541 593
187 269
67 521
282 87
569 576
560 670
93 530
31 320
174 498
345 70
624 611
424 114
390 652
123 87
427 524
209 19
151 637
49 662
608 177
327 485
580 718
80 140
506 628
342 601
732 472
259 260
548 691
164 541
88 618
367 208
617 291
725 348
724 425
555 634
4 328
494 699
202 43
437 703
581 390
253 445
295 36
628 488
109 55
576 432
137 100
124 517
659 584
518 13
718 89
96 513
207 12
523 675
536 442
510 641
600 228
20 69
609 380
364 20
263 321
271 663
284 356
264 40
36 629
658 526
634 222
550 581
675 275
8 497
34 549
665 409
543 118
705 254
113 668
617 617
360 397
32 639
443 233
386 529
592 29
669 152
154 323
435 657
215 24
603 638
723 609
229 492
531 671
98 517
487 120
606 307
204 699
709 158
203 583
26 330
119 717
373 154
44 650
47 202
1 730
40 692
190 245
136 336
610 195
709 370
1 470
481 609
662 717
251 0
7 518
242 392
188 2
724 206
356 91
298 207
572 106
169 434
46 678
327 83
633 53
661 135
257 503
311 710
655 386
356 469
365 113
111 219
94 440
457 617
682 75
2 612
197 91
240 271
23 381
548 37
675 676
322 500
642 429
415 41
439 116
482 39
202 64
54 408
88 270
89 630
95 403
194 561
580 363
146 719
230 706
315 4
681 195
377 509
370 610
446 6
636 230
670 181
145 321
406 117
69 318
240 156
97 693
278 159
203 237
29 477
637 656
632 303
387 43
59 212
41 167
715 465
126 376
174 165
221 34
607 19
47 369
170 318
260 473
513 469
462 452
314 196
92 410
153 8
12 626
635 45
464 660
408 74
52 123
571 174
599 707
492 651
107 442
303 73
671 249
142 85
705 432
701 401
558 229
690 181
430 9
92 60
184 1
255 662
79 265
169 389
126 538
359 288
400 715
65 273
725 672
502 726
51 489
468 15
476 348
217 184
712 58
285 615
552 720
647 3
693 130
598 151
678 516
386 705
481 196
31 458
656 175
509 130
619 676
6 556
53 515
139 226
28 615
330 602
10 251
599 278
152 141
407 603
247 144
261 65
605 565
287 10
196 263
596 368
655 728
56 688
452 203
350 675
186 220
129 434
21 433
696 597
288 713
445 27
190 716
653 459
612 513
252 346
727 481
176 499
435 325
132 404
219 299
666 353
653 555
632 222
659 203
477 161
216 173
555 99
646 483
195 360
287 157
57 611
137 90
579 578
274 682
109 220
680 151
315 656
14 86
728 218
732 24
449 693
128 182
196 492
710 307
662 167
278 11
570 461
716 616
522 190
650 216
0 172
55 723
689 435
539 259
570 162
499 44
699 88
160 69
66 309
650 382
437 26
698 377
108 686
590 447
568 696
698 540
216 154
522 720
449 297
27 486
