334 16
122 116
116 267
241 287
266 45
325 11
293 303
51 24
292 74
279 174
325 138
103 37
171 100
294 272
282 139
215 59
223 315
94 301
74 143
217 261
4 317
300 214
47 138
206 328
62 154
21 0
234 76
276 213
138 21
284 205
181 146
124 155
318 303
273 127
178 52
322 283
228 249
298 262
110 262
9 134
58 241
223 332
198 116
133 74
240 173
249 101
40 141
197 31
132 135
169 207
280 14
271 12
121 146
329 37
199 288
240 32
180 280
177 20
331 296
218 298
225 294
83 193
45 70
78 48
238 228
137 247
78 120
247 53
180 77
1 137
85 109
237 260
37 82
163 293
8 281
258 268
230 315
261 299
0 254
300 35
178 10
217 237
277 264
210 101
226 195
71 253
287 191
120 328
155 254
32 47
7 213
18 40
16 247
43 32
20 285
154 163
202 128
304 93
36 152
82 250
5 58
236 220
161 240
76 98
43 201
27 88
92 51
327 290
246 231
79 195
84 55
92 1
80 1
147 8
3 234
158 239
76 199
291 293
225 25
47 251
3 147
249 319
193 13
280 132
6 45
79 222
171 43
243 141
48 46
34 301
32 26
94 302
120 151
311 10
304 309
259 288
258 164
321 55
317 320
64 70
284 119
313 35
318 62
15 22
319 128
52 172
211 232
333 100
0 206
276 305
289 13
334 249
320 209
129 201
307 188
123 48
59 126
110 282
202 165
327 296
166 304
201 297
119 215
317 23
96 276
175 265
146 323
320 244
149 243
302 208
212 6
56 173
86 109
34 159
13 260
10 38
282 144
250 191
14 88
87 227
15 94
24 286
238 96
288 6
312 273
198 157
64 318
307 43
173 243
21 39
313 266
14 104
268 318
218 129
40 4
297 267
93 245
220 272
191 56
54 279
259 237
193 42
141 50
20 181
55 304
111 125
95 52
293 150
265 91
166 66
123 69
206 38
74 208
19 3
161 14
131 193
30 149
255 273
2 110
145 317
229 211
7 225
254 22
141 307
77 311
219 40
116 181
227 278
301 80
183 207
114 291
82 333
277 205
254 251
332 324
91 212
308 63
242 269
329 39
127 240
104 291
319 8
272 36
306 231
321 180
2 313
70 217
66 334
243 183
25 123
242 120
168 326
292 115
27 79
59 311
86 135
50 313
29 176
331 162
107 253
111 331
334 324
115 130
328 148
210 59
308 112
37 4
125 83
1 185
133 57
24 295
167 62
38 295
128 162
100 323
75 282
12 178
261 256
315 223
128 177
96 160
80 79
125 312
183 310
8 54
99 125
324 331
268 302
328 226
77 314
124 92
191 189
269 134
221 16
140 225
297 15
255 119
117 118
54 90
273 50
145 68
109 174
330 132
244 117
230 3
26 230
63 297
143 46
264 111
248 148
227 202
288 239
256 31
5 9
222 329
324 206
326 90
165 218
332 16
200 73
221 271
16 83
115 330
228 183
130 117
179 287
137 11
315 63
196 124
46 27
299 280
275 24
158 327
13 159
52 25
