118 97
43 41
41 94
85 102
94 15
115 4
104 107
18 8
104 26
99 62
115 49
36 13
60 35
100 49
76 21
33 107
26 51
77 93
1 112
106 76
73 116
22 54
7 0
83 27
49 7
100 73
64 52
44 55
97 45
63 18
114 100
81 88
106 93
3 47
79 118
70 41
85 61
88 36
70 11
46 48
96 4
43 51
116 13
64 99
11 26
62 7
117 105
77 106
80 104
29 68
28 17
84 81
48 88
27 42
19 44
0 48
13 29
98 68
58 104
3 100
46 98
81 112
92 106
118 34
63 3
48 70
25 89
71 45
12 54
114 34
84 78
39 14
9 31
32 18
39 43
76 76
32 0
56 85
17 89
1 52
15 12
2 16
86 50
11 9
110 3
107 90
88 55
5 8
18 61
0 73
98 108
113 74
97 98
109 66
34 38
42 99
71 105
56 46
107 74
12 118
13 111
5 31
31 80
22 113
7 84
112 6
95 113
90 92
68 15
19 108
116 24
59 23
82 117
109 24
49 36
50 109
27 110
34 57
90 32
