2090 881
917 1550
-1918 -1566
672 1831
-949 -1076
-608 -1503
-404 -2067
-1453 -1699
657 -1650
132 944
-306 836
-1507 491
1331 -1196
839 920
1929 287
-1123 -535
92 1698
-1476 -740
-557 -1479
-1652 1108
364 -387
-493 1093
262 -927
-636 595
99 716
-1520 1331
-882 1771
1928 -126
1203 -207
-1912 1822
-604 295
1066 181
-1636 621
-1630 377
-779 1745
1965 -1223
-1203 1452
124 689
-863 936
-170 -1620
-982 1233
-1372 1379
889 7
743 -696
191 221
-491 120
-1305 -1981
187 1192
-1413 1852
-709 -1981
-1002 -56
1965 986
-1564 1763
-1226 -1607
-118 -188
-175 -503
933 15
-1934 13
1812 1110
1036 -549
1778 1730
980 413
1090 1289
1598 1769
87 858
-918 -343
690 949
-178 590
1133 770
501 310
172 -94
-1890 -379
583 537
1709 1609
-1618 1051
1960 1599
-1773 1816
-945 1862
287 -804
456 1422
-400 146
-1616 -1539
608 -609
139 -590
411 661
-891 1640
1286 -1126
-270 -1480
-1611 -1060
-1082 1461
-2069 1243
1321 254
2088 -1431
-1095 -1241
2067 492
1841 1401
-1334 337
-562 -1491
-601 -1135
-1098 988
-1167 -172
1872 57
-1429 164
1289 -139
-802 -1707
-866 1058
718 726
-1622 1641
1873 23
-133 -1127
742 -516
-1124 -843
509 525
1782 -247
710 -251
-734 993
761 1102
-559 -1346
870 -108
-2006 847
1571 -249
-1390 911
1053 1051
125 -900
-1307 -1639
-1677 -1027
-1832 1144
-1233 -1241
-1481 1658
1162 -786
655 763
-1598 -1698
-680 -1548
124 535
1551 521
2022 -1148
600 1966
1578 -1914
1166 852
-307 -543
515 -1115
1635 -979
487 -1210
-1522 1726
217 -1689
-2064 -2064
-556 -376
1875 -444
1463 -1419
1004 1343
-599 -921
-975 423
-1992 -1717
1777 -1075
-1877 -1073
44 -2069
1203 1317
874 -1368
-1112 -1555
-52 1279
997 -1437
331 -923
-365 -920
731 -1615
1240 76
-1661 -1479
396 -2008
-409 1300
686 -1083
1689 -1155
212 -436
1420 -170
814 -1772
596 -1236
-824 -44
49 -1185
1725 -1182
-438 -781
1465 -506
1192 -1707
-455 -901
1702 -1498
-1750 -1176
-426 -1941
1426 745
506 -1776
-354 1276
630 -848
-1871 1052
-948 -1801
1916 -315
-828 -1289
1201 -731
-1662 74
1526 995
334 1844
1333 -1382
-403 -1170
-1436 1906
1919 47
-1729 -1198
-1104 -2085
-169 332
99 -209
-648 -385
361 -545
-2070 147
1272 270
-980 -602
-1313 877
1064 534
1839 1702
762 -1809
-108 1650
846 1418
1726 1863
229 -253
1762 1571
-1058 -1395
-521 2009
-955 -582
-1984 1118
-2007 -586
-896 1439
-1608 666
1358 -1372
900 -1489
-1369 681
-1817 -161
825 -2045
-961 -1103
-645 -2070
535 1767
182 1791
-1196 1119
1193 -1934
-1865 796
-1285 -396
-1557 -5
1085 -325
-1545 1786
-2010 -1720
1789 307
-236 207
862 -1361
-800 -78
-1540 -343
1849 -556
-1005 1546
1505 -1847
-655 1201
-1439 12
-1654 1480
809 -1753
1894 1667
1536 401
-918 1188
-50 1522
-234 -1883
-889 1064
1190 1956
229 -1985
1078 -1626
-1947 1413
236 1121
998 -931
1625 1314
-1249 1380
239 -434
529 730
914 1700
-629 416
1389 1321
-523 2047
847 1814
1355 -47
1849 -372
-1166 1928
1489 -1933
1661 1181
631 591
-954 307
-1404 -1012
-1188 -692
844 1411
-1311 -855
263 -1989
-115 1047
1582 1329
-719 1150
-1232 -1818
1594 851
-1983 -397
-24 -382
665 -1436
-819 1336
-2059 -1634
-1868 -1333
-1712 1712
-385 1310
-1416 317
843 1039
1477 1730
-213 -102
-1255 -2087
1233 1450
-1156 -2032
1511 -188
-1591 -1058
770 1645
-1122 -1263
-955 -1062
1359 -1892
1463 893
865 -1498
133 486
-996 922
-1229 2018
-344 1362
-2055 -1193
390 -773
-1319 1236
-1274 -1021
1196 1638
993 665
-132 1679
-2078 1586
652 -881
988 1410
679 -802
-354 -1632
570 1302
4 -131
1115 -1417
1468 -45
-858 -1353
-234 1209
-1895 -1992
-1159 -409
-709 -554
-425 1840
1185 1881
-594 1823
902 1868
-2090 -1841
-293 -1992
723 -305
-1295 -484
-371 1021
1693 -550
-1692 -83
-1858 -1019
1473 -1290
-1666 1993
-1437 1042
-1957 1758
1772 1571
-1201 -1692
58 341
-434 171
-1656 1741
-1529 -756
1671 809
1044 -1470
-1562 -436
-1924 2046
547 -350
165 1056
-1380 1070
-1266 1960
-485 760
1639 -426
1745 -1799
-1101 -484
1575 1480
-382 -218
332 -388
-524 -208
-90 843
-760 -789
1753 1041
190 -1764
128 -819
1210 -827
-1386 1648
-2073 256
-654 -233
-1001 -870
-130 388
921 -958
-356 -1714
-577 -579
-1469 830
1279 1916
-411 1655
-501 840
827 -89
-856 1902
1175 -979
-1101 415
1209 -634
1350 -874
1789 -356
605 -82
-1816 -1257
-1509 52
-232 397
852 -1316
1839 1098
-1836 361
-1625 -1451
1912 -863
-1278 93
-524 -1488
-1692 -414
1991 -905
-2075 -1056
-903 -490
1865 -482
-1206 453
-1906 -1952
-1700 -1917
-1439 1731
493 1014
1296 -649
754 -344
-985 236
794 1843
-1248 1269
715 -56
-1849 -766
-1713 1360
-79 2066
30 -705
503 -1958
-1034 -607
-983 -986
559 2079
382 -384
1618 708
2089 148
1661 368
-1125 -1827
1053 -1984
-679 -1226
113 -382
1219 1608
-394 146
1760 -667
965 -1156
-983 127
1710 847
-627 -196
-1941 -1050
1152 1653
445 1353
137 -437
2027 -725
1165 1887
-1319 -2057
984 -292
-1303 -717
-1639 -873
-1538 -190
-2026 -1556
1029 -212
-459 -1030
196 -572
-933 -213
-1552 821
-1170 -1581
1944 658
-2075 1455
-542 253
-2062 517
1494 -685
-1808 586
1955 1531
-1183 -172
-2044 -748
-25 1854
-747 -7
1659 -1232
943 -170
1763 1634
181 934
1188 -1843
1063 -592
-1240 -16
-526 1622
-521 -1974
2082 -942
1864 2047
-243 1772
-1382 1311
1828 -735
-73 1203
584 -722
-688 -2027
1880 -1798
1369 -698
1928 1715
860 -1640
-1658 -1753
-317 1163
-1293 -94
32 130
2046 -862
1393 -1738
-239 -273
-333 213
-543 -292
329 1848
1306 2049
-1575 1351
-858 561
-744 293
-586 1203
-1430 1887
-962 -1222
-238 -1735
1655 -1628
-729 -1724
403 -731
1130 -490
631 821
-1778 1642
-920 1268
-763 -442
1728 -692
459 753
293 856
2025 1364
1571 376
-24 1255
-1345 137
350 -724
937 787
-1103 -101
-871 219
-740 -312
941 744
-710 1373
-511 -1300
-1344 1647
-942 -1477
-1902 766
1588 -1348
292 -929
-934 846
-1243 32
1121 -560
98 435
-1221 2065
1869 362
-879 -1138
89 1957
-322 -1315
674 -1288
921 678
-906 130
-34 911
-1440 -930
-1496 -939
-180 852
-113 491
117 -601
1927 967
57 -1686
-1720 -334
554 1589
-669 1025
1794 288
181 2089
34 -761
-121 -1518
940 -1366
-1249 -202
-1065 -158
-898 -1798
-1316 1600
1242 1391
-1941 1311
162 -1716
1130 1758
672 -910
9 -2081
536 989
351 1959
359 864
-778 -1192
-924 -917
526 -1504
-935 1419
910 -865
1879 -112
1374 -146
-959 79
540 -1751
-557 -598
-1799 -1243
1152 -175
33 1938
1534 -742
-1696 1924
1424 1820
-118 484
-14 1674
208 1335
2063 -1932
1327 240
485 -886
-1519 -1717
-150 2082
1187 -1665
-1863 163
-425 982
-1272 -1204
-646 -634
166 -91
-2042 -805
1066 482
1755 -1912
836 12
-299 411
389 1819
-330 632
637 1248
-548 1350
-1070 1714
-460 -1380
-1641 8
-1469 86
472 -522
-1524 -231
-111 489
271 353
-1750 1238
1838 -1084
-646 1298
-329 -2027
-35 1222
-1083 659
1804 -1210
-1948 773
-1446 1204
-560 -1705
359 1382
-865 -1459
-569 2005
-485 117
-1836 -2010
246 -1742
1932 -843
1623 216
976 148
-40 -1038
-1793 -1244
-1896 -1879
56 1112
-1114 -1578
-731 2025
80 557
933 1855
1057 1939
1731 565
1725 1791
352 -1839
368 1436
314 1247
1771 2060
-1710 1156
1913 -1359
-1026 1387
1680 24
-1220 1420
-1180 -1041
1623 1946
264 -705
1669 589
407 -2049
-579 1935
-1331 734
1801 -2008
-1220 531
-897 -329
558 -702
1835 -562
987 593
-481 -1188
-1437 1781
1381 806
-693 1530
2080 790
-169 -520
-974 135
-920 1175
36 1692
1449 267
1133 -1097
33 -1921
1432 -523
980 1988
-917 -197
-323 -1681
1403 1375
-1759 -1862
-1544 -613
-1131 117
-309 1282
701 -124
257 -1677
-1248 -1733
150 -1460
-1314 229
-2059 -895
743 1158
-1415 247
-1351 1303
-1404 389
1269 -1425
-1649 -204
-1747 454
1353 1501
1521 458
-771 923
1805 -1513
1214 -1263
-1785 1579
468 -76
165 -2024
317 -1346
2072 995
-99 1511
597 1682
1500 1937
603 -2023
-167 1359
226 666
769 897
-1313 -561
355 -1087
407 56
-19 -429
1800 1466
-1793 -191
1799 -1233
-1569 -1105
1095 1657
463 -2023
1740 2053
688 273
493 -1427
-787 -1405
643 639
-372 2074
-1241 -673
-737 1615
-1855 -293
-1699 1582
-1402 744
41 856
-271 -539
-1124 -1167
1692 -399
-1436 -31
1599 -1186
1377 -1988
-515 439
-1171 -1231
-433 208
-142 -377
107 -1404
-1156 -1407
326 1755
-1496 396
-2057 2001
726 -2068
1496 1205
-7 -1946
171 -214
-308 1025
-1624 -293
-1354 -1395
1191 -1511
-523 418
-661 -466
1517 -1073
-1211 -766
1906 -97
-1234 152
-1485 -901
-2074 -1033
-1609 896
295 -928
-123 -822
1973 -1192
1644 147
-1727 37
-1672 -1906
-1132 -1885
2087 -1785
52 -943
-1860 1872
1263 -447
-358 127
303 98
-157 -1294
1314 -799
-128 734
803 1237
-1149 -2058
-1144 -1025
1982 1978
-840 282
-1370 -1570
-35 643
762 241
865 1663
-664 1091
-391 124
-601 -563
1142 17
1992 -1657
146 -246
1070 -232
1444 155
-442 -1323
1970 953
1357 -2073
-135 -1434
958 -518
361 -276
912 1980
795 1269
150 -204
-1576 1902
-679 -138
-1772 63
-860 -344
2037 1659
30 -1376
-949 1935
-259 952
592 114
-252 1174
305 1880
-959 -1500
461 1461
1913 -1528
528 1064
250 39
-1832 1341
-319 -1246
1040 -826
-357 1788
-1867 -1036
1206 -546
-1944 -18
463 1296
846 -1504
-813 -2036
963 -1031
-1197 527
-228 781
537 -768
-528 -330
1090 -1107
1575 -1166
-702 -670
1897 -1917
188 -665
651 -487
-1036 508
1616 502
478 -1094
-936 1956
-447 -232
-1251 -519
-286 -1171
405 526
-1381 -1679
742 -137
-1128 1783
1059 -1715
961 269
1362 473
-1203 -1401
-1944 -493
1526 -294
-1619 740
685 -1956
-700 -1165
-1985 1763
-129 -1500
-605 -1314
-540 -516
-2027 -1199
544 1835
-576 -2061
-1152 -908
360 -1952
-29 -110
1843 -480
-1383 -2025
130 -1519
-857 1026
1975 -822
501 875
1425 -1778
-305 -2042
2036 1882
911 -1784
-33 608
-1753 1404
-1385 -538
821 479
1337 -1844
-365 -629
1798 -1956
401 1019
-363 72
1516 562
1483 -860
553 -850
-808 -101
-1939 -1153
-399 1385
303 -1460
460 576
1426 1576
-303 -1547
-1396 -543
204 -1542
126 -1563
-310 -252
26 13
-481 799
-1113 -365
-191 1403
-2037 -447
47 -253
1929 -208
950 -1468
-1329 749
1772 -908
-183 -1795
-132 -993
-842 929
953 2055
531 867
269 -501
-1542 611
-279 1023
-1298 1202
1919 441
-1736 771
939 -32
1824 -79
-1953 1019
524 1822
-1263 -313
844 -1518
1970 -589
-643 -930
-1828 431
18 -1577
725 1940
1990 -1793
-886 -1764
-1504 443
1665 -109
-774 -89
494 1981
1080 894
176 1472
-817 -1655
118 -661
1167 -750
-370 557
1909 1411
-805 -224
1417 -1686
93 -1522
696 -1895
867 8
529 -972
-937 196
-1517 2003
-1872 268
-658 -1310
2059 131
1773 -938
774 -1788
-1427 -571
1253 1369
-729 1582
-624 -714
1758 -489
355 1082
-552 719
-496 -1267
435 -2017
647 981
254 317
-1955 407
1393 1351
1453 1040
-1577 427
1120 -1202
1997 -1879
-856 1983
-460 -650
-1466 650
854 1971
-1227 1194
1586 593
-684 677
-1532 -741
-1659 1625
1843 1693
1007 32
-1332 -517
810 -439
1564 107
-1825 1359
1418 -1265
-98 -1585
1537 944
-1708 -1782
333 -210
443 2069
1126 1049
-957 808
-617 984
560 -570
-874 1799
1572 1584
1226 -1629
-1535 1771
-1536 236
-1216 1848
-594 997
1352 -394
-560 -1657
1001 680
1013 267
141 -1987
-1078 -1191
294 -1961
-1001 1665
-627 1586
1285 905
-514 -849
619 1548
-702 1299
-830 -1109
1841 -1450
-1847 2090
-1117 -1943
-47 -742
-157 -1984
897 -399
2038 -360
2004 1089
1806 596
-1808 -553
334 -1250
1446 1452
1267 -1014
1677 -1197
937 -377
-1756 1412
1779 -1562
1088 -1113
480 1143
595 1485
125 -1752
-1149 -87
-1108 1673
-1965 1511
2081 1278
1189 106
-588 -1536
-167 -1329
685 -1940
-1026 935
1870 -665
-897 1421
644 -1873
1309 -1125
-1034 -249
-1535 1020
-64 -1834
-1528 1104
1989 -2006
-1364 661
1566 1696
1829 392
2077 -1186
-1666 566
-730 1302
860 561
-184 864
-139 1740
39 202
-571 1741
80 1451
-1579 961
-1315 -485
2078 1407
476 680
38 -899
1519 -1377
144 -601
-889 -2003
-1429 -1083
-1321 -508
955 -1508
500 1913
-1761 -268
-823 -1416
378 -2072
2050 -1236
-1099 1398
981 1651
-1342 -732
-1926 -1090
1151 675
-1591 1590
-1618 1097
1588 -1110
1885 -214
-386 -453
1802 -1560
1283 -1461
-88 1406
-362 -989
-927 -1864
1848 78
-1973 173
-994 1163
160 1664
1493 -2022
-1099 1316
123 163
940 1775
347 -1437
-555 -1096
1643 -222
-1185 1973
-1353 2002
-1024 1616
-1512 -1197
1487 2046
59 -900
875 2064
1306 1647
-1518 -313
-134 -2070
1603 2014
1039 -657
1253 85
1146 -554
-1970 -1484
-1049 -999
-250 940
1536 -1327
1367 -69
2056 -962
1754 1330
-1160 -48
724 1777
-72 529
-1935 -2068
1856 -26
-2043 -671
707 -1950
1160 974
-131 -78
-52 1247
-1932 617
641 50
1891 -2075
-1413 1149
-739 -182
-628 582
854 834
1458 -1788
-58 1704
-1658 1412
-986 -675
-61 -1942
-1003 931
-578 774
301 -1863
-287 831
201 -1374
2007 -544
-64 1206
314 1241
-69 848
-1087 402
-1584 1089
-147 -92
-1929 -33
-786 1852
-490 -1347
1821 -505
1422 -1078
1520 850
-875 1581
-1903 1098
252 39
-1821 -1472
-307 -791
-800 -319
2071 1592
-314 -823
-1818 -1970
-1586 -229
-451 1569
-1284 1130
-341 -1777
-99 26
144 -456
173 -410
-235 1549
-1015 1331
-922 -1831
1240 1437
-4 868
-1726 1661
-1071 1920
-688 1053
-1882 -1943
1541 1959
1967 -2072
889 -233
1822 119
1702 -1487
1428 -573
488 -2032
1021 731
1495 274
-162 1550
-2046 -176
1688 793
945 657
1773 -1450
-2046 -483
-649 -1749
-1608 523
-535 -1988
-1042 -393
950 -305
-1868 -2005
135 -532
-1953 -829
-634 920
-1912 -319
-65 1263
-1093 -36
1170 -1110
-1043 1146
-789 848
1184 1008
1527 -726
-416 497
435 1504
2051 2014
-664 -1677
-1976 -1439
-1715 99
1581 1279
-1182 -1524
891 -1158
-1309 1413
1417 1784
-380 1117
-1462 870
-783 298
1002 -2048
-96 -1710
1541 -2021
377 1616
2036 476
-1014 1407
1441 1988
-220 -1702
-803 -287
1862 -1886
-1981 -741
11 1687
-1735 -1858
-1785 313
1989 1264
106 755
1100 1379
253 1807
901 -1247
-876 542
-689 -135
722 1702
-817 1990
-583 -178
-713 45
-1945 -176
-489 567
-491 1142
1490 -1828
-1094 1187
-1410 1387
-1084 -1833
-1041 -1146
1042 -65
-404 -818
-1610 -1438
-1547 134
-676 1094
1634 -2048
2009 -1378
16 -397
-417 1930
1591 -1172
-2062 -185
654 1519
-795 1190
-651 1027
-465 -1731
1885 -195
825 -2078
1194 422
-1698 -61
-1932 1914
384 -1250
1771 -773
-1159 -1131
881 -834
257 -381
-1723 -660
-1762 -1442
-45 133
1681 -712
-1527 -1527
-771 -1240
1291 1704
1352 -1878
-1783 -1465
1196 -1349
-27 2022
813 -1232
1464 585
815 1369
443 -724
-782 31
836 1657
1460 -1401
-1730 802
-1378 -1652
607 -1577
394 1856
876 1011
-886 348
924 -1704
-44 -1534
744 1977
-583 -1792
1600 1933
-699 -1641
1222 -695
1939 -1412
1387 1496
46 -290
-793 1484
1328 -666
-222 470
1341 469
794 -1356
534 1023
-482 1162
-450 999
1708 2024
-203 -651
888 1318
-103 -1154
-1322 -1243
1764 -1475
-79 -117
-138 -71
502 -1141
-1266 -1846
1119 -1258
-1024 238
-767 783
1418 -1079
10 -1079
1876 1227
60 1737
2063 -294
676 -351
-1351 -1966
-338 383
401 -201
-1815 -1046
-816 1213
-264 -1515
69 1366
-1781 -128
-1641 -331
-600 -277
2061 -1716
-1570 1171
-1819 -1494
-686 -1998
1272 1750
37 -1117
954 -2001
-1119 731
-1475 -1987
-1770 -1470
615 -2071
-1363 -895
103 -1041
-1982 379
1377 1725
-1744 -1430
-1575 1197
-1041 1225
-930 -301
1637 452
-779 -925
1799 -37
-1316 -1247
509 -1145
-1375 -52
1379 2018
-456 784
-193 -129
-1356 -209
-509 1507
634 -1835
908 1063
1032 -1149
-1753 826
820 -1676
417 -164
122 -115
737 1917
-1178 3
142 1992
1069 -847
1728 609
837 368
-954 -1434
1590 53
-149 -1206
1904 1140
1522 1402
1792 -1056
952 1157
1568 1892
-788 -1409
371 -1062
-60 1330
1730 1705
-394 -598
630 1576
349 -309
-1923 844
-251 -982
-379 -1729
-283 -1103
1108 -676
1958 586
462 1808
-288 1778
-259 1032
-219 -287
-322 968
1748 237
1753 -759
1675 820
-1275 -1631
789 915
1250 -405
1514 -702
1394 458
-1441 -1901
52 -690
-880 118
1267 880
1720 27
703 -98
-209 -159
1205 1397
382 -1
-1121 -887
-1339 -819
-989 698
1212 297
-269 -1012
-649 2054
446 -1150
804 1207
1365 -341
141 2034
1873 -1790
-393 1790
-536 -1925
-1919 210
964 -487
135 -405
831 1016
131 1184
-112 -1258
904 -1944
2013 -1614
-241 -1589
-789 -755
1380 846
-341 -2
990 1537
1634 -1656
-1910 -640
1991 1937
-1854 1968
-1887 -614
827 -1010
579 -1704
-454 1637
428 748
-541 1033
405 695
858 991
-1600 -493
-1208 1774
406 -496
-133 1213
-195 -1636
1332 -1335
502 580
705 442
-1648 1274
1775 1801
-1911 899
-252 288
-1881 -1003
-1740 -1022
1878 -1816
1233 -1936
2026 678
1515 1617
1515 -2019
-882 -812
-1716 -1580
-1552 -2057
-2048 -1782
1852 67
1294 -421
1700 549
-823 1154
793 1357
-1069 1188
-302 -1618
648 818
1542 -794
410 -1586
-203 1981
-1680 -881
-276 -701
-1573 -1864
436 -104
-1071 1870
1829 -1463
-1924 54
467 -1928
1094 301
1303 -1997
955 1996
-1329 1010
1213 -1426
-697 1606
-17 -1535
-801 -320
2040 428
-962 -1162
-1264 1958
714 -107
-119 1456
-1226 -1454
1788 1667
-1949 -1780
1375 1444
703 1242
541 915
996 -1292
1646 -1975
761 1537
-1549 1277
-822 -1514
-1729 -318
87 1114
-329 -1472
-154 1566
-271 -996
1487 1041
561 642
-867 784
-1443 -1723
-1566 1038
504 1022
1036 -1091
589 882
-1191 284
-401 1130
1122 -982
1375 1259
27 -1772
1705 1415
1949 15
-107 -64
98 1360
-1633 -1338
-1364 976
1380 1126
1317 1659
-357 2039
-2011 948
27 530
1521 -704
-1160 -700
-1763 404
-143 602
-39 -723
-1998 603
-1157 1343
1394 -1193
-1979 2069
-871 -2035
1903 1216
1060 427
1557 -2061
393 -26
-604 738
886 640
1328 1347
-1391 -1276
588 1907
-737 -584
-364 1757
-416 938
-1428 -1860
1483 -626
-298 1146
-2032 -2004
-372 -1446
1610 -915
-1509 2088
-2084 1053
1452 -875
628 1321
1727 -743
1039 1350
-1733 -1961
1988 -1228
-715 -2036
-606 801
-2022 -600
1908 988
-1543 770
-422 383
-967 2087
-1308 -370
-370 776
-869 636
862 2011
-40 356
-360 1708
-1556 1233
2077 -1163
-1391 1640
1459 423
-1355 781
-1884 768
-2078 120
1337 -60
-1140 -1889
-181 -1468
-1308 1423
198 -824
968 -348
-716 -1873
-1497 -1473
-62 938
510 -717
1239 -1769
1391 1623
2044 650
-447 -282
499 1167
1611 495
31 -604
-1672 -1540
-680 -1763
-80 738
1963 -388
1069 1844
1900 672
-1186 -1892
2059 -723
-1518 264
-550 420
1114 -1101
-1813 241
1346 675
-840 144
10 -2085
-1056 -191
1086 1950
-1267 585
1801 958
942 1828
-1791 2078
1425 1398
1624 -497
1794 1649
-805 -924
-1484 1907
2037 558
-1 -1435
326 194
1261 -1153
2075 -1260
1792 1185
1512 -1589
-2085 -432
-452 -678
448 -736
1510 -1334
-1640 -1184
-860 -712
427 1208
260 -2021
-1707 -897
733 743
528 -1225
1182 1075
-1781 -1985
1949 1004
1591 1698
419 1625
1955 -821
823 263
-653 684
-975 -855
-109 2023
1987 1315
722 1826
1833 -1090
306 -877
814 -242
-2005 1569
-97 1734
184 -894
437 1672
-1866 542
-200 625
-2014 1899
-486 -1689
-17 1824
-484 -694
328 -1687
-1858 1901
-910 -941
-1715 -756
1468 273
802 2078
101 -1522
1105 -1309
320 1168
1243 2013
-1907 -1993
-1721 -69
-177 -1595
-1747 1102
-1184 1503
1239 -1101
-1406 1162
-1909 -62
-1992 -416
-1955 -732
669 -1278
-1068 703
-1642 1315
-1267 44
-568 1827
-48 1599
605 -610
-1818 -1285
-554 -1261
1119 2033
-726 -622
-1200 -1004
-345 1390
866 -972
1961 1014
207 -1371
-584 331
-1989 -569
480 1652
-681 569
1736 1080
521 598
-219 -506
901 -33
-160 367
823 -1536
-931 1873
1214 1960
1961 737
432 -1957
-925 -1712
2050 594
-1660 1165
1790 -413
-434 1749
644 -1029
1962 -944
-70 -1006
-1352 -557
558 -535
2048 589
1828 1046
2022 996
-1707 1772
-1106 836
-1716 -887
1538 325
-429 -2044
1300 -307
1188 490
1143 1218
-1132 -174
949 1420
-1977 -1920
-1235 971
-547 1475
-1783 631
572 -1283
-596 -590
369 -531
-68 -1865
1193 1947
-2029 1663
1862 1426
-212 -1031
1811 -1298
-1997 -635
1761 -1730
-1574 1632
1927 -1175
1754 1875
1950 -1605
1560 -864
-1487 -1253
858 -1271
-1573 1683
1901 952
-378 -299
-240 -1931
-266 1197
-1906 -1904
-232 -1928
-1480 -1765
402 26
1342 1103
-433 660
-1443 -977
1910 1101
-772 1968
-1825 1670
152 1999
-1098 1567
-1198 -427
-1531 -1360
-832 -2005
-289 -2049
1692 1382
-773 344
-671 -1285
-92 200
-2038 -854
-1691 -1446
-2057 1284
-1789 -99
-1689 -1631
-1856 512
-1246 556
-1285 531
-308 1899
2061 1652
-1607 454
1494 -913
2056 -97
254 -1570
1513 -645
1543 -1418
-655 -1373
201 1732
1438 -1968
1316 1823
-1671 -1362
1731 -216
1933 1495
1264 -926
998 -1851
-1574 1026
-1513 -1920
730 2089
1530 1314
-614 -1119
1604 -1705
824 1953
-125 -1975
-1671 1568
1062 -114
583 310
432 1492
-843 1078
-1735 -1684
-2010 -737
1586 -82
-607 -379
1631 -651
1742 -2014
765 2066
1863 1066
1630 1888
-1624 -1595
641 1404
1350 -1736
573 957
-352 624
1800 1547
-1210 1017
-393 -823
1552 -588
-185 -1781
-53 411
-1337 327
-641 2024
232 -1865
-1887 -1351
1821 445
166 -1740
-1859 173
650 2088
-1918 1346
1850 -1754
-1985 866
84 -1828
2082 1257
-468 -683
-2089 330
-280 1863
1348 -1775
787 478
-895 2027
-785 1437
-127 -1883
1101 -573
958 949
1673 1368
-1722 -139
1822 -622
-1645 -227
1777 66
-1217 1063
-29 258
-1072 757
-1848 -2059
-1126 105
-972 1579
-1796 1361
1351 1150
-1328 1634
-748 -1306
1045 1955
1560 81
1264 -211
2084 324
-1037 -1301
1344 844
-1332 -1416
-334 -42
-1416 -957
-1185 1734
1419 -27
-1369 -1403
479 -1846
1076 1486
1444 1812
473 1464
943 1034
-1902 1865
-1290 -1180
763 -1693
-135 -1792
-1046 -1857
1776 817
-325 63
885 1828
-1733 162
-1208 -2039
319 959
-777 -1825
532 2056
-894 -1823
1154 -1438
-1773 -211
1270 -1125
58 1202
1568 446
1383 482
-1904 983
-1190 2070
1238 -243
598 -704
1619 342
1021 566
-888 -215
-369 805
-986 177
-982 -2001
-773 2020
1665 652
-921 -1482
-1417 1362
839 1204
-1246 -1399
1185 1776
369 -1587
-260 1830
-5 793
-438 505
1528 -698
-1691 121
1027 2008
-85 1936
903 569
-1746 882
-1320 -1635
1147 -1766
785 -1572
-2049 903
159 942
-263 -2071
-1680 1016
910 -1722
74 0
-115 1928
-1363 -364
287 239
19 412
-624 30
1531 -1547
1245 -928
-1772 -1287
383 1353
1269 -1109
-1004 -1638
776 1337
1321 685
-1346 1123
2069 -1832
-92 -328
-1883 720
1404 -1134
643 -1088
1024 -1133
1963 -675
-103 406
-1921 1109
-589 -1898
1009 1705
226 -1776
290 -1134
1473 0
-1158 860
-2088 -650
