3532 68
-2102 1335
3498 3444
801 2133
-1735 1621
2551 885
-3362 2713
1785 -1347
2709 794
-70 -1491
2053 3037
2151 -3383
1157 3140
-2424 -1801
-3146 -1473
1419 3023
747 -2989
2395 2549
-129 2968
-214 -2459
-1794 -881
3328 -1712
-2836 3318
1651 -903
-2167 2403
671 2637
3253 2690
2613 263
-1502 3251
-2132 654
2166 -2993
-3095 744
2365 2429
-1090 -2418
-2552 3008
544 -1433
-1869 208
991 493
-255 2656
736 2688
-1152 -1739
-873 0
-641 -540
2825 2282
-3471 -846
-44 -1351
-3242 2888
-1356 1681
1890 904
-2970 -2659
3496 3142
3112 -503
1815 -1942
1590 550
3242 1203
-433 3482
-3353 826
-43 -1927
1050 2881
-1633 2721
2417 -727
-2616 -914
1049 1706
-359 419
1673 -2077
-725 3421
-645 3483
-325 2180
-3109 -426
-2620 1727
-1836 448
-1451 -2060
-2692 1747
938 1170
-950 969
3112 -2640
-925 -286
737 1446
3259 -1445
-1372 780
1460 -1487
618 2092
1048 -2270
-3470 -2875
1073 2618
-1284 -2308
-2993 -353
3407 -1734
-2913 3235
-3476 28
-2904 -234
2160 552
-1609 -633
1600 -1256
-353 -1809
-1266 -2836
-3258 -790
499 -185
-1634 -3503
1318 703
-336 399
-1915 2193
-3055 2541
300 -3237
1485 -218
2738 -2378
2870 3075
-1035 -1238
1669 1554
-2402 1476
-2881 -3140
-1210 511
1760 2801
2621 -2154
2068 -335
229 -3440
-3097 2464
-3019 -2494
-1470 2251
3060 -2232
78 -1457
954 -2967
1637 -490
-2313 845
-2061 -1294
-2742 3307
2964 3527
1985 -616
1769 2843
-1018 1322
-2180 -987
-630 -3277
1003 -1917
237 3021
-876 -2676
-571 612
-452 -2858
1924 -2707
879 2784
2023 -2186
-3355 131
1166 -1988
-1843 2171
3038 1003
606 -1979
-1795 2749
1167 523
-394 -161
2914 -189
2553 -974
-53 80
-2308 698
-1655 136
436 742
1115 392
-1279 -1836
-697 404
-1723 1729
-3312 2
-223 327
-2489 -2524
2779 -31
-1933 -754
225 -1527
1817 1190
-1000 -1124
2002 -1593
572 -1877
-1638 -42
754 92
2400 -2063
-42 943
-1541 -2085
2099 -688
-3373 2623
-2640 836
2738 -551
2344 2675
578 2105
-336 -3429
3156 493
1849 -2440
1474 1694
1795 3236
623 -3463
3347 -1797
586 97
-246 1983
404 3497
3124 1964
3078 -2610
1595 -1320
-3447 3287
664 2737
2241 3256
-3193 -1739
-198 2198
-3402 -1995
2264 -2179
1771 271
2662 2580
-1185 503
-1926 2457
3376 1475
-2527 305
3523 707
-610 -2050
-2182 -2671
-2338 1834
2117 -3334
-844 323
3464 -233
3486 -275
3237 -1448
-254 1361
-3516 -235
1112 2747
812 -2273
-2739 -2291
-956 2305
-576 -255
3406 2880
-2677 -1922
-3403 -267
-2684 115
-3442 159
2605 -1479
904 2109
2833 -521
-1013 1656
2851 -1299
-363 -403
3050 -2588
1395 -984
1409 -233
2626 2667
277 -805
-1292 -210
145 811
1405 2712
2849 274
2606 1732
-2736 -881
-586 -1346
-76 -2098
2802 -2116
-892 -1500
2667 -512
156 306
686 -1186
-1790 -2524
2239 637
-2839 464
1284 3267
2295 -722
728 -2881
3408 -1325
3323 277
-3075 -2998
-469 -2412
1731 -163
155 -607
412 277
3352 1834
1091 641
1357 1195
235 -3112
-2961 96
1139 682
-26 -763
882 -2500
2251 -1507
2724 -1283
-3152 2910
3435 -2113
-231 -1960
-1779 -3044
1318 -736
3482 -2322
546 2422
-1575 -770
-288 -827
-2574 199
1145 1540
408 -1530
1371 -2990
-371 -1294
2348 485
3000 768
-457 2251
-2138 1127
1317 1633
3518 1500
2783 -1229
978 2792
848 2015
-1893 -2680
1785 2592
-2334 1159
-2401 -1969
-1293 -2736
-230 2262
2533 -2444
2457 -956
1143 -3068
405 1854
3191 2916
-123 -1507
1803 -1929
2931 3324
-744 -1639
-67 2807
-158 3499
-2940 3467
939 -1278
3269 -336
-1394 -5
1395 -1088
-716 -2262
2589 1967
659 -1823
-2304 -518
326 1107
-3283 859
2694 2507
-1230 -2892
-1815 2326
2181 1166
-2869 312
1813 249
3518 -3130
774 2923
-2207 1048
2011 346
-3112 2053
-1250 -1022
278 2329
-2305 -1092
1464 -2233
-3013 -3381
1769 2270
-2677 2076
2292 2925
2686 2410
-1941 -1295
2156 -3420
3104 2155
1565 3266
-3525 356
-1516 3497
1646 295
2305 -1099
1446 -3134
540 1646
876 -1016
-639 2997
357 2283
2219 -1119
2880 3316
-2833 645
-2120 160
780 -986
-2035 752
3427 -480
-2866 -1218
983 -1607
1834 -1180
491 659
1172 1773
2097 -1702
-2886 801
1373 -1409
554 3402
2960 3526
-1833 2345
-842 1556
3023 -361
-289 483
2556 2827
673 3271
-1617 1027
1602 -3375
-3527 -2061
1276 -2513
3203 -1566
1696 -2141
1891 3285
581 -70
2564 2613
345 739
-2663 1814
-894 1352
1820 -465
-2501 1517
1640 1226
-2929 3442
2720 2898
-570 -403
-1479 107
3253 -1051
470 -3094
-803 -1817
-2907 -2772
2792 -1045
844 -2994
2042 2102
1761 -1581
1142 -213
-2877 -523
713 -887
-2494 -1692
-2790 -2132
4 -770
-3361 972
-2470 -3029
855 114
3375 1625
-2437 248
-2013 -1146
1277 2558
2887 1667
-1190 291
-971 -886
2348 2873
-3484 -2028
-2560 -1309
1422 -543
-1268 1574
254 -1108
2987 -856
-1312 -108
65 1848
-3131 -752
-805 -1907
3470 -1661
1730 -746
1907 723
-1832 1119
-787 355
1705 37
-3014 -1369
1296 -3056
-295 1236
2546 -2298
1387 -2723
-2294 -2699
2512 2045
2134 1049
-326 -2132
650 42
-1431 3043
-144 2879
1717 -1312
-3346 1508
-3527 3186
-1588 -1190
-738 -3461
-722 -2045
-384 -2582
-741 470
-19 -3480
-1399 472
-2257 -97
-1626 906
-85 -762
510 668
1423 -93
1261 -2518
-1394 -2038
-2713 -2363
2371 -310
2282 -2190
-684 84
1835 -120
1404 -1297
2404 -38
-2844 3174
-2733 -581
-185 -2090
-1737 3397
934 -500
-3080 179
2066 2296
2823 -252
1297 -3164
3151 -446
2734 -89
-201 1443
3503 -1216
1689 -631
85 -2183
3509 -884
1430 3253
2782 1473
799 892
-2988 -2373
-1476 -894
-91 -2711
2525 -346
1511 -2623
-1630 287
-227 -920
-436 1751
2693 994
-1165 889
1284 -271
-3449 -2556
2089 1714
-1719 -788
-1990 2209
-1891 942
3511 -11
1613 -1326
-848 -3066
-2704 3053
3137 3349
-2232 3064
-1919 2350
-794 326
2240 2179
2982 2859
-1870 -3134
-3478 2284
797 3178
2980 2910
-3268 2091
-839 1216
-557 -3376
-552 1344
1238 -2645
-3237 338
3386 3223
1156 -3386
3378 347
-1914 -3190
-2004 3403
-2065 1979
3239 2014
-473 -1454
117 2134
-2352 -3246
2489 -2739
2558 2121
1448 1723
3340 2916
1556 3089
2436 -610
-2161 -1838
981 2694
881 -1792
1965 -709
2724 -1319
2733 3125
-1614 -1392
2012 518
-519 -2693
-1000 -1325
857 3187
2036 1686
-1172 2455
-3374 -1473
3323 -1990
2061 3246
-2105 2329
-2802 -1373
-1145 160
1408 -3401
-994 -12
392 2669
-191 -1066
-2169 2832
2755 2247
-341 1899
2826 -952
2602 -703
-124 -1627
2919 2252
1315 -2963
2876 21
2080 107
-947 -2983
-3310 -1303
-3147 -3400
2734 -625
3383 1159
-1007 3147
2245 -2528
-2757 -647
-1392 788
-2742 -1217
1120 2395
-226 1822
2988 -1059
-1828 2823
-3182 -1906
-98 646
-508 -851
-1274 -3076
2825 139
-2910 561
-3480 759
-2661 -2774
3458 2984
960 -269
905 1935
-688 -948
-3172 -3394
-1077 -2420
-1968 187
3236 1626
-988 -892
2713 3017
-1169 -2516
295 2258
-2653 2890
-2483 -3078
-3266 -497
1549 2231
-903 -1949
1759 2536
3016 -52
2121 2816
-987 -18
-3528 1475
-1239 -2809
-232 -2883
-3327 1203
1068 -2021
-2675 -2736
-65 425
-3406 -2168
2379 -2575
3264 2136
-2258 2317
-2671 1686
3516 1071
1367 578
-151 -700
-2085 -3502
1985 -1981
1353 -2424
-2893 -331
85 1456
-559 3306
-729 26
418 3506
1565 -2291
-3394 2504
1551 -235
34 -286
-667 -416
1918 -2910
2037 8
-3080 2920
1054 -2604
-813 -119
2499 1593
2458 2543
-2688 -1154
-2402 984
3080 3430
564 -863
-251 -700
-1783 471
124 104
-982 1341
-285 -2609
2099 2448
3461 1417
2120 2474
-756 2404
1374 3240
-3522 1660
1093 -2304
1302 1177
3256 -340
-2805 2281
454 -816
2436 -2141
2572 -823
2412 2344
-889 805
2234 1353
-758 1336
1137 1598
-2286 2194
3255 59
-2056 27
2871 -939
-3513 -486
-2807 -2397
-971 -1230
226 3121
1076 -1945
2752 2129
444 671
-3427 871
21 -2186
2495 -3305
-2416 -2516
2153 -2257
-1609 97
2556 -2670
-543 -524
2686 557
699 288
1117 3331
-2616 3351
2775 -1646
-848 -2142
2353 2856
-2095 2174
757 2416
2124 1994
1030 2108
-2270 -3175
-2143 1482
-2353 240
-2851 -3190
2251 -2848
3417 2799
3149 -1873
-985 -3041
634 2230
3442 -1298
261 1963
-1330 2669
-2225 -1545
-885 -2306
-3106 2179
3269 1411
-572 1651
-250 -1959
-303 -1293
-346 3143
-391 2126
-279 420
-1137 -2881
-2515 -3530
-734 3345
1170 -975
-2954 -1006
-1252 2671
1461 -1331
-1163 -2720
-2838 -970
-2825 -359
-2999 1136
-2709 3387
157 -868
3526 -243
-2695 -2180
1678 3444
-1113 -2829
-393 2552
3270 -3287
1018 289
-1664 -2294
2155 785
-1523 -169
3388 3152
540 -2394
-2585 -21
269 -880
-2554 229
-3384 3083
2551 -2018
380 -1894
-2566 -1172
2169 -2009
2849 35
-1499 133
-2801 -2842
-1805 -3468
-1234 -527
-2461 634
1790 -2716
-869 -3384
419 -2425
1207 2206
-3466 546
1212 -1307
-2440 -2795
-1202 181
-2728 -2039
2101 -1826
1571 -1276
-2922 -822
-602 -2914
-1024 -3269
454 -879
-3532 -480
-145 1088
-717 3459
350 -972
-167 -2405
1641 -2414
2679 1610
173 1996
345 2189
1217 -1212
-484 2828
1202 896
566 -2832
-2025 1250
-1965 3012
1934 291
-184 -397
658 1094
-1829 -291
3362 -1806
1615 -3220
1649 -2779
-2169 -90
-3185 2180
-1430 -2968
-1561 -2766
718 -1302
-1254 2493
-41 -2299
2714 -2133
-766 -1806
362 -3506
-1404 -2297
1179 3447
-3181 3345
-1773 200
-3159 -1832
-2919 2014
-3126 -2902
2798 -1804
845 2273
-2148 241
1979 1209
3477 3243
439 2435
-2087 1014
3308 -2447
-2450 -344
-1272 -3254
-2212 -3349
2737 -1635
2823 2673
-1919 -1401
1144 1130
2164 44
2240 -1501
2014 2298
-1055 2701
3073 -2668
3499 2575
2356 -1860
2950 2575
-1106 -1281
-750 2195
2672 2816
2674 -494
732 1695
626 2398
-2077 -2817
-897 1088
-1220 1128
-1850 580
-2286 -549
2972 2305
704 2494
-1767 1976
1907 3313
191 -735
-1480 -1236
2761 -2591
1309 -1953
2835 -3064
2603 -2835
187 405
783 -3333
-2032 -2050
2286 -445
-3443 -2681
588 -1314
1134 1820
-1433 2843
3145 1234
491 -2155
-1778 -1521
863 1407
2799 1557
-3484 621
1035 -2573
2970 2356
2106 53
-2098 1845
-3306 -518
1125 425
1252 -50
-3274 3189
3149 2913
-2834 -2795
1904 2084
-2540 2390
-1366 -2993
-2600 -431
473 3486
-2251 675
539 -2078
-3159 1273
-3083 -1520
-916 1720
-3083 306
337 1178
-285 1801
2815 -418
-2319 3153
-1167 3300
-2070 -3052
-1801 3479
1851 2569
-1434 3243
-1449 -768
-3258 1886
3034 467
2958 3199
19 3375
711 -285
2012 970
558 964
-1968 -2637
601 2371
-593 2421
3272 1969
-1953 2467
3220 3371
2032 -2338
3067 1806
-2607 -1149
564 -1851
-2266 2492
-693 2666
-2121 -858
-2160 2807
-1778 -3020
-830 -2140
-3193 1129
2386 3036
1633 -303
1752 -689
2520 -1580
1093 -720
1714 558
3089 -1224
-647 114
1723 3048
-498 3352
2569 1775
-957 1873
514 -3195
-172 -3454
177 -2812
1706 -3388
-1047 932
-3201 110
1192 2079
2269 -415
572 -3188
1971 2796
-2110 -999
-2465 2789
1305 -2199
-1213 2366
-869 914
-3224 -2677
-2436 -3054
287 -3154
2284 2989
2484 1008
1987 3449
1428 2469
2423 50
-1920 1484
-1956 168
1381 -1449
-3171 -1937
1620 -2542
-2464 991
3263 -1637
-107 -221
3128 -2088
-3040 -1874
-1344 3264
-1 70
-630 -3243
1956 -2900
420 2706
-2392 -757
-1577 2712
-2958 -119
1389 -1163
2670 3085
-1184 -2961
-1117 -1405
-1198 -2662
3394 -2846
3301 -782
-3269 2906
-63 -259
1199 1947
-2189 -687
-3088 -3172
2375 3059
1870 3387
-1244 615
3351 2633
2307 -1089
2054 -2112
2694 -2081
-605 -2248
1109 -1407
-3187 2443
-1101 1199
-465 -1849
2733 -9
3371 -2130
-235 2680
2720 -603
1405 10
-1789 1041
-2173 -1979
-2236 543
-2449 488
-701 568
33 2217
-3062 3447
-1232 1754
-101 -3013
2544 3471
297 840
-1607 -1301
-3090 397
2033 3348
-504 -2019
392 3515
2814 -1386
-1278 -2977
3278 1675
-1128 -614
-896 2499
-2656 -1838
2440 805
-2093 432
-1068 -2722
-3451 2569
-1429 3112
2873 1122
-1932 570
-2672 -3216
-471 -3463
2322 -1388
2522 773
-1658 -755
2800 1733
-932 3439
1102 -2877
3497 -796
3225 -1468
-760 -1400
1380 -2546
-2267 -827
-1937 -213
2624 223
2680 -1980
-2687 719
3129 212
1851 1351
2901 2321
2306 3066
533 -2590
2110 490
-2952 -2489
-1110 2210
-2271 -3497
2640 -217
630 2364
-2810 3407
-2213 1423
1222 446
347 2611
-254 -2844
-1136 3525
1860 -3370
1838 -3401
1497 -3477
960 2472
-3240 -2408
-770 3262
-1362 -2063
1577 -220
-2483 3100
-2267 118
-1903 2775
-2365 1492
786 -2859
3032 -2876
-177 -1567
1948 757
955 -1447
2703 -2240
-2377 319
2564 -2952
669 -107
64 -461
1397 2356
-2137 -432
2860 275
-2566 716
-1681 -1080
2554 -2535
-3233 -3136
1524 -3286
3205 2732
3452 -2203
1474 2519
2069 -805
-2867 2303
-1401 -994
1742 -2488
-1248 486
2174 -2203
-2314 -337
-329 2640
2212 728
3476 -880
933 -3081
616 506
1506 -75
-652 -3381
-2936 -3089
2629 -2406
2625 3093
-2427 2882
-326 1500
-89 -2554
1268 1594
2960 -1773
3409 -496
726 1800
-2991 619
-2912 810
114 211
246 -3342
2335 2928
201 2740
350 1950
62 1884
232 -3441
2124 236
530 -2688
756 120
-9 2958
277 -2639
1852 -2880
-404 -2823
604 2926
2533 -2746
-3125 3236
2848 -2103
1894 -3189
-1604 2667
2144 32
1879 -2588
3503 2966
-2233 1457
1613 -1068
-129 1807
-2140 -3313
2222 658
-1724 -1400
-2614 -2904
-157 -3053
2163 -2565
-602 1893
2911 -1410
1832 1417
-10 -1463
3059 -2225
-1688 2676
1740 1946
-3412 3315
-2118 -1129
1482 -3506
-167 3001
3416 1070
3171 520
181 -1223
-1593 -2595
3469 1372
987 -574
2395 153
3273 -255
1813 -94
2836 -2492
73 463
-556 2630
172 -1673
2771 -842
-1238 -137
3321 -3084
1153 -1365
2682 -2316
3307 1616
-3514 58
1555 2765
-669 2917
-840 232
1191 -2718
-3377 697
1375 -2262
-2253 2645
3119 1005
-1820 1798
-217 2949
-678 3342
2332 -1046
651 -3246
-3507 2892
-1626 -1667
-584 843
2611 -1059
-2784 -112
2535 538
505 -2515
-1503 -601
-2933 1424
-2769 3482
232 -1198
2542 795
-2439 1180
342 3375
-678 2268
-17 2833
-2664 1170
-2844 -521
-2862 -727
2129 -2675
-1994 -392
1428 -2876
-413 3390
-2612 -427
2182 -1901
-2371 -186
1427 -749
1909 -583
-1191 -422
2618 -3037
-3081 -644
2675 1621
-3365 -2260
3091 1146
2497 481
394 1509
-1447 200
-1574 2030
2751 -2797
-1466 1803
2821 1127
2814 25
-3065 3433
-456 1228
3172 -3199
2656 -2246
-2572 1326
2385 -267
850 122
1346 -439
-50 2491
3436 825
-1574 -2888
-893 3219
3013 2271
-235 3446
-3507 -1075
2636 728
1343 2257
-1929 -1733
-135 3089
3525 -2546
2567 -1384
1617 2952
2071 -1154
2536 -35
-3377 2979
2791 3317
1980 -1966
-896 -1864
-2091 -2702
374 -584
150 1262
1534 -3365
-2478 2196
-1384 2117
-1699 -3026
-2456 1601
-216 2225
2839 -1346
3448 944
1883 848
-3456 2675
2984 3515
-1337 406
-1536 -729
-207 -3406
-2266 -416
-1380 652
2554 691
-151 2499
-2518 1180
2736 -218
1274 -2647
2791 1904
-2469 -2096
2318 335
3415 949
3479 -623
-938 1726
340 2302
802 -243
-1714 -2105
-2301 1306
-612 2267
2897 -290
-1069 487
1206 1073
2954 -3233
-2287 269
-3450 -1801
-1160 2753
1595 348
2636 615
-2177 -543
-1619 -2325
-824 -1699
3292 -2491
2192 2445
2599 -1318
-2812 3068
324 -383
-253 3362
1247 -719
3434 2090
2550 -1776
2353 908
-1232 -1085
1471 295
1448 261
-1202 -158
237 3403
229 67
1686 1669
-2032 -3478
-1566 -33
2519 -2894
-3491 998
1758 2543
-1575 -835
1249 3181
-421 1410
-1528 -3048
2865 416
-1679 2903
1222 3140
515 -2102
1583 2245
-440 1345
1090 -1807
-3235 -1752
-3470 2897
-350 -1951
204 1373
1009 2275
1646 2363
3236 2167
794 -846
-600 2393
-2859 2586
2496 2073
2401 298
-3010 3266
2995 137
2190 -83
2394 1377
660 2546
769 -2802
-2358 -3027
2235 -1759
1438 -1744
-2754 -617
1130 -172
-624 1461
1524 1907
-1221 3504
2327 1716
43 -707
-2208 2375
833 -1881
-2926 1419
1896 732
-845 -2024
2635 875
-1821 2514
-1901 -2255
-1912 1251
1988 1845
2971 -2933
1812 1940
-1375 3176
1930 1627
1982 631
-2074 1295
-1294 -840
-433 -3080
483 1258
-557 -186
-1777 2872
-562 3366
-2538 -2335
-1770 3035
2069 -618
1597 -799
920 -31
2839 1409
-815 -2725
430 2045
-3396 3214
-2649 455
-549 -447
258 347
3362 -2168
681 762
-2411 33
-3416 -2443
1262 2753
-1284 -346
1309 -3517
-593 360
-1537 -2985
2024 2610
1663 319
2500 1232
-2928 -141
-1828 2849
521 848
778 2707
1510 -1827
-1711 -1165
-1189 -1672
-2112 -2764
287 708
-3177 -3280
-99 -746
-1479 -2755
254 -2630
-2062 -2207
3356 -1117
3318 3531
931 3477
-2472 -1097
-1225 1754
-604 211
-1601 2724
2418 -2599
-278 -3079
-3482 440
933 597
-156 -3112
2603 2142
-1061 -2622
1081 -3079
705 -3403
-2764 557
-881 387
-74 2594
866 -3351
-2206 2069
1086 -1971
2819 -1654
950 -1744
1972 523
-3379 1301
57 955
313 -741
-3022 2748
-2516 -1681
-3271 -3156
514 -3339
2016 -1142
-2754 -2045
-372 2870
2575 3388
2611 2763
-1600 1460
1539 952
3279 3260
429 3002
2157 -3286
1814 -1687
2410 2644
3126 -1323
2566 -1205
-695 -2569
-1756 156
-552 -1878
2200 -1337
562 -1632
-717 -761
-634 1093
941 1331
-1459 -2856
-2244 -327
-3504 2116
-3288 145
2397 388
1289 -2010
1221 -1657
2615 -79
-692 3225
1997 2559
-1666 -2432
-1799 3119
1554 2525
2926 3473
-240 -46
-2239 -3421
2932 -165
3421 2975
-3189 3341
705 1492
-2896 -1590
896 -2688
123 2081
2637 -2908
912 127
2398 351
2059 -2044
3003 -1338
2747 -1541
3247 764
-2550 1222
-3392 468
923 -2301
3013 2954
-3400 -2791
-6 2090
-1415 1183
1752 1026
-3471 -27
-105 3189
-1794 -1160
1563 -1218
-2099 -526
1011 2974
-586 -2261
-1769 3289
326 -1710
-3474 -390
-378 904
719 3246
-2408 -2657
1865 -2753
-406 1741
-2039 -2584
2701 -1548
393 1137
436 3148
1231 -200
-292 558
-3483 3066
3165 -1287
-2770 2588
-1573 -2143
2736 2934
1280 -2487
2447 1828
1195 -3477
3467 -2281
567 1985
-934 -1313
2361 1056
-450 -2419
586 1198
-2965 -1399
2455 -3378
887 -3006
-3425 -3327
-332 1504
1155 -2463
-3109 -3459
-3283 -1917
3000 2917
795 463
-13 -2898
-1820 1019
-3220 -209
2302 2386
2487 2102
-1878 -3314
3523 -662
-915 -2665
2677 2184
808 1440
-1658 1637
3017 2743
-3190 -837
-3143 1831
1874 -533
-3040 -1420
-919 -1109
-525 -1698
-2406 -112
877 -3147
1953 2962
-3331 3203
2879 -211
-2819 1433
-2191 -2526
-3454 -702
-638 -1297
-314 -2955
469 -1227
-825 -2213
-511 3166
527 -1992
-1497 877
-2682 -2328
-1010 -790
-874 -1255
3083 137
-2455 1054
-3444 2243
-697 1431
2949 383
-2633 877
-2841 -3372
-1775 829
3527 365
-996 -1993
1148 183
-705 3253
-2282 -1248
67 1536
3277 1973
-1072 -2202
3217 2538
1260 -825
-290 -895
-788 2445
33 1302
2802 -3462
3079 -1028
1711 2008
425 -1041
-2559 3182
162 935
-2388 3187
82 1907
1492 -872
-2153 -871
-3003 -223
1508 3198
-2026 2912
-3094 2740
-2427 1077
-452 -2677
2216 -581
851 -1747
-2435 -2767
-3294 3404
-846 -3090
-2969 3339
-780 -1663
2854 3461
1519 94
-1731 -2801
1234 1007
1828 -3487
1549 1365
-1759 -2496
3435 -1399
2813 -2456
2044 243
-3225 1258
-3099 -2580
-493 -2580
-517 1539
-209 -575
-2221 1743
-2941 -3105
528 1909
2979 1408
2857 2201
-3434 1069
-2280 -3282
-2961 1105
1715 -84
1236 -3162
-2238 2395
1576 1078
-3094 2085
10 653
2383 3492
-2096 -2240
-1637 -940
-931 3269
-2874 2849
-2696 -2411
-3076 -1560
-246 -966
-1753 -2790
-3454 169
-1619 2302
2205 957
-792 3250
3522 2534
-2351 490
-1732 1674
-1641 -1922
235 2050
346 547
1195 -2285
-1547 -2769
-3189 656
1307 9
-3518 -1464
3466 3113
1787 2973
1111 3076
2693 -2108
668 1225
1952 -1761
2691 -2257
-2777 3423
2585 2346
1324 -1467
-657 -1424
-1376 2746
187 3420
-2868 3486
-1381 -1302
-3394 1814
874 -1068
3002 -2404
672 2402
497 2691
-2808 -3519
-2271 824
2670 -1800
-2041 -666
-2355 -2384
2054 3251
3469 3254
-2952 -2625
1175 2864
-2813 2616
1361 2124
1337 -3265
-2738 629
-1836 -43
-142 1510
-1096 -1510
-3043 -1828
-2740 155
-410 -3009
1926 -2608
-214 -2899
3372 -2933
3024 2711
2958 2912
2396 3134
1747 3204
-3395 1672
-3042 -3164
-3280 2773
3497 1368
1601 1303
-465 3105
-1628 -2401
-1674 -189
1826 -446
2742 -2582
2953 -2182
461 -2575
-3061 -1282
1236 1664
1273 -2322
-2852 175
-429 33
-567 -441
-369 2506
-2014 -2494
1848 2602
-1538 949
2135 475
0 -2198
-1839 2185
1116 -2903
-2756 3172
-3074 -3119
2162 -2482
-3140 1569
2057 2334
2305 -3387
-2452 66
2888 1383
2030 2872
2796 3133
-440 139
3171 1418
1988 -124
1858 -1439
-2861 3419
-888 2639
485 -1045
2119 -1205
-2958 -2142
2234 -2947
3484 -3243
-2418 1979
-901 1545
1995 -1847
-2787 1526
2753 465
-3473 -669
-234 -3472
-2862 2898
3043 -2779
36 838
2103 -1928
-483 3267
978 -87
-1476 -240
-1037 3532
-2849 -3023
-2921 -1512
2109 -854
605 -942
-2882 2310
-1953 -3057
474 2252
-1799 2777
2187 -2173
2379 3343
2586 3259
-2311 363
-1291 3104
-2589 29
-3518 -2324
-2024 -2955
3019 1389
-2102 2096
-388 -589
-3104 -2489
-14 1947
-3473 -2961
690 746
-2572 1611
-2704 1849
952 -2771
-1503 2261
-2037 -1471
-1176 63
-1973 -2992
836 -2458
-1358 -2024
195 -2109
82 361
-1651 1574
1597 -2167
-278 -2482
3022 -1858
-2646 263
1159 3331
-491 -2431
2243 -1227
-794 2548
2450 586
-2970 -2758
-248 2942
-222 -2717
1479 1542
-19 2729
-1991 -2254
2236 46
-1867 -2092
-373 1957
858 -2155
87 123
2205 3029
-1851 1977
2581 -1575
-200 433
-3089 -2230
-475 -3179
-2982 721
-1317 -3229
2110 1406
-1389 377
-2632 -2832
-2429 -1821
-1420 1738
3441 -1758
-2499 3205
3486 -825
-3227 2822
3487 -1126
250 591
-666 -2953
-3108 -2514
-919 1590
3374 2821
3109 819
-3071 1914
-3123 2738
826 1251
3529 -1078
-288 -11
-2631 -890
2262 -1950
2942 -2421
-2204 -575
-1568 141
450 -2345
3251 -3076
-1528 1885
1229 3429
1869 1786
445 -1522
2053 -2269
-2428 -997
2857 -3053
967 1036
3413 1090
1038 447
179 1044
545 -2562
594 394
17 1202
-3352 1860
732 -139
-941 2582
467 3411
-3416 -1485
-1169 2724
358 -242
-2472 789
-1068 2020
-2206 2001
-2486 2602
-566 -2071
-2655 -504
-2464 2880
749 -1672
-3154 -100
71 -2214
1084 530
-1298 -1544
-138 -1906
-1296 299
1289 -3089
1663 -2725
-1561 -872
-472 -1288
-2277 1839
3496 -3297
-2857 468
2949 -3204
707 -1123
1350 2471
1763 -3474
-2545 -3332
2660 -2026
3527 -1939
-1896 1701
-1935 2889
51 -1354
2718 -1999
-572 75
-2469 -870
1579 2135
2025 -2848
1077 -3304
2641 -889
-2988 1820
-1629 -2040
-2934 506
1751 1338
-425 -2647
-778 3316
-1065 -1078
2672 -1763
-861 206
222 -3298
1954 2870
-2945 1831
45 2739
-2912 -1846
1584 -366
2504 -1138
3219 478
-3300 365
-2101 -2372
-1641 685
583 -1870
2504 -1725
2922 2477
2198 -3275
-2493 -219
-3292 -3522
-2051 3492
-2624 -1291
-287 -3327
-2795 -3189
-3117 -2247
-2850 143
-1756 3499
-2558 2106
2341 -792
877 17
2815 -1775
3271 -878
120 -1826
-3181 -1844
-1757 -750
-477 3383
-1624 303
-3226 -705
3491 743
2161 -397
-1793 305
-2871 -399
-2422 2877
-2036 2789
-1442 -3347
-1139 275
2392 3045
1796 1301
-1896 -2226
2620 11
1718 -1929
-3038 -2616
-2332 223
-99 -2120
-691 -1740
836 -3269
2615 2833
-2584 -2405
-721 957
-990 -2465
2740 -2362
839 3469
1319 1796
259 -429
1032 -3347
825 2121
-1188 -2604
-2403 -1013
-1761 -1433
1575 309
-87 -401
8 1004
1356 -176
-2440 -1491
2473 2320
1480 -1914
-2131 2085
-3448 1989
2656 -3062
1197 2170
1269 -2264
20 1422
-179 1164
3138 749
1658 -141
2489 2988
-3019 61
3311 -2636
2553 -207
-714 -2120
459 -1481
-1928 -232
2292 -2518
3124 1009
-158 2856
1579 -1879
2154 -952
228 2104
2654 -1595
-2509 2992
257 -1370
-2531 -2610
1555 -3369
-2759 -801
-2140 -2503
-791 -1015
-1733 1448
1368 -365
-313 -609
-410 1447
-418 488
2639 -1916
1011 -2670
-3026 2107
-801 2223
-2242 -2964
1776 -1238
2279 -2696
-2772 3130
1583 1689
-1614 2778
-3231 -762
422 -2815
2166 -2495
2210 -3179
-3235 336
-1333 -1156
-3002 785
-2751 2372
-3415 736
545 -2818
1808 -1553
2972 -3412
2109 -2756
2471 -925
-2900 2852
151 158
1038 -3331
712 -2947
-1920 -645
-155 377
1259 -3487
-1314 2351
-2830 2244
2208 -3209
1592 2698
-3084 3042
-1050 594
407 -3202
-391 1460
-2377 3091
-1739 -328
150 3285
2485 -3295
-3352 564
937 -785
-2941 -1707
-2131 1521
1002 -509
-1769 -1864
-1077 3040
224 -1936
-2743 2991
610 3466
1063 -3395
2833 -835
-89 -3382
-2670 582
708 1571
3265 2048
3086 113
610 1698
-771 -2833
1328 3300
727 2678
16 1282
-2781 -1738
-2142 1174
2507 -1772
1823 -452
-868 -2543
2184 1341
-3424 2384
2276 -1257
-2819 936
-2394 993
3292 -3443
1652 -2973
340 1481
-779 2509
-1304 -1966
1035 1022
2926 -2816
-2194 803
1940 -612
2817 -1201
-853 972
-1530 -1816
-2956 -1779
-2335 1303
-1631 3028
-1472 3317
2928 -831
-1853 -977
1965 3513
285 526
3101 -1856
-2653 -764
2584 -2341
-112 -2985
-2197 1718
-3372 -3223
-2319 -3523
1881 2323
-3289 -3249
-2968 -1849
-1938 1241
1372 2943
-1615 -751
-1335 -3389
1561 215
-968 1347
-3063 -1398
3508 501
-739 3500
583 63
-191 1561
692 -3101
3484 353
2202 3245
1989 -1505
-1288 -3028
-238 144
-792 3113
-2733 -643
-2715 -1142
-3347 -2095
-422 -1598
-1613 2172
-1114 -984
-3127 -779
761 -103
-2138 -2455
-730 -750
-2937 -2061
1812 3280
1498 -1931
-622 -2159
-460 1591
1220 3442
-1113 -1555
1153 -73
-2391 -693
1043 -3516
-1630 -3423
-2808 339
-201 3454
-2279 2127
-2014 -1692
-3395 -1370
2352 -383
2993 2810
1484 1155
307 -2444
-210 3245
114 -447
-772 514
-112 -2898
2255 3504
-1260 2233
-2362 -2547
-812 3347
2145 -3253
-197 -1486
-1249 -158
-892 -3170
1967 2759
-3217 -1930
-662 1050
-2019 -1371
-1021 -1494
-1912 -2090
-3383 1188
-1139 -2323
-1267 -1444
-367 -850
2087 -1615
-1276 -2479
-2859 2206
283 1274
-1764 -796
-2813 1345
-21 2652
3265 -3328
-1709 2956
-504 -574
-1026 -782
2821 -2071
2207 -3395
-477 -1602
-1935 1084
1459 1029
-722 3139
741 2073
-1485 2838
-2478 -308
2416 842
-3156 -1275
-3137 721
3493 582
-1771 -150
2855 1552
-1396 2703
-2221 2218
2004 -3118
-1754 3409
3086 -1212
2924 2802
1344 -1043
-1031 2231
3099 1083
-2031 2988
1133 -1789
-125 -1267
-384 -2179
1859 -396
-3427 -2124
3495 -2404
3423 -2752
-2556 -1633
-77 2528
-707 3212
2644 -3445
128 2858
1692 1586
1436 -3502
398 -50
1834 -1465
3257 2818
224 -3020
-3367 -1194
-658 -2360
2828 -2812
1894 -2103
1145 3315
2307 -1828
-2879 -3126
2800 -1679
-3210 -634
1476 2311
-944 3112
-762 333
-472 2851
-3280 -548
2334 1057
-256 3451
-2773 2386
3235 1131
1148 -910
-3121 -695
330 -1598
1053 1448
-862 2051
1216 -1083
1174 -1375
-1004 -1365
-2657 3201
-2990 -2125
1824 2723
-850 -1886
282 1206
2817 -388
417 -3
-2298 2771
2083 208
2975 2174
-980 1931
-1035 2398
-748 1533
-419 -2756
2445 -2487
-1876 2845
2714 1970
-1773 2687
-1545 -2143
2521 335
-3429 603
3373 2165
3104 -1287
-2999 2610
-1017 1887
3511 -1574
-1735 1024
858 -2182
-3349 1155
-817 1426
2165 553
-493 289
-1287 2887
597 598
-978 -3194
548 -1394
2541 -405
-2673 3230
1168 -121
660 -974
-434 2116
1715 -215
58 1730
-153 522
-1663 1786
3220 -3339
-1132 -236
-3475 -2715
1225 -2511
2846 -2648
-909 2932
-994 3290
1571 290
451 3157
1332 3235
-107 3206
3129 756
-801 -2693
1291 -122
2437 2626
-2956 3289
-290 370
1725 -899
-1894 2160
3151 3114
-1894 1229
2965 -2802
2832 -1814
1943 -1716
3480 -667
2523 -2944
-3254 3424
1461 -1332
3257 3505
-2628 -2762
-280 -58
3352 1844
2146 1378
-2227 2495
3283 2123
3422 -151
2699 -2205
-1523 1014
-3114 -1524
666 -2525
1846 2157
1224 2038
2171 -140
218 3356
574 3325
315 -3482
1049 2353
1498 2727
1406 1927
3353 -809
166 739
-980 -72
3264 -1118
-1924 -2951
2889 -178
1650 -2194
1209 440
-2216 -1771
-448 -2370
-3466 -3268
-3035 745
-735 -1803
-2332 2859
-698 86
2505 2965
-1438 1570
2925 1404
3035 -2425
-3270 1255
-3477 -3366
-2006 -2994
338 3221
-1012 2711
553 -1203
1097 946
3305 -1215
-192 -1564
3128 3458
-168 3190
809 -183
3133 -1673
-3163 2764
1865 368
-571 1142
-1704 3008
2140 3084
-3334 -1584
2079 -813
-915 928
1912 3458
1312 -3508
3393 2777
217 77
1410 -2501
-3367 2888
-2642 2131
876 1978
3250 791
-1204 1190
-3075 2636
-1957 3117
657 -54
1186 -2761
-1855 -180
143 148
-2515 -2455
-2708 -3303
2895 -499
-1271 869
901 846
-3024 3158
-1495 -1409
504 -3346
-669 1957
2877 2586
-3261 -1471
-3007 -1043
-3408 -2660
-104 2850
-2411 1434
-1880 1063
-2892 -3259
1623 -3512
3327 715
88 2011
-3419 1507
1196 2002
-905 -2511
-1166 3229
-3409 -1796
1115 987
-2006 -3532
-1112 2300
-1219 -2109
2850 -2565
3475 288
-3036 28
1291 -381
3088 392
2063 2426
180 -927
-961 2893
-2097 -1343
-642 81
-613 795
-1347 -3304
96 -1191
1747 665
-1056 1546
-1975 2972
34 -1524
-1094 -3372
-891 3064
-966 -1438
-3016 -1001
-724 3038
-3211 -139
-2705 396
297 876
597 -1640
217 -789
-2671 -1496
3038 1924
2594 622
-2770 1740
-992 -319
-1620 -2929
-1559 3378
2485 -2642
-2726 2932
-1197 -3459
-1581 -3470
1688 2435
1917 1385
-2666 -989
770 133
653 2098
3097 698
-3373 -1841
-3177 -3379
752 -1705
804 -739
2476 1296
2856 2964
689 3115
2408 -3324
2613 283
-2701 550
397 1764
233 -1189
-2602 -58
-1514 -1157
2701 1176
3421 725
108 1387
826 780
-3425 3075
1888 2158
292 -1755
-2024 -3203
-22 -3219
-1161 -113
1426 -2999
-206 -2046
3229 767
2683 3190
-1032 3054
3385 -1044
-2758 497
-2076 -683
405 2697
2253 310
2976 -2306
478 -3375
-1832 -2599
-451 -3021
2878 1465
412 -2781
-3173 -867
-2593 3225
3512 1362
2413 -2421
3097 -2358
1089 2389
-426 2796
-2674 450
1784 -2815
-654 -2304
2826 -148
1516 -3390
642 -2695
-3512 3063
-2823 2593
3110 -246
-3165 2198
2164 3165
-3232 2524
-2987 2454
-2070 3358
-3444 -1886
1681 2456
3142 2780
-3139 2635
3095 -2043
-2030 802
-787 -1012
-609 697
3310 -1186
796 -1778
2698 -1862
-2436 1310
376 -777
1514 -1451
759 -407
-2175 547
-1492 -2646
-3500 1962
-131 -475
90 407
-1540 -2665
777 1241
1433 -1510
1644 3510
202 -1931
-3221 -302
-2630 -266
-166 3511
2878 -1758
-2812 658
2938 -1233
-3097 -3022
-253 1634
3393 975
1412 -1213
1787 2068
68 2157
2710 963
-33 1001
-2558 -1061
3195 -2013
3076 1239
-1457 1833
3515 -1408
1519 -1537
-3422 -2078
328 1267
-3483 94
3130 952
8 321
537 3255
506 -3177
-1675 -149
1815 1289
-3347 692
-3188 1021
757 -1030
-3261 2063
1748 -1836
95 -2355
-692 272
410 3248
2789 292
1833 2559
-1208 -146
3160 3086
2886 725
-2312 3028
3474 -316
-3033 2312
273 -1770
-1248 2790
-73 -3475
1534 -2645
-2969 1273
-2243 3173
3058 348
3106 668
2137 606
1272 -2280
118 1516
1002 2106
1976 2972
1546 2160
737 1570
-1673 -1250
1849 -1705
-382 1598
-180 676
-2642 -2467
-1339 1597
3363 -1845
2822 3107
2740 753
-2918 -1639
3106 -683
698 15
-3037 -1874
-2233 2536
202 -1989
-1348 2980
-2007 1424
3139 -557
2425 153
-544 -3050
2010 -3320
-540 -1450
2886 978
-783 -3092
-2913 450
767 2728
-1665 1973
1582 812
2565 -2615
-2484 2624
-2552 3139
-1592 3083
1440 -905
1846 -2197
848 1788
3233 -2995
1805 322
1356 -2419
3303 -1508
736 -2824
698 1043
2063 1162
2566 2690
1152 1401
-726 -929
1774 -395
3152 2512
-768 2083
-2658 -2311
-2636 3273
-3268 820
-103 361
-1296 243
3442 2145
421 -2681
-3460 373
2180 2587
3230 -2866
2221 -3352
-1536 2841
557 1469
-2921 -1981
-1677 3464
-1011 2480
-453 -3476
906 3386
3205 2440
2368 -2398
-2029 -2724
3064 -965
3399 2012
1989 -2855
-1266 3319
-2207 -2247
231 2914
-1381 3411
-2837 1322
-25 1388
449 -2280
2641 -2260
2037 -2596
1729 -2762
-1566 1821
2026 -1881
-1819 -3406
-2919 331
1837 -1786
2547 2334
-1084 1347
-3526 529
-1320 -608
3001 -2044
1514 1466
-1027 -1846
1181 -3389
1051 -3384
3429 -1554
-3131 -2064
1297 -3408
1427 122
-3396 2598
984 1829
2863 2165
2555 2822
-330 2853
-2245 -2939
-3469 -1461
-2075 -2853
-985 692
-2765 2359
-2907 -2088
-1895 1800
790 2599
-252 677
-1193 2739
-2979 2954
-51 -3105
-1016 -2910
2487 1297
-1122 3001
885 -759
381 -2052
2653 -526
2744 -1994
-1337 -3184
-3429 1529
-1424 2659
3334 -2272
1367 2720
2283 297
2005 -45
1586 2232
108 1
-3474 3451
552 -506
1328 -1937
2573 -2626
52 819
1313 -2907
256 -572
-1256 -201
788 3203
-3446 3118
-2569 964
946 3298
1138 1443
-2700 3510
503 -784
2536 -1652
-2134 2318
-2047 -1664
-1657 852
2119 254
2884 883
-481 676
-342 3339
2351 842
2148 -1943
-2375 -1496
2872 -2571
-3448 2630
3284 2772
-2309 3249
3208 2542
-2590 789
-605 -360
-2822 1578
-1062 -1877
-3391 593
1516 2328
-2539 -621
1192 -1497
373 226
-2466 1568
2836 4
2717 -3070
-870 1490
1560 710
-2874 -2181
1406 -1869
2900 -1674
1220 -2643
591 714
1458 -2986
-800 1917
2558 2929
2192 2001
-1989 539
561 -148
1151 1726
-2522 -2040
104 362
-739 929
-2227 128
-1330 2209
2757 -503
-2626 -2564
-172 1225
-1143 111
-811 -369
1883 2696
-3459 -865
-3315 -749
3294 1488
-643 911
779 1899
3294 2434
3485 2246
3251 3511
-3509 1305
2077 -1873
3524 3118
-1572 -920
222 427
-2589 2598
-466 2875
-1801 -733
-2620 2139
-757 -725
3345 3428
-1021 1518
-940 -845
2089 2685
1643 -1767
-3443 -1019
-1866 -314
3293 -60
-1815 2775
200 -3430
-54 2991
2287 -1464
-3522 -2664
2050 2183
-2711 2005
-2529 1795
1117 -3505
1767 -1241
384 -1643
505 293
-631 -2859
1481 -3256
2137 -2786
-3272 -352
1886 -3368
-662 -109
-1530 -3441
263 -2234
2563 -2263
-1522 -3182
-1768 -10
-1258 2376
-727 -2603
-1733 -1137
-911 -2981
-2634 -121
906 -3092
-2230 3258
3450 -1878
-2225 -971
3388 -1498
-71 2451
-1046 1164
3067 1402
1085 2542
115 -1766
-1104 1627
3478 -540
2095 -3359
-993 -2151
2527 -371
-1011 899
2959 2096
-720 -1715
3084 -210
-2774 3068
-2385 614
2725 -1740
-2331 1665
2103 131
-2448 1131
42 1229
-2861 3238
640 -2660
-545 1848
-2340 1405
399 1983
2378 -206
199 -1485
-1182 -2606
-1088 2679
2838 3057
3070 2727
-2925 -2611
-1648 -1607
2457 1380
-1817 2424
-754 129
2070 -3449
-1784 -3430
-2674 1829
-2902 1106
1092 -2979
3458 1113
1447 -101
1173 1652
1129 3133
-454 -2649
2134 -2654
3282 1658
3509 1586
3280 -1053
-1692 1279
901 1553
3481 346
2863 -3405
1387 250
1615 -3343
-1582 -3122
1600 -318
-2957 -898
-1 1987
1697 3290
2150 -2180
-1254 -3443
-1029 3147
-2540 -3437
133 -1224
2163 -2374
-1965 2332
-3006 -2430
-1372 -2820
290 -1940
1005 3350
-2877 -3434
2362 1447
936 -2922
-3240 -989
-1095 -1678
-1409 -217
-1899 2127
3076 -1791
2462 2652
-2829 1281
-2121 308
1386 2538
1651 186
875 -1085
-1989 -281
2783 1315
-2797 -1646
-993 -3030
1262 1912
1264 1359
-1070 -3489
2589 447
3035 2517
-1271 -612
276 998
-1359 -2275
-569 -172
2725 730
3517 -3333
2771 -1271
1218 -3439
3249 -866
1509 -180
-1759 -1531
2940 2905
1993 1187
-1728 -198
3335 178
-620 -994
2004 -2072
-857 -1165
-2099 -2051
-2979 -3513
2454 2337
2581 -260
-1502 -263
1890 -3008
-2021 2233
-2166 -725
1647 504
2088 2170
2990 -3431
2803 -377
2918 1068
-3039 2841
-2585 -1655
-3007 -1690
-3285 53
-2201 -2145
2316 1445
-706 -2589
617 3247
1157 -1817
1013 -2346
-1099 2808
-1517 -3080
-2290 2287
-2591 2279
3278 -1541
-1042 -1004
2914 -996
2 -3417
-1423 818
1700 -2536
-2347 1504
840 2726
602 3310
-1962 -917
1371 87
-955 -2369
2104 1665
-32 -2932
565 -585
-1345 -1449
1015 650
2443 965
-2175 -3407
3107 521
-770 -3174
3238 2044
3351 611
2924 -3178
3373 -591
117 -2388
-3213 152
3498 3135
-2148 3335
-2349 1905
-3044 853
3366 -2314
1488 -3507
652 1349
-3465 2718
1058 3252
3516 1575
2370 -1841
-2920 1514
-3463 808
-2990 -1065
407 -1248
-1747 -1125
-3491 -3351
-3238 -305
2085 -1677
-1567 1908
-2141 3154
-306 413
1158 3484
1146 2544
3407 -1985
-3490 2896
-873 2244
159 -2999
3064 590
-1356 1876
-366 3477
1784 887
1329 2788
-1535 928
2084 2953
2779 -1503
194 1618
-3414 -761
-2320 -1642
-3008 -1570
-1742 1646
2455 3508
3389 3088
1926 3271
-2837 -19
-2492 1590
-2250 -1655
1107 -2644
-1617 2785
-3523 -745
3082 -1079
-1344 1709
-1652 -2430
-1242 -1301
-1190 -3149
-3009 -2188
-1415 -1122
840 -2578
3268 3142
-3449 -2882
-2686 2327
2995 -2552
-3277 -2845
-36 -122
66 1208
-448 -1952
-1827 2529
3034 1368
-141 -3311
1740 -2907
-152 -1762
849 720
1193 -3196
1567 1773
2033 -2925
3025 1872
1099 1328
2848 2590
-746 3185
-866 -3185
1979 -2371
3487 -2641
-2951 -2796
-1482 -3307
-2446 -2970
-1028 2448
-2096 -3035
1689 968
2719 2717
3391 1989
-1445 -2451
1824 3396
3183 1801
-3163 -3392
292 2227
-2760 1415
105 -3098
-369 -2978
-2631 -2312
-960 -3182
-2446 654
-674 3164
-1872 -132
-244 -2476
-816 3085
1106 108
-1265 -3507
-2079 -2248
-1047 623
-3290 1126
-3351 1660
-2526 2190
-2981 -3336
509 -2872
-1159 248
1568 2159
-2296 1865
-1209 -2245
-2526 -1662
-1578 3025
1616 -2190
-1993 3248
-2144 -2620
2171 1552
3354 -1074
-3210 -840
658 -2431
2009 3311
-2663 1132
-1714 -2699
-686 -844
-880 1073
-1907 3398
-92 2535
20 -3435
1681 -799
-3412 -1053
-182 -3503
-1742 87
2176 3404
2809 -2783
-3504 136
-3145 939
3182 -2764
2568 3170
96 -723
-1115 -1768
-2499 1503
3186 270
2327 471
-1624 -2868
3312 1530
1336 -1492
702 109
-1282 134
-2735 2134
-1314 3238
-2484 -524
520 -2359
2332 2280
-437 -3229
991 -3344
-177 -1644
-2390 -1696
-2505 1868
2629 849
-3490 -153
-2154 2678
3074 -3488
-751 -3526
417 1439
1517 -959
1877 2987
49 -165
384 -2434
2269 3151
-3402 1944
-2795 1688
1916 -2313
2199 -1036
-3455 2730
-1286 -1441
3165 1046
-424 986
2861 1652
64 2953
-1206 1297
3416 1685
2198 -1332
-561 2864
-3298 284
3133 -1674
1273 1526
547 -2036
2963 1599
2535 -1180
2433 -1767
38 568
-469 2531
-1427 16
3081 -3442
-2405 1711
2805 539
-174 -3450
-528 -329
1829 334
-587 2999
3386 3282
-1080 2939
-2772 -3425
3424 214
2064 2069
507 2054
-1037 -1461
1866 151
-1720 3369
-850 -3518
636 2770
-2485 521
-2940 -69
-2932 614
671 -3187
-2533 -2641
3158 1911
2998 2307
-2686 -2750
2642 2240
-2369 -284
758 2475
-1397 -2807
808 -3527
2085 640
2520 -440
-2256 876
2505 -823
-122 3173
3130 -99
-3114 11
644 845
-1867 -2732
-1958 -2979
-580 -2047
-3219 -1764
87 3405
-1987 -3138
891 -3481
-534 -1698
-2278 -2019
3114 3060
1760 3080
-1986 627
-2029 -100
-2649 -3237
746 -696
-2055 -2201
-3356 -1910
1630 -1296
3243 932
-1320 -3001
49 -3337
-824 -426
2497 -76
3184 606
-2794 -2466
-3431 2074
134 -2423
-2105 1013
2842 -3094
-2470 -2577
-2021 1778
-2345 2024
2468 3435
-3238 -1029
1523 -376
-2806 -1978
-450 1525
2131 3336
252 1553
-1787 -109
147 -1161
864 741
-2575 3192
-2955 -562
-790 -340
1540 -2508
3073 -2197
1631 -2060
2745 1340
2665 -2181
3139 -1271
-2563 -589
-3489 -2943
40 2475
1789 -668
-736 -3392
3267 -2730
2969 -1467
-2992 -3334
-1545 -1486
-3256 2052
9 1414
2921 950
-1459 -2490
123 968
494 2108
1564 -1216
2643 -1588
251 2755
-1336 432
-3256 -1756
2888 -408
-563 1783
765 -3091
920 -1083
-2390 1150
-2597 3419
2510 1763
-2394 3522
-1592 -3429
966 -2126
-3091 2823
1039 -2729
3525 -2627
2038 1919
-1787 -41
-816 -282
-2415 176
1862 3051
-1749 -1413
-2547 2874
2222 1648
-3446 3184
1180 -1953
-1482 773
-2744 -3336
-1527 2217
-1452 -2238
-2741 1279
-3477 3061
-3237 2646
838 -2118
-754 3191
-808 1222
1080 3054
-797 -504
-47 -2880
-652 1702
834 3495
3105 2827
-2963 79
2557 1889
423 -883
-3526 -2456
-745 -1080
411 -2998
-1198 1581
3077 -3083
-3274 657
-1709 -3294
-1151 -2136
3409 -3508
296 -3497
2677 1584
756 -930
2280 2873
3207 2447
-791 -3065
833 -438
2247 -2152
619 3319
-2503 -1571
3174 -659
-1817 -2991
-2790 -2169
-2497 1956
