198 56
72 69
69 158
143 170
158 26
193 6
174 180
30 14
173 44
165 103
193 82
61 22
101 59
175 161
168 82
128 35
132 187
56 179
44 85
129 155
2 188
178 127
122 195
37 91
12 0
139 45
164 126
82 12
168 122
107 87
73 92
189 180
162 75
105 31
191 168
135 148
177 155
5 80
34 143
132 197
117 69
79 44
142 103
147 60
24 84
30 116
78 80
100 123
166 8
160 7
72 86
195 22
118 171
142 19
107 166
105 11
197 175
129 177
49 115
26 41
46 28
141 135
81 147
46 71
33 73
147 31
0 81
158 28
50 65
141 154
97 174
5 167
77 164
137 187
155 177
198 57
0 151
178 21
106 6
134 116
42 150
170 113
71 195
92 151
4 127
11 23
25 19
11 169
92 97
180 55
21 90
191 57
48 148
3 34
140 130
25 119
65 24
16 52
55 30
97 48
49 33
140 1
54 0
87 4
1 139
134 14
166 191
28 149
1 87
90 30
148 190
115 7
54 53
86 97
149 42
104 91
47 131
19 16
87 125
169 70
189 37
188 35
31 102
125 137
86 135
150 5
190 124
69 196
182 111
127 84
65 167
71 166
153 191
119 176
82 131
114 165
190 144
89 144
33 102
21 186
16 51
20 94
184 29
167 85
148 114
130 134
38 189
12 23
111 49
8 61
159 188
177 158
55 145
131 161
6 113
113 134
162 32
157 54
78 114
161 5
136 125
144 147
84 182
91 173
93 143
173 150
48 197
67 129
34 194
76 198
84 64
91 182
112 4
121 83
181 137
183 41
42 12
152 159
163 170
163 107
196 96
27 16
143 66
139 8
8 154
150 168
194 184
17 73
89 40
124 76
73 61
124 176
176 34
47 42
194 142
99 86
15 89
176 9
22 133
