153 27
56 53
53 122
110 132
122 20
149 5
135 139
23 11
134 34
128 80
149 63
47 17
78 46
135 125
130 63
99 27
102 145
43 138
34 66
99 120
2 145
137 98
94 150
28 70
9 0
107 35
127 97
63 9
130 94
83 67
57 71
146 139
125 58
81 24
148 130
105 114
137 120
4 62
26 111
102 152
91 53
61 34
110 79
23 90
60 62
124 5
55 67
151 17
91 132
83 128
152 136
100 137
103 135
38 89
20 32
36 22
109 104
63 113
35 55
113 24
17 37
75 135
4 129
60 126
106 144
138 16
82 4
127 121
103 90
33 116
143 51
14 22
3 98
8 18
7 114
19 14
9 131
71 75
92 58
16 70
148 44
37 115
108 101
35 45
12 40
42 23
124 91
108 0
67 3
34 91
129 148
70 23
41 41
20 16
96 83
45 54
36 102
14 12
143 4
146 147
139 117
7 10
24 79
116 3
53 152
114 68
141 86
72 112
0 118
46 38
50 129
22 80
118 77
150 136
145 10
21 92
67 148
109 14
139 96
16 153
129 66
40 104
6 143
44 99
132 2
93 74
29 146
75 117
10 109
100 59
6 68
43 112
101 125
133 7
119 109
97 6
87 103
50 25
106 151
141 31
81 39
10 77
65 141
105 59
47 46
44 74
37 153
0 47
70 141
151 18
66 45
19 57
82 107
74 25
