564 290
206 196
197 450
406 484
449 75
549 19
495 512
86 41
494 125
470 294
549 233
174 63
289 170
497 459
477 234
364 100
377 532
159 508
125 242
366 441
7 535
506 362
80 233
347 553
105 259
35 0
395 128
466 359
233 35
479 347
306 247
209 263
537 511
460 215
300 88
543 477
385 420
503 442
186 442
16 227
98 407
376 560
334 197
225 125
404 292
420 171
68 239
333 53
87 331
222 228
286 350
472 23
457 21
205 246
555 63
336 486
405 55
304 473
298 33
559 499
367 503
380 495
141 327
75 118
133 81
402 385
231 417
131 204
94 209
417 90
305 129
2 231
450 81
143 185
401 439
62 139
275 495
14 475
435 452
221 465
389 531
441 504
563 164
548 399
0 429
507 60
301 17
367 401
468 445
230 334
354 171
381 330
121 426
484 322
203 554
263 428
240 512
526 190
54 80
12 360
220 140
31 67
28 418
72 54
34 481
261 275
513 157
61 257
543 162
138 422
9 98
318 222
273 405
128 165
73 339
187 70
47 149
156 86
551 489
91 196
276 136
415 390
361 361
455 335
134 330
141 93
399 3
155 1
135 2
248 13
368 35
5 394
128 335
380 42
473 545
80 424
258 86
420 539
153 152
473 223
75 59
548 170
355 305
165 199
11 77
296 258
134 374
289 73
246 428
82 78
58 509
54 45
159 510
438 487
435 277
542 93
536 540
510 430
109 119
480 201
528 59
537 106
535 100
474 494
26 38
538 216
88 290
116 236
246 385
133 306
295 163
427 14
275 172
98 259
561 169
358 408
467 514
547 552
55 508
489 21
564 420
540 354
196 558
181 66
266 412
354 258
165 183
0 436
172 140
234 369
360 239
186 475
491 181
191 414
340 278
552 500
264 540
339 501
201 363
100 275
535 40
77 341
399 292
269 56
324 470
185 45
102 439
247 545
403 52
541 411
205 296
510 352
58 564
477 22
145 184
527 135
46 145
57 268
523 82
16 65
62 409
421 323
24 148
3 112
251 18
42 483
162 366
269 476
371 382
526 461
334 266
331 247
109 537
278 429
31 376
519 74
456 511
305 58
293 411
52 126
528 450
14 407
240 502
261 109
333 365
452 536
59 393
24 252
270 311
536 387
29 319
322 95
393 121
488 25
431 438
475 47
91 472
437 401
7 154
238 84
208 368
50 17
34 306
335 1
321 380
415 451
443 236
93 513
429 534
553 116
501 67
15 46
196 2
495 254
281 111
125 351
120 52
32 6
272 25
222 326
483 73
298 145
140 103
217 57
154 91
235 394
245 534
140 422
12 380
523 473
327 122
93 480
544 136
158 336
429 38
234 173
349 120
319 156
321 257
467 285
59 316
239 518
368 94
290 554
312 509
299 221
262 443
204 510
145 314
488 430
383 469
8 322
427 155
458 449
129 518
191 366
287 451
147 303
329 103
468 346
227 19
544 318
524 3
386 312
3 174
271 350
131 123
499 528
5 26
419 491
408 455
4 463
365 421
214 64
522 139
320 12
214 405
217 287
29 483
460 61
541 305
271 57
439 9
4 528
112 563
296 416
396 48
516 132
409 203
552 232
502 559
92 425
300 241
206 432
409 274
76 6
100 525
50 204
280 61
395 62
235 537
343 459
224 221
65 287
307 472
88 432
40 32
79 440
84 529
450 166
13 347
513 415
63 175
194 219
116 549
365 78
520 190
522 538
174 180
396 24
1 312
562 519
267 524
314 506
516 447
176 530
136 300
455 531
41 498
250 320
274 529
512 410
189 341
503 304
324 463
437 32
393 277
110 126
532 376
216 299
248 563
35 31
207 173
466 15
57 300
356 42
189 362
209 456
499 467
418 559
322 320
114 240
25 480
382 552
341 276
485 551
41 448
530 189
33 390
199 384
228 499
328 396
101 382
501 26
401 278
448 40
530 47
562 214
517 129
69 203
244 115
454 152
350 541
551 445
441 24
32 153
482 431
153 549
370 75
448 273
295 39
410 494
540 241
538 20
525 436
484 353
379 557
432 317
509 5
178 421
337 252
490 225
112 10
115 231
558 299
442 56
347 111
143 113
352 526
506 544
73 404
392 359
11 267
258 276
463 493
36 230
352 273
139 465
126 283
281 556
446 274
359 167
48 500
21 373
243 194
27 564
430 541
482 464
529 212
379 538
418 7
564 488
156 504
267 533
481 223
561 43
444 194
176 191
46 10
194 562
520 116
104 148
555 74
124 109
557 395
40 227
515 248
204 77
225 433
313 172
539 384
96 215
212 481
514 286
384 280
493 519
534 532
345 486
94 476
211 0
525 217
8 283
70 123
84 157
288 195
428 143
480 246
120 16
514 381
553 505
342 469
464 92
97 244
43 358
68 238
254 297
114 399
233 238
486 523
492 288
129 337
27 457
381 166
342 14
559 440
259 29
52 177
55 348
77 130
160 546
23 479
445 449
121 370
200 523
10 536
302 381
517 530
63 517
117 351
557 266
353 218
21 433
512 244
309 46
405 50
2 307
187 547
447 557
245 363
65 49
126 18
532 207
459 286
177 88
483 51
