1608 640
1121 -1074
-634 515
555 714
893 390
-71 62
-6 920
812 -677
-1285 735
939 -1335
-528 459
1523 53
-460 -1508
-526 -518
1409 -1164
-1242 750
808 -1243
1525 -198
-521 -956
-1564 -1067
554 1337
-49 -1167
575 -1270
-1604 675
1146 415
71 -1432
-414 -1015
752 654
1328 235
-1596 -735
1585 1429
573 89
570 -1287
-1444 1442
-459 -1077
220 1400
664 -235
-1602 607
3 1402
-1051 -1060
-814 -1029
1193 522
-681 -737
393 679
-1030 -496
1141 -1339
1527 -625
-470 -1458
839 -734
-1148 6
-558 1197
-73 -603
-103 -496
-556 0
1126 487
1490 728
1279 1528
-1051 1036
-790 1543
378 770
-174 139
-368 501
125 1046
-835 45
-107 -1351
-800 889
1542 -288
671 1123
639 -15
780 101
1179 -141
1564 1478
-1545 -486
733 -998
-1448 -1512
-882 230
-1600 -634
-188 -1590
-899 196
-1013 474
-551 310
-820 -110
-339 477
-1080 565
1077 -1271
-1515 231
-835 1370
156 1186
1195 1025
-645 598
753 -386
1025 986
583 1108
-1235 -247
-1189 -930
306 -1547
696 -390
207 -608
-392 111
1207 870
-1084 -211
-394 -194
1386 1477
-1208 1039
-136 -8
464 -1124
-440 -456
-638 -693
-801 650
-659 1161
-567 1470
-943 740
-1320 186
-997 8
-1162 -1008
876 542
-1329 779
-998 598
1004 444
-1473 -1344
1502 1535
163 410
-782 1067
383 -962
-1022 179
-497 -1365
-491 -106
-607 1289
-822 467
-375 1506
878 -763
143 -1260
-1572 -1271
-712 -633
787 2
1205 -370
-176 -1001
1299 880
-587 1307
279 -273
-732 -1087
-169 -1520
-126 197
1407 -63
-1469 209
632 -1494
-1472 -1225
-1369 -1213
-533 265
1479 1403
234 714
-1479 -1281
-924 746
-753 1294
1285 532
188 -173
432 1221
-1376 -1512
-1497 -1495
-25 1193
-1171 -290
806 1529
1478 -799
1482 -1379
-1427 -866
125 -1295
153 663
-1262 -145
42 -1037
-70 -1121
735 -185
-238 533
154 -663
-1275 -1111
396 -1145
-456 1178
-1065 -270
-688 1357
539 78
380 -1252
8 -119
623 1250
562 284
-614 -626
1301 1111
910 -699
-407 -1197
-170 -1041
567 -190
-1267 -348
-920 -810
1435 -285
1547 532
1543 564
-1200 586
-119 363
500 -776
-804 710
-30 -1135
840 -1594
1251 163
1486 350
861 -1569
-289 1240
-1140 -1209
-858 -1409
-1117 -1234
668 563
-676 -1592
104 1223
-1293 477
570 -1554
336 705
1136 144
843 405
1256 1014
-711 1053
1603 162
-706 527
412 -743
1559 1078
-688 1552
-822 -345
330 1414
-437 627
89 -1338
1373 -1264
-1419 415
343 -95
-1504 -1351
360 1500
225 -336
971 -1223
821 -578
1102 -505
-760 -555
-217 858
-285 1252
95 707
79 987
-1006 -726
183 -1047
424 1200
-161 1157
-771 -266
-1088 166
229 1449
-133 1132
-180 -156
378 -166
-31 -865
341 -238
1436 355
-852 -1531
-1019 -894
338 -1119
-1231 628
930 139
-802 -311
-661 -513
1007 -232
-1423 818
-1506 -1407
1 -1031
732 9
1549 -1096
-1508 -495
1316 -15
-304 -120
1427 1003
1498 -258
890 135
715 1405
37 1163
-103 1106
-1589 531
895 -294
1370 -526
170 73
-1587 426
96 -1063
-861 1061
127 -345
419 313
656 89
-1219 -1479
790 -359
-1256 115
-35 1022
-1253 -631
-1335 -1130
1132 1452
188 563
720 -916
685 1012
855 1337
1421 990
-910 -899
-1523 -1058
-1499 -1259
1264 1002
-846 583
531 -500
1291 -400
-1055 -309
38 -730
396 -847
-1317 -126
-1293 1050
-641 777
-860 1263
1352 1604
-584 -1416
1200 1543
230 -1516
-1422 168
-31 1396
936 -1500
-1210 -91
1503 -1088
338 739
1518 1091
-1532 342
-1123 1100
357 1179
-376 -930
1545 -119
-384 1537
1354 -1505
715 -884
-1289 -1200
358 1248
-1198 -442
-1032 -1113
241 -372
-1196 -191
933 882
-512 -651
427 35
939 -976
-775 730
454 -1317
622 -1031
49 1201
-460 -679
-512 -334
1339 1549
365 -884
-972 1046
1327 849
-344 -1428
-1058 -624
-93 -1184
-505 -947
-1118 1431
1452 -1579
-679 1212
379 254
-980 147
-877 -1430
-392 833
1330 1137
-810 567
-1255 -1115
-1584 9
-762 -1190
-889 990
-1427 87
-95 -1601
-1071 1085
-46 -1537
-1606 1246
-711 1439
1156 -428
813 282
-163 438
-974 -224
-462 693
367 599
-60 1205
-43 -561
130 -541
858 1228
787 824
-374 -1211
-996 -1227
1398 1194
423 680
1357 41
297 -964
219 288
1498 -190
-1473 1473
325 327
475 1500
-1218 -896
1522 -1222
-11 -1295
-1168 -488
-600 1473
109 -1371
-456 -286
-1548 -414
1596 277
-424 1366
1494 367
-316 1115
1370 1253
-1279 405
-256 -1392
1183 -1431
-122 66
-1346 -53
1014 -79
-1262 611
-1253 -1461
463 -1296
-931 567
1239 244
-1159 -1229
1164 -781
175 -951
-487 -101
-656 376
1406 -579
552 -1371
658 -732
295 970
915 1321
386 211
575 1551
-586 -1199
466 1549
-1288 1113
1380 1112
-767 1444
1183 -605
-562 1168
-943 -114
755 1551
1434 -559
-159 848
161 -65
1021 1092
685 614
25 134
-1296 1323
1229 -303
-1204 -1103
-1180 419
1188 -76
76 -313
-1464 -1493
-289 -1548
-225 1465
1021 -138
-1470 1513
-1202 840
24 1415
1024 -704
1152 1290
1020 -1544
-1385 -467
-465 623
-1400 1413
927 -413
1118 899
139 211
-455 -1523
1368 -1070
1372 620
-182 -960
1040 -426
-583 1227
-226 807
-794 -545
-296 -829
699 839
969 1147
-749 -940
-1017 -1361
-93 -935
-853 -1354
467 -1555
-491 -1590
-1502 742
13 -950
-48 -741
1109 -1048
-605 -906
427 239
-110 813
-269 -854
-335 1165
1200 1577
-1147 -66
-974 -731
-1012 -945
1477 -438
478 -1060
-191 431
754 -331
229 -847
-1079 1330
-761 906
807 -671
1249 1012
1265 44
336 -1394
-1312 591
-862 1084
435 -1368
-1257 -1604
-283 388
-549 1291
-102 -1315
20 -456
127 388
959 995
506 -654
107 1108
1232 1286
1586 561
-760 999
616 207
1544 1408
186 202
1147 162
436 401
-938 -1194
673 585
-209 -743
-190 -1448
891 -888
-242 1410
-1597 -466
-1123 1178
-1117 -1488
-390 -1173
290 177
35 257
-1570 -104
-1275 153
1124 1134
199 -529
-1158 40
-134 1296
1227 674
-798 -144
1510 -786
678 -823
1450 1005
-1245 216
-82 -681
-735 -1500
-641 1131
972 504
1271 601
952 1396
-1333 1432
61 -977
722 1492
347 -659
-762 863
412 -371
1179 27
244 773
149 -1247
1509 -1461
1205 -1149
1408 553
-1308 1113
765 -1542
1209 1129
14 462
-976 670
-1474 -1039
276 1112
1433 1242
933 -1069
1217 1416
183 878
-664 -399
476 -347
165 1243
117 544
989 -253
1606 -1334
506 159
407 -1555
-169 1576
-548 513
-1179 -1034
90 1048
-1180 710
-1481 1126
-854 417
-454 -344
-33 -1345
243 1445
1054 -86
-956 -928
689 -1350
1391 -1536
4 1455
1270 914
459 58
-1580 -1019
329 -1559
-1101 230
-366 1374
565 1605
-1510 755
966 1364
-778 845
-533 -674
-264 -1511
578 -38
-452 -1255
-1164 1009
1488 -1332
489 -228
-371 -636
33 -365
-186 341
-1013 713
525 -73
61 1328
1182 1424
-426 -1591
537 1535
-941 962
97 635
757 -1233
-1599 1209
860 242
-409 649
203 -1456
1342 1503
581 -1099
637 666
-541 -981
202 1052
983 828
968 -894
-1072 -18
-370 1484
-520 -1498
12 -53
-855 -172
622 1472
19 -1424
1496 1285
881 -1150
913 -282
-496 1092
761 1555
1362 589
21 1267
-808 -1585
993 -625
228 -255
-1121 -562
-367 919
1258 -1106
745 189
1053 673
1605 -702
733 129
-1161 -1036
38 732
-1340 608
1199 -788
-746 295
100 -1369
-1500 669
1587 1137
-949 -876
289 1515
-419 629
-1244 539
-842 569
322 -622
-1353 -475
-1426 1065
571 -661
-816 -1181
1384 1470
-849 264
553 65
-168 1561
156 283
-828 661
1214 434
275 -752
1416 -842
-625 371
-275 -74
756 -750
1394 108
1422 868
-1279 -752
-287 1081
-499 1052
1052 -1608
-1114 -1151
-792 120
-789 -1514
118 -1304
-740 734
64 373
-257 -317
-930 1553
220 708
1578 425
24 -1327
935 -972
1314 1352
1420 -772
1192 1430
-550 -1226
-1058 1463
-1127 1427
671 -823
582 701
-1387 -617
1489 337
1570 -110
-222 -1162
-1186 471
-1228 350
687 -1467
1367 -45
-1596 -1397
916 1430
1515 -1480
-381 -535
1196 846
-746 -1316
357 -1047
222 1107
1608 -1415
595 -199
1259 19
1540 1298
689 1291
832 133
-1567 -584
-186 -1261
-679 -408
-378 181
-207 -954
1357 -1105
1031 1577
-807 803
-144 841
-1394 963
-503 1504
206 1588
-1437 -126
1491 -258
-908 -441
1438 977
1140 782
-457 613
469 -925
1001 -1600
1113 -512
-1040 -1107
921 -292
-1410 -387
-1115 -39
199 -1313
1518 1252
1182 -1422
-1392 -201
-600 -511
773 -748
-1498 340
1087 -1196
-301 1402
-1440 140
1438 768
-1225 44
790 959
687 425
-947 1568
-675 671
567 -813
-367 1001
-594 -610
1564 558
-577 -269
1196 -192
-77 -1418
-1406 -944
-855 -514
941 1139
-1430 1572
-1230 1356
620 372
-708 -544
1062 114
-500 -275
-1256 1526
-740 -534
-1593 401
256 -907
-1071 580
1297 103
-820 -1553
-571 280
1041 -1059
-537 879
1072 -493
-1181 63
-377 -689
-1479 766
-869 673
-1382 -441
-141 560
1401 -1520
-1445 785
498 -380
-1149 -1525
1211 308
311 1485
-1089 -1146
-1454 -725
1162 -644
1467 -1498
680 1305
1265 575
-994 1133
1134 24
-207 599
1018 185
-639 580
-1562 1440
544 1023
817 -1401
-67 826
-463 694
-1465 -761
491 -200
1317 201
-463 1320
-1126 -467
-1150 706
-215 915
1056 -239
833 -811
725 337
-1390 -974
-1395 -1007
508 1158
1015 689
744 -1396
1135 132
238 451
-475 542
-435 1128
518 -921
88 1387
-1576 428
-24 -1211
922 -87
1177 814
-146 -486
-271 1062
267 -347
-894 1220
-810 -618
495 -1491
1013 -363
-1229 -1331
-1311 -1484
1538 86
553 1522
-705 -497
-609 1558
-1076 1587
657 -1075
-575 1311
100 -883
-167 -235
-1254 253
-501 116
512 609
-1276 1233
-1127 -309
-1576 846
-927 236
693 -1283
325 67
-846 -329
877 75
587 -923
1440 530
-1136 723
-224 -765
256 -19
-288 173
655 -1227
-1240 1527
854 -830
716 -766
35 254
-612 -1542
709 1568
211 1264
282 -1491
-1111 -925
410 779
-1017 406
460 1353
1214 340
-590 -614
1343 -1570
-316 119
-549 43
-1133 1528
196 -1264
860 1512
1587 560
976 -957
1098 809
297 -543
918 -1299
-1398 -1154
797 -592
-1551 -314
1560 -1358
-733 39
595 -1490
1169 11
-308 -1573
-2 -613
83 1296
-297 632
-360 -891
968 790
1525 929
-1544 67
-1547 1075
922 1581
517 -1150
1434 -349
714 -685
613 -225
-184 824
1495 -878
593 -1037
-1053 -1509
-1038 -1017
-607 -821
-1549 -730
-398 -864
794 -1345
83 671
14 -225
1132 646
-582 -1092
-522 1138
-1603 -1041
-919 1509
-1485 -55
1340 1262
-495 -1011
-1171 -1291
-96 36
-832 -1586
-330 -623
119 371
-1095 554
799 -329
-981 464
-1174 -478
1234 -1178
309 999
-958 722
-1152 954
293 795
-191 -715
-1114 -482
-52 -928
-177 897
621 394
292 -845
-530 1085
322 -1402
452 -1581
902 -1540
-889 593
1057 -731
298 101
-34 1069
769 680
181 -726
519 -1094
1226 158
1599 227
-603 -300
-1557 -790
1516 1096
813 595
1601 -57
20 385
-470 -230
1162 -1554
-1497 -1293
-546 -497
1593 513
776 726
726 -84
920 1254
438 -1035
1462 1026
1515 1094
-946 -521
-1430 209
-868 -839
-1210 942
-617 -103
-1104 -1201
-1074 322
-1087 593
-1533 -144
-18 1288
1380 -250
-677 1408
1063 231
1449 916
1353 -998
-1166 1555
1535 1309
886 -539
477 -317
784 1346
633 -296
-309 643
-765 -1268
858 -876
-613 1477
1072 531
-842 967
753 1511
438 96
-451 251
919 -261
971 910
-1383 382
-649 1412
-1388 -1219
1108 -861
1308 66
1483 -707
1285 741
-179 1605
-864 -175
-1030 -1201
1005 693
-404 1514
270 225
1148 1039
559 1164
1396 1307
-494 -901
1553 1394
-995 1322
335 -981
-1195 887
-299 116
-767 -133
32 -316
942 921
1034 -1396
964 -404
1233 1241
-724 -182
402 1560
558 229
-452 -1095
-1433 300
1057 629
-125 1043
-1315 892
1332 -1134
1482 -130
-1323 -1256
683 -592
486 37
1538 1053
1542 -1436
1151 427
300 -1100
647 -1569
21 -567
25 471
987 1510
-1093 1226
3 1289
-1602 196
-1363 1022
-1404 -658
466 -962
-1389 762
596 -1403
-1276 926
-1206 1508
-1274 785
-195 1472
675 1067
-116 -1535
1111 -1075
-1230 1542
816 118
557 -987
-279 1400
-599 -1316
1400 -1601
-694 546
-1503 210
-1012 -1599
1582 -954
-907 1395
982 19
-847 1177
-1208 50
693 -180
779 699
-1381 1354
1314 -1139
1016 -1527
-639 444
-352 -1529
-976 -1115
-1340 -836
1505 1299
-659 859
-1444 -1228
367 1298
86 -337
319 1502
-673 991
1514 385
-176 -1005
493 184
-1534 -1494
-507 1350
-565 -1229
997 749
189 1199
349 1419
-233 42
-1481 -318
-1023 1208
728 -1127
-865 1259
-1456 -680
903 1510
-666 -1495
-298 997
948 -749
1349 -460
1166 -1493
-152 318
1215 -198
528 -1056
-821 1099
1288 547
-1536 -739
901 -963
1524 -219
-594 -175
302 -681
1041 1553
1340 1029
223 45
1541 1571
469 1540
-926 357
1238 1367
224 829
-398 140
1155 107
34 145
-1553 -990
-1294 1351
-1247 1224
-1419 -699
853 579
851 -836
574 -729
-799 -181
938 -1226
-1068 -770
497 790
-235 -450
-1300 490
-878 566
262 133
-22 517
1300 1417
-802 -50
1358 -384
-854 927
1347 -691
-790 1429
-365 -252
-203 -1354
-950 1414
-939 643
-294 1371
-561 -683
516 322
114 1037
479 1148
848 429
-216 -781
-1511 566
649 -1178
-1007 349
1213 -923
-725 -1145
79 1226
1504 -1186
-1054 772
-1015 1143
-1086 752
1007 -945
287 570
-407 -1268
964 -769
808 -200
755 764
1435 236
664 -814
-1545 -949
191 -1222
-1 -1391
-1152 1184
58 1448
980 1123
-1533 455
168 467
1313 122
1215 814
1169 -1251
1463 442
-631 -1269
-1410 414
812 517
772 94
1297 -797
-857 295
-1478 -1042
1488 562
984 1582
216 -120
-1156 1538
1419 -1393
50 -145
884 703
-78 458
-932 -1608
-145 -218
-1112 -137
-483 257
1605 1321
955 -275
393 -1028
1445 -319
1201 -294
1174 989
-1131 1066
-267 -1203
-1561 -819
1410 984
782 -1438
-100 -1059
142 333
-1307 -807
-1401 1349
-30 -717
-1414 -1080
-937 -352
-312 1516
-1495 738
1526 464
-1323 -391
646 1021
-1069 -526
789 1524
-1478 -528
1279 -30
-467 -99
-1298 1301
-1317 -566
1602 -530
1483 108
-87 -738
-476 934
-570 1276
-856 -1534
-615 1498
776 56
-847 -824
278 -135
-1324 1466
1166 -890
-385 611
1289 1593
1343 -897
1262 -1592
1555 150
-522 -1133
-920 -991
845 -1098
1354 -1084
1304 409
-281 1292
1362 217
-332 1044
1064 825
818 -645
1069 1097
780 555
-752 1434
1532 764
946 -1522
260 -1391
1436 1146
1206 120
7 816
497 -637
1091 -733
-442 994
-18 -500
1460 1125
429 1059
391 -1106
1065 14
-193 -967
-908 1051
-662 1070
1008 1343
-1264 -1255
1355 -519
-53 519
601 1348
1256 393
-995 545
1150 418
1600 1333
300 1332
-1505 1358
-524 1026
-1593 1271
231 299
348 699
683 869
99 305
-877 246
1260 126
857 789
1401 250
-1462 1419
600 -725
-1607 697
30 -1463
-903 -777
690 -1104
-1385 332
750 1294
1016 244
-1445 -168
1593 920
1367 -1501
-543 724
970 -507
-381 102
-453 -1509
-35 -435
1575 1219
465 -351
1134 1213
523 -862
1404 3
1316 446
846 331
-1599 1589
1308 924
-481 -746
47 -1550
-1020 1017
-299 -1248
-1179 -709
556 -1076
45 -1361
105 -1208
450 -395
214 -1485
-193 -205
-1081 72
-899 -757
-925 -1079
-1246 -649
913 1228
-240 822
948 -1409
821 1498
-1190 -502
1140 1140
-210 -992
124 1545
-1341 841
590 -1257
-782 1595
649 1586
846 654
-804 1045
-1032 686
1315 -511
1371 -176
-1392 928
-1369 1316
120 -149
-658 -1259
455 -1537
-1600 1275
-279 -1529
1119 -846
656 -747
-1157 -1596
-697 259
-1564 -985
-604 1425
-439 1049
-1189 1338
762 -1020
1527 1007
1353 -920
1363 -1356
165 -260
39 -371
32 -819
598 724
-1079 -732
152 -687
-1454 -1287
-185 1492
-1344 -1338
-631 1478
-1045 16
87 100
262 1365
1544 -1056
-399 869
768 977
-238 -999
-888 -792
-347 -1320
283 197
112 -1353
-850 -987
-1110 -1452
548 935
-833 926
-1311 -502
-726 1287
-1166 -267
592 1432
1303 544
-1466 -301
-469 -1088
947 -1245
-257 -1236
457 1267
1027 -414
1253 1102
-578 -737
-1464 1420
441 1305
-70 1025
-217 -1296
-1555 735
-1375 115
401 -729
120 381
285 -958
-472 381
989 -712
-1506 406
820 1530
895 -824
-1351 95
-321 -2
-1426 -829
870 -358
-633 1251
892 606
-276 1349
-968 1512
-323 983
-501 835
1254 1000
1074 -1582
-609 -19
889 745
-326 -1399
551 683
-1409 834
-1500 -366
316 -1262
697 -787
503 1460
1359 -1392
-288 312
590 -1232
-1251 -92
-1486 -495
502 -806
470 -514
-1334 -1320
744 -1035
-586 1502
-358 1125
1420 -34
-1429 -816
339 1081
915 -1589
-415 -14
-479 -103
-521 -626
-910 -1549
1242 -540
-853 -911
142 751
-1181 50
446 200
-1226 -1422
-890 -1564
583 -648
475 1303
718 556
588 -979
1130 -1237
1574 1225
260 -1094
-1557 -403
853 -1125
-1360 -655
879 1559
-1050 1527
198 478
40 1581
1419 -1139
479 -965
1550 241
332 1404
1280 971
-319 -857
-776 -1587
569 417
-1383 -377
1387 376
-1562 754
681 -26
-313 -99
1156 604
-1335 -376
-1187 1557
1583 1051
-1519 925
-1429 -49
-318 1336
555 -298
1049 -127
1526 -640
186 -1516
1575 -79
-953 -12
-960 1484
-727 1489
-132 -1497
-825 -1399
-912 1418
-1213 -1398
-985 549
1348 472
-1558 1464
-126 184
1223 -312
44 1471
328 1334
-1351 228
-779 -1497
-429 -157
58 892
601 1442
1454 -1511
-1504 -346
44 -1120
235 -569
815 696
437 -868
388 1333
1347 437
