5968 4129
-1269 636
-1989 58
-621 3885
-3700 -803
-4377 -2128
2344 5474
-1752 771
2092 4622
4114 -2863
-5203 2799
-4395 -784
-4505 12
-2936 988
-1411 -2136
-1858 4456
-1214 -3887
-2853 -3070
4587 -4435
2939 71
-5341 -2833
388 5909
-309 -1313
1002 -877
444 -820
-3585 774
3702 -3218
-5363 -2717
438 -3060
2900 4669
4599 4135
-4339 3854
4481 323
-3931 -4246
319 -539
-3564 -4645
-2185 -991
-5645 -3141
719 4870
1321 -5154
1058 4298
1102 4127
-1818 1799
2120 435
-4423 -2666
4571 465
-5641 5941
5727 -5098
-1357 -5673
2404 -428
-5184 576
4028 -1741
5556 -2541
-5504 -3633
1955 5051
-1543 -4304
989 -5803
1091 3120
-4152 4848
-4860 2305
615 1052
-5807 865
3051 91
-789 -2556
-80 5478
3659 5568
-5830 -910
5268 4714
-5121 -4962
-1050 -1903
2226 4342
-4078 64
3545 1947
-3983 -1217
-2992 2831
-1894 -240
-1259 -2411
-2858 4324
4004 3015
-3055 -2310
3159 -827
2939 -4525
-4079 -5211
-3900 1935
-1919 1360
5106 1880
-5766 2594
-1239 -4360
-83 5343
-3684 3525
4561 -2262
3223 -4318
2715 3521
-763 -3115
533 5203
-4141 248
499 -3408
3438 -4417
5520 2610
3084 -4530
-2830 4755
-3427 4165
-2976 5744
-4623 -5320
1394 3461
5594 1188
-3262 -1780
2371 4033
-58 5610
975 4571
-5447 5154
2029 369
-3641 4109
-3849 -1973
-3303 5929
-2862 5704
-1307 -4212
532 -5516
4006 292
1525 4409
-3167 3344
-2735 -1820
1926 -2289
5040 3479
-2616 -5398
1878 -397
5034 -2517
-2430 1753
-1591 -921
4523 1
753 -3189
-751 3983
-3491 897
-5406 -285
-4255 4286
5298 -1779
-3467 -5562
-1142 4513
-4967 -5254
540 745
5158 200
4463 636
-973 4724
2500 2317
2439 1835
1005 -255
-3477 1765
2144 -2755
-4399 808
3413 3044
-390 -2127
-1841 1072
1361 280
3464 -1519
3361 1765
1766 -5220
586 1849
-3928 2942
3842 3610
-1178 1648
955 1138
-87 3020
882 3465
368 4528
-4542 2316
-2942 -5706
-667 1982
2464 -3389
-1398 -1432
791 306
-1777 611
-2568 2898
-1940 -4118
-1928 -4817
491 2477
-2659 296
-2393 1652
-1677 -1693
-4274 3151
3438 2926
-1309 -5154
3013 2381
-1147 756
5967 -3752
2425 2035
2484 -1884
-3947 5895
-2201 -327
3862 -1829
-2584 -2879
-1713 1211
2492 -3127
-2397 -3519
-2219 2166
-4184 2874
2230 4157
3086 688
-3934 -3479
-4249 194
258 1590
1704 -4231
-3946 -5179
4954 3431
799 1365
5169 196
5266 4854
-1865 -5117
542 871
3953 2058
5346 1697
852 -2881
1995 5097
-4985 -1922
1817 -3624
1550 2150
-2201 -2491
205 -462
502 2826
1685 -3473
3908 3415
-800 3873
-2028 4756
5671 3177
986 -4469
1631 -5777
-3922 2986
4842 3634
-3324 -2712
-2086 -2359
1960 3189
-4530 -4827
-2288 5682
-60 -1519
2814 4458
4755 -1021
-3892 3789
-3133 -2142
-2949 2360
4722 254
5811 -4
-4679 2135
-1888 513
-2869 -3795
-2094 5607
2743 3614
5424 -3373
-3330 3958
1796 1658
5261 -1189
-3853 3469
-1094 4613
-4406 -1242
-5060 677
-4292 578
4485 1721
-3843 -2041
-732 -4042
-4076 4798
-3139 -3984
5323 -5092
1268 -2877
4861 3284
-1669 448
3159 -171
5933 -360
-5627 -5489
3455 -975
-4061 4845
-5664 -2416
491 4810
-727 4291
2018 1396
-2848 3988
3934 2955
-4471 5258
-4256 -3184
-3190 -4769
3486 4088
-3658 4855
1205 1919
4829 -5695
5087 -191
3959 -4392
5762 5456
-1133 3922
3037 1251
1989 -1022
-1656 4676
-2686 -314
-5886 1349
4591 3834
-3098 -2926
-1550 744
-1114 -3069
-799 586
1184 5954
716 -4742
2833 -61
3855 -5578
-3143 -4699
416 -1652
-4659 -2093
2101 4114
3565 2128
-1680 -5714
5868 1167
-763 3176
990 -4727
4649 3898
1381 5631
1217 3278
4277 -1886
3734 4906
4041 3419
-876 1153
5498 -2748
4272 -5506
-1336 2994
-2660 4776
4508 3425
2124 -5212
2482 -3595
3017 -3956
-1426 4209
-5817 -5821
-2596 5383
-3393 3423
-5816 5068
5968 -1946
-1054 -1536
1300 4727
-1032 -2070
5070 -5574
4663 -5571
-2345 -4407
178 4989
-2740 422
5346 257
-2984 -756
-4437 -5187
1994 165
-4813 -2535
4637 3412
-2200 -2114
-3353 5502
-2857 -4180
-4560 3078
2700 -1027
2889 -3013
1783 5749
-4547 1586
3238 -4980
1571 -4203
-1379 -1558
5693 4264
-4640 -4429
-569 -3770
3532 437
4360 -205
-839 -326
4059 -5628
1752 1500
-5812 -495
4574 -1023
5777 -4636
-2574 203
3589 -534
5178 -1888
3334 -5537
4238 2541
-4669 -3038
-107 -5725
2647 4411
-2616 -399
-230 277
-907 -2963
3032 4766
1729 -2961
2924 -561
454 -4386
800 5670
-5921 4514
-32 -3990
-5329 -1697
-2254 -4405
-1031 -5540
-3096 4532
-318 -5734
-2676 3443
-4448 3949
-5460 -2138
-247 -4411
4322 -402
-2545 1670
-4055 1984
-4911 1186
-2975 -5002
-430 -5040
-694 -2783
5362 3025
1831 -5215
5733 -3333
-5260 4314
-3942 -2861
5857 1683
1690 3612
3567 -1348
-2374 -5372
1303 5841
3771 1921
-5801 -410
1524 -3006
-106 -4391
-2726 1635
1460 -1610
-5107 5151
3559 -1613
-1868 4981
4507 3935
-4372 -2609
-1129 -650
-1354 740
-3256 -1304
4876 -2826
-2841 1989
-638 2819
-369 1035
-1071 4455
1790 -36
2313 -378
-3098 -4637
2835 5255
-5207 -1895
-600 1140
1172 -2476
-4687 -625
-239 -4640
794 5064
-5058 -594
-903 -1787
-3018 2630
156 407
-4249 1600
4023 4770
2262 -2145
3191 992
-828 5349
2266 752
3448 -4951
-5755 5189
-833 -3821
-1362 2698
5788 1313
-3139 -946
1876 2737
5176 -26
-3356 519
4825 919
-1420 4733
-1501 -4679
3976 4806
366 -3032
-4306 -770
4291 924
3999 1489
-4015 327
-3590 4784
-1952 -2296
2785 -3895
-5727 2723
-5438 1410
2232 3087
5345 2163
631 -3901
3690 -4598
5169 5116
5211 -5935
4845 -3517
4155 5517
3064 -5452
103 -3539
5931 4792
5666 -2885
1299 2283
-1171 3964
-2313 -4702
-5861 5551
-1829 5169
2414 3481
-1589 5366
-200 5381
-702 -1581
1200 -3226
4808 -2057
-3096 5729
250 -5155
-221 -278
1326 -1269
1614 -5945
-1 866
4513 -889
-1605 -5158
4793 -4583
1973 2377
-5818 -2187
-3671 -3220
3300 1512
3215 2034
1416 4842
4525 -5149
-2211 -5870
-2014 43
1026 5870
2166 1957
-5768 -1602
-1008 1467
2688 -5093
-1666 273
5629 -5679
4372 -3905
1331 -573
2321 -755
2459 -3470
-1740 782
-5576 -513
2285 2860
3895 -1275
1387 -1387
-5477 1032
5443 3192
-1885 3221
5415 4530
5820 -2772
-5342 -5040
3192 -47
-1202 5433
-3513 1561
-2950 3354
2526 3492
5429 2375
-3561 -4145
3013 -4137
2272 2727
5458 -2935
-2310 -2499
-2382 681
-2218 431
5284 -5413
3017 -3071
-3604 880
4158 1142
-1914 -3932
-5394 3587
3465 -3874
-1544 3699
5337 -5528
-1965 4074
4777 2408
-1115 5385
-819 -3297
-4155 -1282
-4313 -1331
-5857 4076
1587 -1750
1875 -3510
-1492 438
-5044 1424
2834 4740
2459 3569
-4382 -2544
3492 -1742
225 -2376
-2219 -1211
-1827 -3144
159 -2122
3712 -630
69 2054
4888 4040
855 2989
5421 275
2869 1386
2603 2436
-5270 -443
-1802 137
2397 -1815
-3801 -1411
2286 4870
5000 -4218
-2245 -2728
-2641 1684
2569 2693
-3405 3255
-397 -1573
3084 2322
-4157 -2911
-2447 -510
1047 -2342
-5068 5331
-1211 -3017
3596 -1666
635 -273
-1752 -4570
-4966 -4540
3299 2697
4256 -1126
-1093 3111
-2249 1262
1628 3079
-3429 4702
3025 -4703
-5621 5150
-3804 -4271
1305 1863
1871 -607
-4596 -5587
-4892 3479
1345 -2693
5569 -5906
4610 -3776
-84 5514
-472 -1133
1106 -88
-1200 -5666
-5169 4951
-2494 -1452
868 3580
4200 -5562
2659 3691
2127 554
1838 -1385
-5136 148
4655 5958
2746 -3479
-523 4493
-5711 3035
-4315 2672
4982 -4131
4336 983
3346 -3428
-3201 5304
-4617 2720
3334 -1597
3520 -1920
-5933 -4970
-500 -2637
-2340 -4975
-2173 -4982
3725 -154
-3188 -3711
-527 -1066
-3182 1904
-1512 -5905
-1252 3713
3641 1950
-2064 -4975
-892 -3351
3747 629
3150 5155
-2915 -4436
-5292 -255
315 -5646
3926 2128
-5017 4149
-2 -4729
331 1945
3168 2852
-3023 30
4233 3735
2497 -961
1020 494
-1876 3360
210 2166
730 -2613
-3816 -3292
3059 -258
-5315 2545
-3944 -5710
1658 -2832
1686 -1401
4530 -1092
4204 -2119
1281 -4147
-3406 5896
-1473 633
57 2450
342 2116
-376 3752
-5425 3788
-1721 4716
-3146 -2414
4058 -1253
3916 1887
-1590 -3907
-3904 -3101
-3025 -5756
-5560 -702
5428 5828
-608 5129
-4040 4509
-5190 1385
-5071 243
-4967 4766
1334 2327
4492 4867
4041 4370
-5797 -2339
922 -2795
1223 3204
1597 -1484
3029 -4153
2752 3660
-2230 -1420
2337 -3156
705 -5145
2431 -2358
4239 -3701
1237 -2192
-3453 4908
373 4863
-4424 -1729
-4105 509
3049 3158
-1678 4199
4755 3610
2569 1945
-2857 5865
-2213 -2800
-5066 1446
-94 2032
-2671 3861
-3154 -5494
-1507 -5921
-3967 -2804
5721 5364
-3365 -3953
1500 3680
890 589
-649 3748
-2108 -2076
3121 -3171
4811 -3387
1329 -4065
-4391 299
-2956 723
-5448 4388
-2758 2020
-5553 1094
3719 -1726
-3270 2675
4462 -634
-2508 3935
-2636 -4876
-5049 5056
-5606 -466
4936 2404
4963 1568
936 3603
-2701 -5762
-1126 788
3285 1448
-3784 -5511
-4012 3368
-3953 183
-756 -757
217 -2208
3256 4450
-3245 -4369
-4330 5381
-1713 -5291
294 843
-2794 -5120
-3511 -3953
-1432 -4102
1423 1831
-2934 2086
4461 2839
-4908 -1888
-4538 4865
-4406 -2256
5335 2043
65 -4586
278 -3074
-1231 3466
4251 319
-5107 -731
-601 3118
-991 893
1100 -1708
-4107 1542
-719 1397
-3225 2418
3223 776
-2549 -1428
1014 -4862
348 3971
4140 3683
-2315 -211
-2841 -4674
1048 4562
3549 -4145
941 1306
-4068 -3805
-5278 1652
3450 -2896
-5669 4064
1142 -610
4926 2145
-5405 -3100
-5633 -1002
4293 3004
-2719 4934
-4206 -5942
-3658 1253
5029 5018
-65 -5393
-755 -3328
392 -598
-1036 -1707
2486 -1667
-4278 5116
4648 1161
-3441 2578
4917 -3810
-5953 748
-2037 -1521
-2353 5882
4442 1638
5146 1978
3316 3108
4421 1325
-2200 -2208
-2258 5184
-1212 5601
2447 -4041
-2048 2010
5732 -4001
-4949 3824
-4755 -2500
4988 2926
5554 -2594
-1380 4340
2290 2667
4580 2801
5862 -4794
-5033 5171
745 -5476
-5822 -2994
618 1060
437 -3167
-2472 -4266
-510 3814
194 -1010
211 4728
883 2924
2511 1544
-2540 -2649
-4264 -5321
-3040 -2622
365 1209
-3647 -5753
1805 2629
-779 5505
-5646 1140
-3264 5225
-5624 -1407
-483 3627
4260 5605
4013 304
3927 -2632
-1907 -1631
-2942 506
-1634 -3081
-5516 -2739
184 -5634
4180 5964
-56 -5473
4001 5598
-2854 3882
-1768 5301
-3524 -2371
-5010 -2279
603 1370
3874 -1898
5822 424
5221 -547
3355 -288
-4669 5127
1102 -2196
-3267 2699
4154 -4979
1529 5459
-3766 -498
3234 -1252
183 -4095
3780 -3685
-3619 1292
-693 -5535
-4275 2742
4307 -497
-4811 -2025
4852 -3365
568 -1259
2667 4281
3537 -5076
5488 -4905
-2751 -3774
-2665 4159
473 3412
5419 -330
937 -3844
1656 -2061
-3718 -5369
5172 -311
1500 586
2990 -2611
-31 -291
-2064 1250
2244 -3543
-4359 2300
-1971 -4794
-1988 5643
-327 4391
-2544 -2217
-4781 -1204
-5860 5843
-1110 626
-4009 -3464
3908 1971
4484 914
-1646 -2715
3759 -2775
5221 -2314
-1490 -964
4230 -2688
-1555 -210
-4335 2482
-5740 3425
-5818 -4435
540 5138
148 -212
-344 -4786
-733 4080
1758 4536
2982 -4953
-2748 1452
221 -5494
4252 -159
3994 111
2003 2444
266 -653
3004 -4689
-1114 3052
-2431 -5166
-1725 -2393
5207 -3486
-2563 -1822
283 -215
-537 5190
-2221 -4860
-429 5263
1829 -3069
-414 -4807
-3543 -3416
-1934 -4580
-5541 2104
-3700 5570
1798 933
5291 5415
291 -5034
-2762 -4661
3556 1848
2988 -62
-1228 3494
3340 -1230
-4934 3626
3445 5907
1565 3657
-2203 3812
5079 -2027
-4885 -5725
1713 4415
-3157 -3573
-4396 3952
2150 5443
-5718 407
1047 -336
-3311 -1538
-656 1767
1294 -203
-2474 -195
-5630 3853
-116 -250
-1938 4192
-5240 1446
1750 785
4558 2611
-5841 4261
792 2456
-2066 5489
1962 -5775
4920 -903
-3155 -4084
876 -4835
-4822 75
3533 1311
3525 -1958
4119 -125
-1163 -2407
-5535 3058
-2685 -5736
-5793 -2680
-5012 -75
3892 -3410
-3317 2861
-3707 -219
-3361 -5207
-928 1254
-3235 1059
-4317 -5317
4409 5008
2374 -3507
-5331 3746
786 1138
-5294 5915
-4141 3189
-1644 -3424
270 -2009
-744 3874
2407 5562
-4428 296
-768 -2256
1471 -443
-1584 2592
-1914 -5359
2160 5504
-835 211
-3661 -2041
202 -2647
-2576 -759
-3883 3400
2332 -2067
2423 3716
3773 2336
564 4916
-4019 -1150
-5926 -3465
4090 -632
-4107 2727
-4778 -3241
-5344 -216
494 -2962
4961 5217
339 3644
-1112 -3248
-4914 -2216
-3892 -540
-5302 5342
2148 -1731
1623 -3703
1293 2963
-1329 5199
2201 -2780
3305 5077
-3701 2366
-5912 -2164
1632 1464
-2221 4310
-2256 -3425
-3253 171
2708 4640
-3061 4362
-4577 5003
3344 -4956
-1835 1287
-4966 -4154
1809 -4832
-2243 -2320
2067 984
5768 4277
1957 -3388
-5838 4051
265 5827
-1142 -5452
4152 -1572
786 5466
-3554 -3060
-2420 -2541
5585 -135
3674 2911
5961 4394
-2022 5311
-5049 2298
-2083 1696
-2623 2354
1153 -4184
-4151 -79
-5012 3292
1116 4972
-4483 3890
-5216 5390
-5373 -614
5532 -3624
4320 -2599
-3603 -4792
1305 2070
-2278 -2540
4888 2946
-1258 -4970
-3931 -5832
-5141 3564
820 690
-5571 -1686
1148 -200
1927 286
-3580 988
-2379 4559
-5618 3871
-1597 1165
5720 4057
1750 3011
-4945 4710
1068 5650
-1398 -3236
-1026 4923
3517 1499
-3294 -3574
1739 2828
-408 653
-2521 -128
-5803 -3099
-226 -233
-1378 1772
-5916 -4681
-1168 -4662
-4987 -370
-158 848
-5157 -2542
3413 -5629
-497 -3957
1521 -536
4776 4967
3738 -1012
4671 2368
-4646 -3431
-3755 -2835
-1397 -5792
3445 -464
-5408 -318
-2946 -4087
-4251 -5458
669 -1594
5458 -3891
-2698 3851
-2937 -5235
630 -3176
-2929 -600
-4436 -4914
3628 749
-4824 -3265
5343 -2918
870 -4886
-3993 -134
-1059 2853
-4630 5130
-1273 4723
510 -464
3833 -4072
-4296 5463
3316 -3443
-1594 2225
2923 5602
4212 -39
-4741 3577
-2028 4413
-789 4179
514 -2421
-3990 -1677
3073 176
1386 -2790
5300 -3198
-3719 -5289
4429 2061
-1519 1314
4124 4423
730 1874
-3627 -1712
-1355 -1331
305 1245
434 2447
2066 -4913
1916 561
4199 3578
-642 -5028
-3887 5918
1886 -1576
939 -2140
3333 -375
-4749 -189
-4399 1066
5386 -3855
860 -1416
-4293 1631
20 -5169
1963 3829
3251 -2084
-2910 1971
-4718 4894
-1162 420
-616 4894
4894 -4029
5042 -2572
-615 -5769
-1473 3908
-5481 4972
-798 30
3926 -807
-5016 -3763
5042 -2550
-1443 -3295
-5195 5840
2887 -5875
4811 1862
-5411 -1871
-4854 957
5261 -4541
-4402 -1123
-1832 -1338
3663 -5791
-4576 4749
-1496 -3502
-2576 -940
-5458 3537
5295 691
4829 3996
-3352 2563
2047 33
5373 -4967
4601 474
4775 -1583
-5503 4565
1314 -2413
-5441 -5332
-656 -4242
803 -25
-2653 -4210
2964 3010
3426 -4885
-250 4342
-5960 2116
3065 2348
745 -5938
-2390 -576
2694 5702
5185 2999
1078 4785
-2679 -4826
2146 -4314
2146 526
-5499 3749
-4975 -3186
671 5631
2991 -4967
2090 3449
5175 -1183
-162 5035
-5748 3587
-2928 744
-5361 -1764
4219 -3952
-630 2079
2804 3568
-2258 4074
-5275 -2563
2078 -5333
-3746 -4820
-4447 -2662
-1328 -4095
-530 -5635
1767 2055
4921 -5114
996 1851
3787 4616
-5957 -5772
-280 1821
4027 5762
2562 -5692
4299 3949
-2461 4721
-3209 4997
1243 -2407
-3582 1477
-208 -3740
2357 -753
-1864 -1360
-665 -2202
4294 1161
-1320 -4771
4026 3417
-3831 -3873
-1966 4665
3714 -216
-678 -2194
-5252 4519
572 -4118
1284 -1927
-5520 814
-1762 1413
-4764 4721
-5135 890
2122 -801
-1217 797
2573 -1443
-2422 5283
-4508 -252
2916 798
2381 -325
3880 -1589
1783 1944
-2225 2256
5484 3047
-4053 -5541
-2532 2800
4593 -53
-2763 5557
3466 1093
637 -4857
1832 3706
-5783 416
1171 1636
-4299 -546
-4233 -3007
5630 166
-1855 3643
-5548 -61
2729 374
-2709 -5904
5219 5466
-1268 -5075
4780 -4231
1519 5415
2539 1334
4217 2067
-3387 -976
-1508 -5949
5066 4689
805 -3191
4701 -2802
384 -2522
-529 218
3839 3638
-5381 525
-5480 -2438
-5277 2666
-5209 4453
5354 2257
-950 3666
-1365 5839
-5438 2702
-595 -4978
2718 4933
-1597 -343
2915 -616
-4137 -4824
-370 -2338
3252 -2103
-4024 5955
-187 3027
5748 2895
-5736 -1300
-3888 -2723
-2134 1753
4399 -2141
-5000 -579
-1412 -4888
1256 -2285
2418 4472
176 -2881
2738 -4091
857 3677
-3150 5634
527 3042
-4332 -1554
2692 -1396
-1059 -5771
-5375 -1852
-279 -5174
3681 -1630
5906 -5256
3215 1111
-4304 -5251
-5713 -58
817 -4358
-664 -56
5386 -3026
-2341 3063
-3285 -346
3431 -2581
2991 5103
3701 -5051
-4513 4059
2907 -4695
-4422 -177
-1761 -5084
-5608 1687
-2406 3028
1465 1828
-3503 -3163
-5865 4440
-1011 2698
-3967 -5550
2837 1281
1683 -2682
3985 -299
5846 -1085
-450 5195
-5537 1738
1006 5287
-1030 -3629
-5022 -5617
-2741 -2270
-5471 -5209
-1461 -477
1963 -4489
2697 -5123
-2194 4895
3628 4139
3154 3649
-3650 2375
-1932 -5589
1839 5265
3709 -2118
4959 -641
1919 4764
-2026 -2235
583 -2786
2060 -5631
-3635 -3129
-2357 -2410
-1985 -690
5342 -5110
1753 2849
-5220 -5440
-910 -5447
-3844 -8
2252 2480
505 3089
-1748 2928
192 2218
1581 1685
-4776 -4399
4355 -3047
5279 -4536
-5066 -4932
-1322 2050
5848 4832
-4579 -1561
-3383 4783
1615 -1890
3222 -2027
-4823 1502
-1561 2563
-3644 -1665
2341 5774
-4379 -2570
4482 3005
206 -1596
-539 4887
2838 -3391
1339 4091
2429 4136
5475 -4470
-4618 2796
-2302 -5169
-5626 -2372
-5678 1752
5611 3964
1253 4838
-1316 4447
215 5495
-102 -4249
1361 1480
-4932 -2113
2252 -2151
4371 -2657
3032 3613
-5497 5467
4278 -5833
666 -5371
1165 -578
-3414 -4350
-4494 -1009
-3301 -817
947 -5059
3715 957
-3478 -4513
-3364 -3409
5283 -4726
5557 350
-5743 -23
-950 4007
3 3431
1842 1728
-3342 -1903
-2232 -874
-1725 5614
3326 -2334
-3289 4212
-340 3797
-5592 867
-832 452
-2382 -4399
356 526
2657 900
-2776 3197
-4892 4829
30 3025
3735 1112
2853 494
1219 -3187
-4275 -167
2856 -742
-649 -5456
-1639 -4221
3039 4399
-135 2483
-4278 -2353
1393 3298
-4271 5374
-2598 2961
3688 1873
-2397 5522
696 5398
-2335 4843
3695 4481
1306 -552
-1899 -3569
-2920 -4991
3192 -4268
-5701 -3482
-289 -3395
2020 4742
-5736 -4192
900 2196
-192 -1517
-5266 3564
-5513 4842
1815 -475
-623 2353
2203 -3982
-2222 -4226
-1158 -3151
-310 -2968
696 -4888
4076 -4015
3605 -1324
-2296 2296
3752 1774
-289 5648
2269 2847
-1633 2577
-1060 3858
-2551 2447
-3709 -1789
-5158 -2139
-221 545
-1069 -5710
-5418 -2154
4278 5944
3695 -1530
2712 -3923
-677 -2806
-2398 -702
-3568 -3758
4584 222
3303 -5267
-1734 -5457
-73 5646
2903 -364
-2157 -1257
-4128 -2714
4535 2886
-4440 1521
1266 -3447
1142 -2255
2599 1304
-5479 4153
774 870
-263 -5759
-2419 -866
-3585 2086
4045 4596
-2164 -237
5485 633
-661 -2738
-2675 -5011
-2316 -1556
-2368 -956
2585 1721
2848 3174
4805 4258
-622 943
-910 5757
5430 3742
-4659 2903
1474 -3449
-5167 5201
-3799 2056
4020 -2252
1323 85
-4749 5513
5905 -2312
3745 5515
1635 -3643
4337 5003
-274 -746
-5886 -4039
466 -3764
-2808 4967
-4857 4175
1075 -4754
2103 3112
4471 -3640
-4945 -3926
830 -950
-4061 -704
5737 4528
588 653
-4824 -3225
-2453 662
-5922 -5378
4290 -3970
-5186 2493
-5572 3712
-5128 -3895
5561 -5381
-1805 445
-5302 -1195
-5880 -2825
1581 3621
1300 -4733
-71 3618
543 3184
-3868 4492
-3673 3240
5352 1586
-5237 -2740
2877 5523
1335 1164
5393 3899
4649 -3227
-2287 -5376
4536 887
5567 5411
-2453 -2060
2734 -1569
3596 -5474
-3215 -5870
-2648 -5442
-3418 -1566
4890 -1791
1837 -4156
-5009 -5428
-3974 -4896
-1026 -1773
-1183 12
3104 1879
863 -1021
3238 3368
-1908 -2341
-3348 -3323
-5559 1905
3430 5912
2181 -2052
3128 5685
2458 -5374
-512 -2430
651 -2906
-3408 5537
4365 5463
3276 2541
716 977
-5629 3388
3770 3845
4701 774
-1620 3908
-4077 -3392
-2966 4026
4339 -3180
-4991 5176
1660 -2946
-5152 1485
1883 -5676
-131 5427
4282 -4548
2731 -3175
4142 5853
-3355 711
-4029 -1160
2918 4640
-3454 3957
-3889 -5714
-3674 3415
3432 4798
-5342 5015
-2553 -1772
-886 4992
2389 -2329
-2675 3313
-3792 2119
3052 3666
3643 -4037
1100 3147
1574 -4459
2188 2337
154 224
5759 -2853
1950 310
-2110 1714
-1739 5254
5591 -2966
-4938 759
-1385 -3277
-5166 -5246
-3075 -2729
-3680 2857
-5735 4901
-1586 260
-2759 -4
5573 -2468
-50 5004
4819 19
5570 -4758
-1249 -1970
2882 -634
-2615 4382
5774 2662
5364 -4072
-3360 1320
4415 -1495
-2167 1183
-4522 874
5265 -1588
3063 5824
2560 5061
5764 -3265
5474 -2377
1743 3270
-2127 450
1607 -3411
1360 -1571
-3908 -2244
2406 2303
3807 2271
2733 345
-2261 2396
-3244 -341
-5662 -5860
1382 5436
-3400 -921
-760 -5365
356 -5744
-5501 4590
-5676 -3710
-3470 5940
4408 3332
-5269 -960
-4353 -967
4422 838
4292 -2847
-1991 1914
-5252 183
1436 1956
-3655 -5707
-802 799
-1117 1200
5817 3164
-426 -4986
5372 -4717
-367 2464
3025 -2023
2401 5430
-3265 -3087
4315 971
-5355 184
-3123 1738
2189 5126
4324 -649
-5185 -3701
2571 3006
-3342 -2215
-718 -5793
-630 -1598
3282 3389
4098 -813
-4726 -5796
551 732
2664 2848
-1966 -5748
4287 4316
-5773 -1918
-4834 4509
2960 5121
-3449 5380
5054 -5592
-1424 -5509
2466 1504
-2364 1686
-969 121
820 2470
1107 -5139
-2339 -2853
-1685 -1785
1712 5322
4547 -1827
-157 3026
3962 5621
-3832 330
-1425 -5671
3151 1942
3272 658
-124 848
1258 -236
2572 -3040
2823 2909
3990 -476
690 3473
3990 3360
4021 -369
4842 4563
5477 1521
794 1349
-526 520
2130 1282
-5693 -5931
5519 3270
5147 1799
-4413 -1784
5890 -4181
3713 5354
-5479 -998
4004 -4419
-5504 110
-2171 4910
-679 -5226
-1370 84
5399 -5036
-4601 1879
-3602 2485
1969 3752
-3901 3787
-517 4432
3955 -218
-5474 1418
-3758 -4743
5672 5841
-3828 3705
-5816 -2338
-4498 5078
5175 -1582
-158 4907
2953 -4541
1067 3349
-2049 -1071
-1743 -351
5932 5277
-4334 5605
-2367 -904
-5226 4348
4289 428
490 -4782
-3723 -2350
2098 5029
4520 4233
2392 5443
-869 4268
-2678 -5291
-2899 -3830
-297 -4809
3918 548
-1659 -2839
-1838 4069
-1988 565
359 3106
3009 -3652
-4488 2587
3465 -5551
-3222 743
-2947 321
5291 822
-2669 4753
-5578 1842
5004 4282
-2443 -4609
-4601 5269
-4904 5610
-5960 -3073
-1512 -1233
5623 -2260
-5644 3530
-1051 391
3175 -3946
-5921 -2147
-2597 -5501
-3993 -3248
1378 3182
-2135 -3259
4334 730
-3653 -1873
2488 -3514
2979 -2747
-3438 3219
4081 -478
116 4357
2422 -3460
-5653 5548
100 -1484
-1230 -445
2640 -5581
4078 3319
1992 5579
-4569 4150
-510 -3503
3504 -2678
2021 4230
2713 3898
3260 -3910
-5050 -5162
382 -4574
3650 2263
121 2098
-4177 4266
-3688 514
4011 4344
1476 5346
-2420 5849
-5959 2726
5924 1128
-5613 -5898
-805 -448
-2356 3197
-388 2210
-4452 -2425
-2557 1759
5907 -4055
1161 489
-3956 2841
-1974 -4001
-327 2861
246 2632
2202 2154
-1017 -2485
-4329 -1409
5120 -5277
5830 -2306
5876 2755
-1206 -4138
-2874 -5222
-282 -2150
-5356 513
4321 695
971 2573
-1369 1399
2160 -3231
-1452 -321
3795 -295
-1258 -3424
-3683 -5899
-3324 -47
1358 -5197
-2755 2219
-4690 -5368
1442 -1840
-836 5579
-3840 426
3083 5056
-272 -2072
75 5025
-2798 -3702
1206 2032
520 -4104
-2096 1962
-3537 1270
-3734 658
-5133 -1848
-5117 3825
1566 289
5447 -4036
-1921 4379
4920 -462
-5655 -2940
3437 -4642
-1119 -1241
4737 -3160
24 -3899
-1298 4033
-3989 -4249
-2891 1000
-2511 -3390
-5499 3546
-583 -4515
3132 -4595
-2042 -5123
2402 5109
-1344 977
-2627 -1129
-992 -2086
2549 -1576
-5841 1180
-5794 5782
3578 4221
1737 -2631
-3087 4707
-5467 3507
-1452 -4024
-1158 4037
199 2041
-1846 -2493
-3905 -3519
-1559 1984
-80 -2582
-2155 -3071
-3183 -5160
1691 3195
-1520 -59
4088 -3408
-2729 -3896
839 -5887
5408 -553
-1867 -5175
-1212 2862
5677 -792
3673 -4053
-4403 -4193
994 2795
-2908 2520
5352 -651
-5204 232
-1208 4496
-5750 250
-5744 -1773
-4762 3593
578 5614
-3527 -648
-1373 -4156
3327 947
2303 4635
4244 868
5124 4669
5803 -4005
-5184 2866
3838 5509
5651 -627
-4343 366
-318 2735
-5732 -5809
234 -5127
-2783 -5830
4979 1585
-4657 4714
-1144 2427
-5643 5141
-2556 1855
-3520 1039
1849 2388
-4412 2975
4883 -1247
-23 979
-5200 1883
-4076 -4401
5507 -192
5026 -5480
-709 -1040
-3397 -3460
5524 4285
-716 -1706
647 -983
3549 5518
-774 -1290
1583 5387
4847 -343
2961 4275
-3094 -5705
-1223 2514
4913 -4894
731 -2734
-5797 1341
5902 -1813
5928 -5545
2908 -881
-3855 -2946
366 5805
-5621 686
2065 -4264
-2348 -137
-4753 867
-3964 5039
723 -1584
5944 1134
5717 3508
-5292 1599
1488 2956
2583 -2401
2519 -3051
1035 5772
309 5929
-5375 397
1934 982
-1063 2944
-4882 872
2713 5076
-4809 -3577
-5045 3456
5753 3939
-3368 -1713
-5462 1063
2024 391
3349 -1836
5839 3093
-5576 -1727
1747 -1144
-800 -2467
-5734 2220
-2975 -1190
-2065 4768
-4642 648
4762 2967
481 1016
1654 -4029
4821 466
-3783 -379
-4821 1928
5003 4070
-959 -3618
-4185 -1573
4392 -5103
-1593 -121
-5079 -2432
119 -2827
-1726 1856
-1686 -5760
4211 -2980
-2048 1219
2002 -1533
-4876 -5915
5390 5195
-1632 -2854
5506 -3300
1897 1294
-5387 -3984
-2874 3696
-951 -2345
1344 -1765
1115 -2436
4111 -1970
4147 1343
105 -5166
327 -4428
-4857 1851
5789 3314
-1062 -4683
1360 -1504
4080 3500
-4495 -1641
-4362 3780
-4244 -5089
27 -5395
-2080 3375
-737 5286
-2562 -1981
-1102 3116
783 1802
2518 4825
1583 -3099
-1858 -306
-3846 -5022
-1215 -2267
-4648 -3635
109 3928
4887 5437
5667 754
-5418 -5280
5471 3323
1548 -4575
852 -1436
-3926 -5792
-1340 4606
-4194 -742
486 -2727
2832 -5309
67 -2289
-5577 2904
4600 3783
-428 -3892
4502 5136
3319 -2839
5959 -2862
-4862 5053
-676 -5874
4870 -4351
3757 3255
5778 87
-1486 -4498
-3555 2023
5731 2309
5571 969
-240 -3730
-2481 -233
-1349 -123
2741 -5205
3934 3755
-1177 -2573
-3121 4304
4517 -3972
5620 -1862
-5720 5873
5271 -2618
-5083 -4191
-5183 1025
5757 -4984
-5896 1853
-3913 -2890
3706 4047
-888 5940
-3579 3570
3246 -5889
-3289 -4673
1765 -2317
-4806 627
5529 172
3968 1818
4064 4335
3810 439
216 -5308
-3655 -812
3656 -5093
-3295 5285
5246 5509
-5890 -4296
1524 -182
-1859 2506
-4968 4372
4611 -1164
3784 -2153
-1403 -4893
-1818 5573
-3976 -4712
-2502 2275
-3879 -1074
-474 1033
-2161 -526
-3243 3952
795 -3889
-5308 469
2107 1047
3492 -611
-168 -5139
-3186 -5111
-437 -4169
-865 -925
-3549 1216
206 4819
850 932
-4622 2557
-4818 3401
-3725 -5462
-442 -770
3691 -5059
3353 -3887
-291 -5528
-5859 -2213
3123 699
-838 -362
-3867 -2058
-1787 -5642
231 -5926
-374 2545
-128 4434
5929 -4094
-994 934
-4358 -5790
-660 4011
2373 -3092
-5764 -570
5454 -410
125 -3633
-2489 4421
-5653 -3809
5635 -5288
-2795 406
119 -5657
19 -1454
1723 768
-5239 4280
-2449 3779
2608 1926
1899 435
5026 -2546
1612 -5135
483 3713
-5492 4431
3985 -1187
-2165 5393
-3745 5153
-1806 479
3446 3771
5427 1247
2633 3958
-1248 541
2219 2681
-1313 5857
-5596 -1922
3085 -4501
-4957 -1059
-2152 -2527
5890 -3648
3463 -5831
4651 -5383
4037 -432
-401 -5580
-1358 -5635
-1451 -2455
-2008 3050
-468 1859
-560 -1901
-302 4757
522 -1265
-4108 -5522
-4345 2611
-3484 3049
-4357 -3426
-5369 -5908
4172 5047
3514 5434
632 5170
-3154 -1146
-3270 5059
1201 -3806
1069 -5318
-3684 -390
-3031 4999
1554 -1769
-2074 -114
-1583 4504
4261 4491
-4411 430
765 -5919
-1688 901
2029 2527
-3054 -3028
3328 -4934
912 2335
1880 -3393
-3981 1693
864 -2685
-2114 1666
-5018 -156
-3924 2097
2308 -1518
-2717 3994
-5682 1429
-462 -1136
4425 -5080
127 594
4472 5487
1067 -5172
-4585 -2741
575 4255
-4438 2059
-4105 -4327
483 1477
4823 4339
-5168 1789
2508 1065
-3909 806
-2133 1859
-853 5555
-96 -5413
1648 -3840
-3202 5278
1999 -3076
-5823 1538
4444 -1570
4732 -4193
-1742 -4288
2710 5586
-1109 -1780
-23 2497
-2153 2354
2846 466
-4838 3785
1104 2304
-3682 -4939
-1096 2721
2406 -3489
-74 -1851
3516 4651
-2050 4532
-2015 3460
1403 -417
5580 235
3220 -3681
-4645 4574
2953 2943
5795 -3072
-5694 -144
-4210 -287
3125 704
-4521 -1394
-2749 -4286
-5239 1890
-4534 1403
3663 2772
-4451 -5109
2826 4098
920 792
-4441 -4999
-1634 -622
-5370 -270
-176 -3690
-5834 -2279
-3841 -2176
-1686 834
-1367 -5108
2819 5777
-269 -1418
2142 -1165
-540 5006
-4408 -125
-1496 5265
-5873 3320
-1308 -2902
-3469 5654
5945 -982
526 -1810
-3431 3276
-2486 -1105
-539 -3049
-5534 -3350
-3530 -4310
3526 -2734
5636 5794
4015 2133
4111 -4682
2399 -5212
3233 3044
-2607 -2885
-2286 -1070
5141 -1746
-2559 3000
1937 -528
1456 -4727
-4881 5692
3645 5593
-5035 -1299
-500 -903
4252 2075
4476 2094
1502 -4338
5209 -5781
-2729 -1855
1875 1878
5184 -5570
-5145 -4917
-4564 -1945
-3022 -1151
1133 5405
2018 4552
-5048 4195
1012 1440
2281 -3418
-2196 31
3083 5383
4255 2784
-2362 -5922
25 1728
476 -1789
751 3759
4653 3288
3396 2609
54 -214
-4075 -5941
-5786 -5679
5616 -3627
1719 -4132
2901 4466
-4567 -4791
2002 1595
2028 -5660
-2778 2061
3202 760
4670 3453
5158 -5758
-4509 2863
2707 -5406
3309 2250
2972 4727
-4868 -2369
2098 -3964
375 355
-336 -1492
2848 -4205
4250 3818
2614 -650
85 -3745
2467 -2127
179 -177
3601 821
5531 -5553
-394 -2901
3131 -2795
-2430 1170
-4460 443
4307 2021
-551 -2665
2274 4005
-4028 2146
-2378 -5920
-4768 -496
2629 -3266
-948 3901
-372 -5487
-5407 -3915
2737 -5598
3397 -5084
-3220 -2401
4815 -3900
567 4749
2513 167
2006 -1012
4645 1716
-3698 -2479
-1203 -4722
1525 -2113
2729 -4087
2361 -2518
2678 167
-2133 -119
2668 -1709
-4883 -618
-2550 -4010
-4297 3503
-4301 880
2997 4510
1371 3735
5551 -5947
-3051 -1169
-4491 -736
-1776 5816
-2355 2029
-3070 2963
-2282 2864
880 -1900
-4693 5177
-3038 -5816
4255 4845
-5037 5601
5519 -5046
4026 2951
-4263 -2300
4241 -2947
-3137 -1132
311 3513
5445 -5540
4959 3662
-908 -4643
-4804 -3210
-4411 -3290
912 -5759
-3764 3660
-4569 1595
-3028 -1011
4082 -5631
4984 555
-2828 2504
-210 -2545
3546 5337
-2761 252
-5200 2450
-4726 -5393
-4337 -1198
-1869 -1087
-3008 2164
1868 4395
2534 -5366
-3753 5847
-3066 2222
-1377 2882
-400 -4706
4084 -3513
5690 2234
4961 5138
1424 4066
5574 -3685
5667 3304
4802 -3184
323 -1670
4756 5559
1095 3727
2792 2150
1245 -2219
-4215 5569
2866 -5609
-3024 3827
-2096 -1601
4207 5577
5232 1146
-5911 884
-1679 4252
713 1685
959 -5853
-2498 4236
1890 -2678
-3965 4013
-3821 -975
1744 2941
413 4260
-1663 -3899
-2175 4124
4133 -3327
-3272 -3174
-605 -4645
-311 -1464
1806 1128
2226 -4195
-2363 3528
-2457 -5079
120 -2773
5044 -5433
-412 4111
-5946 4225
3780 -1360
-3231 5504
-1412 -2935
-4031 -3420
3267 -2837
-107 4927
-1280 -2183
-5300 4246
-4622 -2504
1761 -3445
-616 3390
5485 4253
4276 1372
-5946 -288
-4553 -5085
1101 5104
1836 -1308
-1175 -3132
3292 695
3273 -967
-3659 4348
1648 -5271
-1754 971
4167 1435
-5434 190
4418 3741
-5248 -2704
1669 5710
-1547 -152
-4314 5815
-4558 -2350
-1370 -1384
-4266 4167
-2051 -4979
2140 4087
-4021 3015
5399 -5246
-1445 -4457
-1948 2396
5822 5663
1221 4127
2419 4730
-2657 -1409
2060 -278
2728 -1731
5220 -2225
-4758 2878
-3071 -242
-210 -220
5332 -5888
-1458 5136
-1332 -2910
536 1208
-1440 2402
-5145 2463
4686 1252
-3239 5689
5058 -2850
-3051 -4003
-3944 3208
4681 -3224
-2121 1229
4934 530
3188 2663
-4631 -1295
1527 2695
1969 -1721
-3235 5823
1835 1555
-938 -4599
5829 465
2948 -3064
-2425 180
903 -970
-1019 4646
-2571 3871
-724 1162
-5326 -2006
-895 5117
3767 2912
-1369 -5720
2321 464
397 -4531
-5131 2868
2363 -1154
-1099 1178
4051 -2657
2370 -4691
1344 941
1559 4623
-3237 -5419
-1137 4776
-3969 -2019
4425 13
4752 -1496
-5742 -3451
-788 -5865
169 3789
-2152 1496
3507 410
-4296 1584
2486 -567
-3019 -4476
-2871 -5950
-1773 3485
-3159 5220
4415 -2219
2235 -2727
-3423 -2236
2422 -1052
-143 -3836
-3809 384
2465 1272
2322 -306
245 5018
-5405 -4461
1797 -3691
-468 -2720
-5027 2619
-2994 2111
982 -5884
-3819 4111
-4286 3305
4969 1581
-677 1127
564 -3516
1203 -1914
-2070 4397
-5607 -2671
-5717 4671
-5749 -2654
-689 4678
1316 2666
3346 3939
3122 -4561
-560 -3283
-3041 805
-5346 1247
-3240 321
-3063 5620
164 1171
-4062 2749
278 -1907
-1401 -2122
5746 -5961
2420 -4849
-2557 -1982
-3734 2377
-5758 -2024
-1362 -4971
-3799 2843
-3685 -1679
3310 5176
-5888 1506
-478 4387
-2197 486
2981 -979
1314 -5651
-1229 5913
3144 -5170
-1839 5489
4413 1913
-4089 2439
-5541 3350
4404 -4073
-3630 -3474
-891 -2963
-821 2219
-5477 4523
-3517 1114
-5426 975
3755 -767
-3948 -3614
-204 -5814
2535 -649
5845 3599
1542 -4620
-238 5942
1506 404
-5703 -1110
-3776 2040
2726 5908
-4585 4277
766 -1307
-684 -5666
5854 -814
2069 1208
-3915 3127
-2641 -616
-3123 -5047
3831 -899
2179 2005
4541 -978
-5106 1543
-3556 -20
5941 -2131
-4742 2737
-4136 -264
5373 3164
3667 4387
-2676 3592
-1545 -4603
-3924 -2459
-939 -1384
-429 -2126
3021 -1412
3659 5048
4211 4656
-5401 -5062
3886 1084
4382 1981
1949 -4302
-4984 -5830
1337 -5629
-1226 -953
2770 -2254
-3810 -124
763 -5502
1340 3193
-2312 3307
-5630 -2901
-5685 -3978
-2256 5420
-2021 4662
30 4840
-1381 -1321
3818 4308
-1747 5890
-464 2933
446 -81
-3448 63
-4964 4506
-2726 5082
1082 3571
5420 -1969
1173 5001
4656 3999
3333 5612
-1754 4059
-2463 -1125
3709 -3168
-5737 -4983
501 5090
-2908 -2306
4369 728
-5678 4580
4856 -5521
1779 2816
2813 -1229
314 -2226
-638 -1827
2339 3280
2865 -645
2601 -4652
3601 4285
-716 4717
2695 1031
-5834 -4338
4568 -884
1203 -1952
-2725 -618
-5530 1474
-145 -91
-102 -4108
5836 -899
3284 -5832
-2853 -1756
-2943 2380
-5697 2162
5448 3518
-5550 394
-4120 -1580
5777 -3640
-2019 -4302
-1807 4117
-1072 -2105
-5271 2623
5944 -5347
3075 -5459
-1379 -1194
1068 4088
2716 -2415
5590 -1051
887 -549
4717 -5120
-1275 -3086
4458 -334
-1533 -2975
3857 -2595
-413 3275
5847 -3541
-1100 -326
-2973 4133
-2029 -4271
2099 -1936
-3258 5186
-3763 3072
5454 1466
-491 4609
5340 4412
-4066 3329
166 -5037
-4942 2262
-4022 -3490
-5836 4814
-1283 3433
3050 -4969
-5110 3751
4050 4367
4840 109
-5958 966
3048 3187
5861 -5789
5172 -4800
772 -3607
-499 378
-2509 -5144
-5831 655
-2539 -5147
-243 -3403
-1121 -3643
-5169 -1311
-5545 -4769
3401 -617
-2970 3524
5596 5107
1746 26
241 1005
4350 3933
2687 -4443
3611 398
-2792 -5088
1027 104
-4145 1754
4199 -2337
136 3751
5636 1123
5105 -1950
-3878 3655
4825 5470
-1784 -943
-2605 -2436
-3561 2868
-3893 1732
2940 2992
372 3033
1827 1024
-2114 3655
-2402 212
-487 -4538
2389 -4470
735 4568
3188 232
-843 2807
1219 -2173
-4382 1517
-1308 3669
3480 -1790
-5629 3336
5587 835
-703 -4836
-1492 -2719
3833 1566
5548 -3212
847 -4344
-5893 -5880
3382 -3866
1474 -5618
3584 -1825
-4842 426
-3142 -5105
4836 -1343
4707 4565
3616 -4357
1766 4788
4883 -3028
5209 2689
1201 546
-3146 2630
-2626 1794
850 -242
542 -4725
3097 2366
4762 2283
97 89
-577 -3166
-1144 -4620
181 3271
1650 -5542
-3403 659
-1897 4720
-4794 1898
801 -5447
-1352 -757
-3973 -241
-708 -3377
-1684 2799
5366 761
-2918 -2143
1823 -898
1016 -4477
4823 -1825
-127 1049
5245 -2892
2528 4844
-4018 -833
4812 -677
-2390 -5797
-3811 -3552
-613 -4990
54 -5845
535 4043
-3349 2033
-4543 -2301
344 3341
-5123 5791
-2358 1397
2775 2942
1920 -1203
-1861 -5347
-496 -2700
-3714 -4981
5402 1611
-2661 -4808
-5683 -3966
-3738 4781
5715 -1779
414 -674
4087 -1074
-4955 -1615
-4380 -4893
5007 -2665
-3511 1630
5584 1149
-129 4262
5606 -3174
-3181 2218
3948 -2361
-366 -5694
-4980 2845
-1782 -5756
-5063 3822
1229 5305
3920 5481
4324 -2016
3629 924
-2211 -5603
-5600 -1105
5297 -5179
357 2268
4992 2175
979 1928
-1852 -4517
727 -4859
1051 -2478
5308 1406
2202 5043
-2710 -5293
2338 -4654
-4025 1709
4031 -2780
80 4341
383 2496
-5058 3611
-3525 -1734
2974 5591
-4605 -1664
2937 -2119
-1551 263
3873 -248
-2246 -127
-2373 -10
-5734 -185
3551 1423
2762 4319
-2624 5461
-4455 1893
-1913 -1962
581 -1708
-5663 1225
2530 3375
3488 4341
3118 -624
-278 2986
585 -5616
5064 -3873
2189 4642
-852 1823
1965 5232
1396 -3934
5684 701
2708 -5752
-4103 4696
2115 -4477
-243 2425
5297 2111
555 -119
-214 3295
4638 -435
1612 460
680 -5146
3711 -5045
4544 5655
2247 5303
-4 -2562
3685 -1603
3455 -1687
-2567 -3303
1231 4598
-288 -1960
-5361 -2035
28 4424
5442 3253
3955 -3140
-259 -3645
5690 4903
1023 -982
2129 4693
-1045 -168
5114 -1213
-980 -3459
-5000 -3464
2087 835
5891 2392
5621 -457
-5842 -4629
1318 -3047
-397 -3770
-4495 3700
-1912 -4518
83 -84
-2960 1019
3845 -3760
-460 -355
-352 -2471
-5180 5950
-5495 4009
3366 2998
946 3606
4531 3057
-5470 5063
-1924 -5280
5244 -2874
101 13
676 5909
-352 -5284
5559 3978
-1719 -5613
5776 -3869
5070 -5252
-5420 540
-4915 -1864
-1332 -4215
5092 751
288 3028
2068 1407
-3345 -5632
-2447 -1157
2970 5050
1879 488
26 -3786
2813 4423
84 2635
-375 5432
657 3851
-5527 4495
593 163
-4206 -3420
4896 -823
-5866 -2763
3471 -3067
126 1577
-3240 3600
3444 5220
-3505 -3763
2109 3458
-2992 -4695
-461 -1710
-3631 -2860
-4968 2300
1649 187
-2085 -4584
-2964 -2942
3664 -1518
3047 5928
5498 613
5580 -4600
-2155 5737
5167 -3480
499 1570
-1434 3854
2689 -3391
2484 385
-1098 4746
-116 -3131
5592 5076
-4412 5945
-2260 2068
-5259 -4522
-4095 5041
3920 -559
-5439 -5366
-4716 -2474
4057 1416
-2794 2146
4901 4393
-5599 -1326
-5201 4945
1682 1361
5273 1185
5887 2770
-2915 4018
4963 -3496
3272 4645
-5382 -2825
285 -4897
4578 3130
-3477 3193
667 -5711
5635 -2449
4915 4545
5034 1632
-5898 -215
1404 2981
-1714 -5599
4025 1796
-549 3526
-5877 2911
3296 4310
-1364 5815
-5671 -5910
-1462 -2444
4751 3858
5762 4256
3630 3388
-988 3119
-1716 -3371
-1579 -2236
-3545 35
-5558 -5333
-476 4400
-3180 -5267
-5489 3054
-1076 4744
-242 -1787
2423 -833
5596 1926
4565 215
5734 5024
4082 1542
-4607 4964
2675 3868
-1787 -2898
-5055 -941
69 3277
1313 -3189
-4252 2838
-1098 1960
-140 5827
-1897 -2261
-2678 3578
-5614 -5596
-204 2501
-3912 4852
-4303 -183
1254 -337
-438 -2891
1912 3512
4169 5351
-4493 -4401
-2095 1060
-4689 524
2350 -3203
1311 2581
-2882 -3620
557 2965
-4444 -5062
4942 -3251
4272 4329
2785 -2766
-5243 -3368
-2837 2517
4756 -4637
-1537 223
2277 915
2959 -4624
3945 1663
1788 -1033
3096 2058
-4811 2269
-5039 -2711
-208 -1218
3207 -440
2937 -5779
-1612 2466
-3448 5733
-1549 -5521
-4923 -1788
2759 -5431
-45 -2106
2056 3092
2600 -2602
5110 -605
1472 -2804
-5019 -3586
-1839 -5782
-3278 -4172
2401 641
2433 4535
5129 -997
-3879 -4215
-2426 -2173
-2393 -39
-5842 1607
1155 5613
-4651 -1883
3214 1694
5692 4499
641 3453
-5673 -748
791 -5004
-2034 4593
-5809 4407
3575 -5147
2969 2724
158 -731
-5249 -4600
3363 288
-700 -4634
-440 4586
2868 4670
4094 3345
1384 3123
-2856 -4606
-4845 3301
-4320 236
896 -3589
5787 -1348
4054 -4591
-1124 -4551
4885 -5855
-4324 -2731
-1125 -3193
-4708 -911
3225 -3292
400 -4902
-1819 -3517
-2712 203
5545 -1130
-4808 -4140
-2493 -760
5758 -4865
2013 3110
-3918 -5754
5830 576
-1974 -1448
-3356 1701
-2347 5830
4169 5157
-4143 -4566
-848 -5607
1497 -4293
-3433 3372
-927 -5919
1820 3066
3674 -3067
-230 -5752
-1008 -1764
1320 2
3820 -2980
4816 -3629
1674 -585
768 -4866
2540 3429
4646 -2912
3205 -2883
-5404 1717
566 -4520
4797 -2812
-3216 -1857
-301 1254
-685 -1833
2977 5354
650 3921
2392 -2391
2561 3232
2922 716
-5338 5736
2686 -1910
3342 1678
-4623 2682
572 -1193
-3642 -4240
-3423 -2843
-1052 -2187
-3010 -819
5521 -3169
5924 -2428
4201 -5168
-5658 1346
-1918 -4991
5320 3617
-4369 -3059
-1160 5778
334 -3537
557 -5678
3624 -5514
-5322 4691
2516 -4138
5341 4521
-1771 5722
-4939 -3064
-5868 -5965
5041 1553
222 -828
1787 -1460
2918 -41
-4883 2046
2080 -3328
-5643 3353
-3054 -2761
-5907 885
-758 -3026
-3883 3309
3399 3632
59 -3857
1306 3586
2877 1096
2688 -1034
-5120 -4980
-2284 5177
-4937 -582
-4164 3307
-5864 -2056
3319 1850
-5134 -4814
-1645 3108
5645 2027
-2605 2223
-2617 -36
-5249 -5703
-3906 3247
3570 -5967
4860 -4663
448 665
2134 -473
-4287 2097
-5933 2055
1691 365
-2272 4775
-3366 4896
-3581 -4101
5328 -560
-1830 -1753
1108 2048
-3193 -3971
-3958 5440
-3678 5560
-4802 -4368
3300 1770
4947 3718
-3322 -3813
1422 -2712
-1045 5933
2653 2558
5608 5764
-4369 1461
1313 1478
-4239 -4497
-5196 5032
922 5832
-2528 4211
4821 3989
2065 -5218
-2021 -4352
2043 4643
-5226 -2164
-1254 -35
-5085 -2125
1617 3720
609 3210
-4324 1995
1027 4261
589 -2132
-2791 -2601
5120 -3540
-1054 -4425
3029 3971
203 -2645
3208 -5118
-5281 -3941
-654 1720
2867 3119
4872 2390
-4775 3089
290 -4899
1408 -4945
-2555 -3327
-1723 -1082
-1101 3861
-1640 5525
1233 -1310
-5172 -3503
5763 3933
-5151 1063
-995 -2608
4093 -2846
-350 666
4205 387
29 -5151
-4147 37
-2516 1844
5333 4240
-2254 -841
-3379 1197
-5103 5554
-5118 5650
2368 4489
5781 4515
1642 42
2948 639
436 4645
4897 -5787
3578 5659
-410 -486
3724 5470
4504 1875
-3776 -1614
-2971 4535
1161 860
-146 5312
4277 -2679
-1753 -978
2436 -5206
-169 -4735
3782 5879
2905 -4933
4483 1072
5538 4146
-1161 919
479 3509
-4589 1240
116 -4960
-5250 -3966
4605 -5491
-1275 -797
-5173 -1215
-2067 -2429
1585 -5249
3230 -3699
5637 -5773
4107 -5614
599 5016
-117 4594
-1687 -5696
-4050 3507
2383 3446
691 5307
-3805 -3618
2886 344
255 -4020
-5706 701
-157 -776
3072 4360
3130 -2706
-2432 1230
-3211 4269
5176 -3823
-797 5091
5828 -4911
2611 -5005
-1592 -3835
4005 5274
4355 -230
5503 5831
771 304
-459 -1687
-1806 4550
-4385 2427
1088 -2749
-5746 -3360
-5014 4331
-2467 -4092
667 -2655
4298 -776
2435 2894
-771 1903
-4119 5628
-5526 -2701
-2318 -2628
-3764 -902
1931 5626
5019 675
653 -1136
2622 -2693
-4635 -2259
-3828 -3075
-4802 -2328
-2421 -1548
-2484 -1844
-4610 -5311
-483 -421
-2034 77
-2789 -2521
-4276 3382
1995 -4321
1267 -4272
-4377 -154
2759 -4667
-3503 -612
790 5581
2262 5217
-2944 4267
-357 2892
-18 -386
3992 2021
3613 5287
980 -1614
4075 5488
-1077 -1034
-3646 -2441
4080 -2235
-4255 -803
-2866 -1351
3878 -775
-480 1474
1123 152
3515 1235
-1389 3289
3831 -2822
-4543 -2930
-3195 3469
330 -3014
-4720 2995
2349 2238
180 1990
-298 -5005
5960 1323
-3298 -1649
-1443 -4192
-4469 1149
-1991 -49
2140 -5403
-962 -5799
-2142 5186
-5456 -528
-2342 -4807
209 657
4276 -2156
1297 -5493
-732 -3338
-1537 -3586
75 4791
-4209 -3782
1526 2738
4332 -5276
1752 2711
2960 1033
-2235 -983
1098 -4776
-2069 4775
219 -5672
4527 -952
-4289 4684
-805 3980
5713 126
3312 -1237
5949 4507
2926 -4498
-1057 -1197
4978 -3508
-4632 1441
-5485 -1862
4206 -5880
3776 -2293
-893 756
651 -1406
2075 -2239
595 2917
3347 5055
1116 -3037
-2801 -3450
1956 5296
-3398 212
225 2577
-2654 -3914
-1887 -516
-4287 -2868
5699 267
986 5676
-3907 1779
-3060 305
-4437 -3803
-3730 -2723
4798 2455
-2636 -223
-980 -3944
4868 3339
2156 -1278
-3747 5540
5561 -569
2455 3086
1356 -5839
-2639 5659
-2657 -3082
-1411 5700
5061 -2250
3393 2010
-4252 3195
5942 1512
2899 997
-5212 -679
-5064 -5307
1993 -4460
2854 905
-4043 -2575
-4474 -4501
-4646 -710
5279 -3329
-5707 1343
1343 5015
-2203 5845
-3556 2738
5417 -2814
1678 -1233
-5691 -2035
3405 5726
4045 224
-4131 5537
343 4969
2982 1009
5866 -5675
5936 1388
3723 3840
5566 -73
1070 826
3806 2966
-5274 350
-1886 279
-3635 4252
-2395 3078
4976 5898
-5161 -4208
2722 -5662
2588 3579
4077 3897
2251 801
1171 -1048
4205 -5800
5790 459
3613 3362
-2897 2625
4962 2818
-3615 -473
-4537 3661
3595 -467
-5458 -2554
-629 -3844
2172 1800
-1736 3482
-1436 -5128
-5387 3957
-3722 -1867
-5213 1317
-3119 3605
-2687 -4018
5658 844
123 -1882
-1990 -1482
-4780 -3922
1044 843
3741 -3043
-934 3081
-3842 -1194
-1143 -58
5557 -3295
3752 -2266
-359 -5352
286 275
-4974 3274
-26 -1565
-4931 -358
4819 2602
5471 63
5959 1188
5675 -2707
-5585 73
-1863 -796
5160 2471
-1589 3096
4407 -5592
-1408 952
940 2006
5807 -4795
3000 3640
5229 -2003
3658 -4464
4630 56
-3428 -2423
5244 4358
-2724 91
3798 2921
4233 2076
-5416 2962
-2782 -2100
5681 -4848
-3925 -2385
-4535 254
-4750 -1262
-2444 5378
-5062 -3911
-4095 5049
130 -998
435 -3307
-2492 1045
-3544 4658
-5961 -5094
-1457 -1292
-5120 -2145
2393 -4315
2238 -2200
5085 -1867
-453 5270
-52 2194
4746 1545
-780 -409
-5231 3702
1886 215
5953 3342
-1637 2508
461 5493
-4950 1476
-207 5164
4734 5411
1927 187
-1113 4781
3639 -5602
-205 -2044
-1394 -1244
3095 -5007
-3104 4384
-2314 2655
4882 5330
5725 -4681
5722 5573
5300 3019
-2754 563
2458 3334
447 3111
-4746 4902
4623 -1073
-3133 604
-551 -3707
164 -286
-5706 -38
2425 -5911
3409 -3920
-3617 -4232
2836 732
-1133 -3441
5430 400
5344 379
4060 2346
-2412 -4316
-4043 -3591
4206 127
-5229 -3458
990 -155
1769 -1375
2109 5800
-2660 -4959
4463 -70
-2316 4112
1928 -5556
5320 5367
-5579 1499
104 -529
4396 2273
1540 824
3467 3501
1138 1230
5262 1278
1928 -2531
-5473 -3266
-1326 4736
-2551 -4597
2104 -5262
-5564 -104
5770 -3130
-1413 4657
3066 -480
1453 3917
2530 -1291
-5386 2978
2052 795
2192 5930
4253 -5039
946 2632
-1698 1479
-2019 4793
-409 -1700
289 -2549
5441 5902
5803 -1494
-383 -681
5241 -5607
-2027 -1498
5887 -4613
183 -3309
442 1434
964 4191
4904 -1699
4997 -825
-672 4281
-2866 -2739
-5941 -1476
-4983 4580
-1200 3220
-1934 -3540
-4150 -874
-3138 2345
-2589 2407
-5428 -3001
-4464 -5276
5285 -46
-133 -1930
-2327 2585
-1388 5454
-4886 -5735
-4701 4824
-3817 -4965
-2285 -2603
4020 -2838
3943 1832
-1014 5441
-1519 -4786
2173 -5038
-2703 1387
3023 -4323
-5473 5718
1441 3866
2928 -1553
4970 -2847
-3640 3687
1686 626
-2513 3292
4790 1678
4458 740
3307 -2873
5949 -818
4847 -4422
4457 712
-4964 5595
3258 3801
1608 -5133
5564 -396
4152 5728
-4664 2988
-4057 104
5794 2443
4390 2453
-1716 -1647
-1092 -2557
4271 -2018
-1817 4666
3436 3248
2887 2940
-5593 -2000
-3064 3007
2652 4181
-2315 -3427
-1102 394
-291 4758
5177 -4940
527 -3729
549 -5868
-4148 -1832
-5382 430
-5898 -3263
-5824 3556
-5329 5688
3222 -3753
4575 2667
-1007 2496
-1421 -5778
-5116 -2593
-4576 51
-5961 -2912
5766 3800
5288 -779
1967 1551
-1361 445
1986 -2902
-5238 4073
2752 -13
-5564 1715
3737 3013
-118 -5422
5508 -4407
1781 3991
-202 5084
-2766 -1501
2923 5968
-1021 4397
4343 3659
4123 -5531
-5389 -1340
-2850 -2036
-2156 -5254
5871 -3667
1951 -579
-3664 -5532
-1566 3012
-1717 -2608
-5892 3123
5743 -4431
1786 -2403
-4355 -2567
3746 -3563
-2307 1432
-3853 -1025
4838 1629
3835 3338
681 -2317
-3030 770
-5490 4592
2969 4713
3030 -3453
-5366 -4959
1610 5187
1924 -488
-4203 3490
-209 2995
-1880 4523
4438 386
-827 2873
5651 -2767
1917 1491
-5099 -5437
-412 1267
1834 4796
5467 -4576
-4487 5307
4384 -1230
-3148 2992
-2401 5594
-1055 1250
-2353 -2044
-74 4008
-1210 3002
3369 -509
-3366 587
4627 5224
-2123 4438
-5164 19
-1564 2603
5200 1320
-1996 4453
5506 2451
-3236 -3466
-3069 4213
1833 -2618
-3360 2829
-5556 -5842
-3174 -605
-4993 4013
-3710 -1075
-3262 -1464
-5695 627
3039 -3888
5219 -3008
-4397 1619
-13 -295
-2376 -3745
728 -5769
1127 -1939
2227 2742
2218 1805
-2972 1667
3095 3073
2143 -3783
-4325 -3344
2633 1715
-1126 -5872
408 -5657
-321 -1249
4587 -5032
3107 2755
3392 2784
4369 -5065
-3847 1863
-5321 4974
4665 -2375
-75 4273
805 3286
-2487 2373
-3276 -1969
397 -3824
-1637 4751
-2760 -1425
436 3430
5659 2903
3471 4687
-1493 -4162
3963 -1795
478 2771
-5695 -5845
5407 -5824
3670 3512
-1495 -63
4289 2991
1355 5306
-1483 -4186
1331 5632
3800 177
4707 -3886
-3 3912
4344 -2372
3146 -3710
1297 5277
-3759 -1709
3381 2408
-101 2547
4258 702
4194 2227
5214 4937
3450 4485
1430 4374
-2199 3574
-1889 947
-2094 5355
2894 -3309
-5819 2808
-323 759
1303 4176
5839 2749
-2239 -2118
-5502 -3879
5398 877
-3288 3173
-1701 1557
-587 4943
-1176 -1371
4268 -659
-5920 -5645
-1812 146
1839 -3934
1805 5682
-862 -1112
-4428 -2110
-4023 2080
3412 4932
-687 873
4175 -2636
-3386 301
448 -105
-1185 -3580
-3692 -5340
5684 1151
-540 3631
809 -5034
-3377 3372
-4994 -1324
2714 2657
-310 -4741
5616 -5184
2492 34
2269 5402
-3514 4940
5208 -4005
3544 -1013
-3544 -850
5334 -2844
-953 2255
1204 5778
-140 2652
5237 2054
251 1874
4660 4160
-4537 -4674
-807 -1317
-5494 4664
-5417 -3088
-3663 -890
-5609 -2346
5402 -4250
-1267 565
-2728 5661
1317 -5137
-4044 -1693
-1214 -1118
-2078 -3065
3459 -3720
1711 -5566
2593 3821
-167 1582
2533 5692
-3896 -503
-2143 -3240
28 2972
-1824 -3717
5585 -3208
-1171 2319
-5566 -1884
3011 -3687
-1518 4006
877 -1748
-5220 5456
-5141 -1063
1548 -4146
-4352 -3804
-153 -4510
1 5416
-1762 -1906
-1651 4
3207 1838
5369 -4356
-481 -2431
-3206 3399
2126 5800
-4047 -1207
-1867 -5648
2999 -2466
-938 -1528
-754 4307
-1050 1490
-4573 569
298 1865
3323 5513
842 -1840
2849 766
5206 -2159
2644 -2482
5544 -2398
-5903 -1663
114 -5230
5031 4177
-523 1182
4872 -85
-81 -3222
-1402 -563
-2121 -1563
-4711 -4345
-5364 86
-5597 3440
-2441 -3036
5114 5189
963 -1111
-5497 -2500
-4397 -3877
96 3396
830 -5091
-5509 2609
2523 5297
3952 -3024
-840 -4015
1827 2437
-252 929
-792 5041
3882 3787
-1751 -4553
5436 2518
5872 -5430
4352 2862
-2511 1584
-3749 4168
-309 3604
-2703 2035
-1272 -2637
2541 -5731
-2980 1205
1632 4211
5538 3717
-5858 -3767
4882 4198
-3882 -1028
-2376 -4676
2740 -619
4731 5665
1782 -4557
4015 -2139
5105 5591
1719 2721
3326 -3597
3429 -1860
1516 2220
-856 -2206
3217 1911
4128 3127
1252 833
1901 2041
-3353 1236
-1134 3863
-2530 -5392
-4654 -3943
2624 3120
2714 3113
-3343 2798
653 546
-935 1761
1486 -1591
3983 2145
310 -5795
88 -1585
-3750 3491
1643 -2381
-2223 -5474
-4882 4159
4351 -693
-3238 -293
-4136 -4928
-1601 -4230
4713 673
1887 -1608
-323 1710
-183 3999
-4052 3742
873 5926
-506 -225
3773 5204
-5656 -2130
819 1611
-2144 -4164
279 400
9 -1933
-1180 3844
-5031 5534
-609 1440
-4337 4353
5287 -54
-2717 4738
2707 5741
181 -5912
4218 1789
5851 -1798
-5783 -1114
-4789 59
2836 4151
2963 3150
-5156 4417
3375 -4608
-2950 -5737
-4881 -787
-2277 -3726
-2914 -3987
859 -5824
90 -1947
3616 5397
5704 -5190
2916 -2228
-3687 -1367
459 -1096
1771 -5675
-3485 -3213
-4724 4398
-3216 1029
5283 -5685
-4770 5862
3264 2635
3161 1641
-4880 -4016
4813 4374
-5167 548
-5798 -5079
-5595 -4197
3433 -411
5827 -1295
-1454 -4240
-3714 2595
-3672 -1004
-3081 3262
-5650 1449
-1511 4185
3684 3067
-2500 671
4588 5435
-2755 2309
4473 1750
-5178 4338
2746 -1145
3262 -5876
4964 2002
-1297 -735
-4766 -4744
-2089 1649
-4760 1471
-3755 690
-569 3210
-146 5870
-1365 -4574
-798 -5761
5387 5082
-1049 1105
2263 -5448
-1166 -372
4555 3738
-2670 -2080
442 -149
-2515 5751
5241 793
-3233 2214
968 4862
-163 -5371
-1247 5033
920 -5032
-4468 -3333
-5920 -1274
-2730 4517
4733 5422
-1057 4330
-4821 -1165
346 838
3847 -3183
-3800 4430
-3222 368
3654 -743
4128 -3532
-164 2027
-2937 3203
2246 2053
-4586 3941
-4010 896
4937 -5331
1143 5310
5005 5348
4525 64
1681 -5749
4932 -5565
-3009 2231
-3963 -4025
-1475 219
273 5237
-1386 1465
2080 5793
-3872 5103
-2955 -204
-2719 -2951
1630 4323
3730 1601
5383 4919
870 -3862
-1924 -3709
4399 3679
1127 -5620
3582 -1990
-211 -1792
2452 5010
4618 5621
3799 5084
296 2851
1450 -2439
3476 3859
-3171 -3776
663 1226
4179 5134
4519 -3667
5540 -1819
5156 -300
-1335 -4856
-4806 1878
-704 5920
2180 4057
-3680 4822
5678 -3476
5053 766
-1091 4317
2143 -565
-351 -4160
-5759 -2451
3351 1286
-4843 5480
-1025 4697
4683 -2639
5719 -2936
-4012 4556
458 5905
4585 5346
4243 5139
-833 3010
-760 -1685
1002 3005
-4064 5208
-3424 3803
3686 982
3111 -5396
1921 -1096
-775 491
5841 2016
-1863 -3821
-4902 -641
-873 -3916
-5661 -3520
-2648 -2191
-4312 -2646
4183 2425
-5321 5410
2865 3791
2828 -3832
989 3615
-2387 4477
-415 -1833
2971 -606
-751 4748
-3901 -4030
-3237 -2710
4284 2640
-3781 -3388
3405 3142
-1766 -330
5302 -3365
5043 -4296
4986 -1052
-5891 -3401
1706 3887
2949 539
-1068 5760
1898 -5206
4404 -4337
-5344 -780
3173 -5434
-3975 -4358
1136 -4836
-4029 2247
253 1730
-4089 4170
4719 -5806
-4454 -3692
4957 3117
-682 4834
-1601 -846
-5451 4601
4553 3476
-2868 4755
-3781 -5961
5646 2020
-2656 4506
683 4965
1000 3987
5539 2114
857 -3553
1075 2969
1085 4712
5831 -3617
635 -1568
-3643 -5697
4690 4825
-4268 1093
5605 -2742
-2125 3992
2118 -3280
5793 5053
1403 1938
-3587 5677
743 -135
5586 -1546
-2770 -3083
-4532 -3303
3100 -3713
-3698 -3445
-3571 -2565
-4070 -4159
-2259 5910
1905 -5078
-613 3922
5662 4653
-2417 -5763
-2522 537
2961 1869
690 -5495
-1516 4572
-4088 -3127
-3666 4226
2749 -4921
-5253 -5843
3167 810
-422 3262
-2777 -4866
4392 2907
687 -5463
-4664 -472
-3602 787
-4139 5910
-3053 -5536
-5121 -2396
602 1873
-2050 5363
-5891 1278
4774 -779
657 -59
-4713 1275
-5441 1996
2920 -3743
5183 5482
2623 2695
-1827 -1816
-2787 -628
2544 -5597
5045 1192
2768 1203
4669 -3546
-4405 -3003
2450 1240
-1175 5483
-5787 4740
-2409 908
-3975 4328
-5877 5418
-5605 -598
2986 -2970
1326 -5460
622 -5536
4047 4959
-2 5896
-2110 3064
-1216 786
4697 -371
-1287 5865
4555 -3155
4334 -5871
4229 -1467
4524 -1149
-4896 -2553
5671 3225
-4952 -3114
-1323 -4776
5893 1816
-4566 -1853
-1996 289
5083 -116
640 -3032
1661 3429
5068 -4356
-1094 5809
-4879 5529
5431 -2740
-3147 -3771
-3607 -5923
-3579 5849
-1575 68
5664 5701
5505 5458
-81 5642
4017 -3192
-983 -2133
5033 1061
-5412 4670
3498 -2534
-4388 -2696
-4950 3549
5089 3342
5723 5805
-1524 4552
-1207 372
-3757 1199
-2704 -2940
-4078 3669
1459 -1872
-3983 2112
4912 -4237
4713 -250
-5668 -3528
628 -3759
3644 -5860
4527 1090
3055 3254
-3517 5668
868 -4904
958 -943
-5904 5255
-5383 3348
5840 4168
89 -3570
392 3628
-3823 2824
429 837
-2331 -4613
-5279 5918
1448 -3590
-3210 -1642
-4321 -3598
3229 5201
4889 3495
-4030 4489
2824 5097
3340 689
5852 1311
-343 5678
4106 -2452
2488 -1703
-4983 -4710
5387 4862
3991 3678
5789 4307
2281 4264
-2218 -5159
5493 -328
-633 -1592
4181 -5202
5405 1705
5202 2104
-3890 1313
-5671 -1616
-2046 -4102
-1740 975
-498 -202
721 4702
-1420 -4917
1813 -5613
-2749 -5578
-4442 2549
5542 -3411
5765 -5923
-4843 -2521
-4972 2945
-4915 -1024
-1201 -460
2924 -5108
1841 -2893
2296 2074
4197 -2696
-5533 3423
-1334 -2246
-746 5634
-5581 -2078
5428 5122
5756 5206
-4818 2524
4196 -2495
1593 4092
4674 3378
-1603 -4257
-2816 -1851
3560 -3188
-978 -4602
2990 -3451
-1344 -5423
-5733 -2316
3275 -4813
-84 5099
1435 -2818
5125 -3065
-4812 -1019
-229 -5774
4629 -3375
-5779 4179
-2279 4973
1445 -4133
-396 -4609
5705 1701
-1798 3749
3310 -4360
-1811 2181
4219 4993
5919 -2953
-4212 -3480
-2763 -783
-3103 -367
2071 355
-4013 1096
-4911 -5346
5474 2009
1728 5160
519 322
2267 -2448
-1890 5473
-4762 2600
201 -1719
-3071 -5296
-4571 285
2021 -5487
302 -5508
-4068 -4307
4327 -5936
4118 -3944
-3484 -1282
-3929 -2185
676 639
3671 4733
5659 4216
3497 -4444
-4533 -2913
-4070 -504
594 4012
-4179 -3705
-5485 4613
-5208 849
2629 -5072
5343 1832
5063 4094
-2429 2455
4813 2956
-5568 -3242
2471 5941
-644 -452
27 4082
-581 -5650
961 3185
4749 1257
1007 -4170
-1279 -1945
3019 -5306
-5884 5127
2538 628
4406 830
5356 -1288
5207 2786
4268 -5088
3035 2403
-3126 3598
-2092 5678
5419 482
5718 -4708
3796 -2454
-4048 556
-3470 1976
-62 -1887
-5558 3876
5258 -2068
3811 -3682
-984 1763
5101 2811
5324 781
3667 -1982
-4724 -4146
5031 -2371
-2296 -5705
4251 1441
-4992 4440
3338 3754
-4992 2098
647 1692
-526 -4869
-3872 2605
-848 -4398
2920 5135
-1836 4786
-1608 498
-4074 4372
-5308 -4101
-3715 2620
-1569 3339
2416 2699
5429 -4581
-4618 -4961
-952 -3978
4918 1831
894 2259
4686 5756
-1830 -458
4989 5101
-4689 -4299
-4028 -1068
2658 -5806
5047 -1175
-3506 -1122
-2704 3056
-4522 2359
1775 -5669
3283 2034
3126 -3712
773 5725
-5064 -808
-2370 3068
-175 -5003
1932 3878
-3771 -5740
-5561 4808
3902 2040
4921 2305
-471 4846
-104 5011
-466 -2956
-4631 -1984
-5081 1933
-1349 -3588
-5829 3196
-5227 -3688
-3412 -5128
-5198 -5687
-4325 4144
-5243 -4466
-4683 -3747
-5401 2239
-1141 -3985
-2969 -3320
3561 374
-1192 -2944
3129 -3085
-143 -2706
-841 3936
5058 2728
2295 -4789
785 5156
-1457 -267
4774 -5115
-123 3110
-1957 -2257
3109 -672
5057 66
1459 5440
826 4295
-4327 -3600
5691 -5197
-2016 -5489
955 5313
-4359 -2828
-5554 3605
-4339 663
5464 -752
158 5834
3987 1718
-5237 -296
-3986 -1422
4714 -4410
5569 -305
1462 1541
113 -5825
-4126 -4930
1660 -2096
-5086 4240
2408 -1636
-5908 2198
5143 1538
3845 -188
2514 1672
-5291 -1164
56 -755
-2920 913
3065 2465
-164 3625
1196 3806
-1753 -2794
-5626 -738
-2024 -4593
305 -1270
-1756 -5591
-4816 1085
4962 -3006
3460 2912
5791 -4629
3587 -4292
5605 3963
-225 1709
3732 5872
5846 3962
-4451 902
1443 -556
5905 2922
-5212 -1000
-846 -5683
-930 -4532
4566 5566
-5437 2619
-5858 102
-3090 5837
3466 5367
486 -5132
-1152 -3005
2159 -5737
3961 -1342
-4505 -1931
-3988 -3334
-7 3945
-2360 4123
-148 -2384
4648 1426
-792 -5787
-2083 -2988
3533 4802
851 -3563
1749 -4373
2715 -5700
385 -5515
4122 3122
-5705 -5378
-4900 -2850
-3613 5670
-2598 4116
-1006 1965
5566 4399
-2770 3719
-917 -2927
4998 5133
1398 2310
-5840 -3915
-4191 1812
1421 1103
5579 1328
-3513 -5064
-3796 3003
807 -4445
2444 -811
4032 -945
-2941 -5532
4379 3462
-5897 -2652
4565 4083
-4151 3501
3902 -3262
1801 4831
5843 1596
-4210 -3033
3442 -5654
1290 1243
361 5123
-3570 713
53 -333
-3932 2094
-2097 4501
3989 5326
1371 1102
-4009 -3036
4401 -2864
3173 -2259
-3834 922
1685 -124
-1113 2251
-3530 4063
5902 69
-404 1318
2039 -4547
-2981 -1047
4406 382
4879 5476
5269 -3291
-449 -3177
-4329 -5233
14 -5760
-5245 1740
-2800 4908
1864 4879
-2471 2923
5135 -1026
4632 1494
-3518 -5273
2354 441
-3518 4152
-1459 923
5311 -3489
-1887 2779
-2764 -2079
-1409 -1781
-4779 -941
-3974 -4066
-4693 837
3109 -334
969 2927
-1701 -1263
-578 2091
3190 5140
2116 -5475
4043 -4730
-1793 4121
1356 -2962
1539 -2905
3977 5569
-610 4726
884 4612
-348 -4639
-4183 276
-2919 5847
2309 -4454
-956 4811
1659 4105
-4345 543
3946 -4664
46 -3891
-4442 -412
-109 5731
-3745 -5742
3075 4600
1721 -5461
-4674 3374
3968 287
2921 -3536
-1434 -2264
3449 -2932
-4464 -3931
-2802 -1632
4218 -341
-188 1112
-819 2434
3820 -181
2878 -2458
2264 -1028
-4972 3147
-5076 -19
1076 -794
-3486 4663
-5254 4577
-2706 384
-1391 -3820
-4948 -1950
5119 -3698
-3737 -1671
-4018 3924
-5301 3983
-2620 -3956
-4756 4298
5416 3941
-3798 -5343
3976 2486
5664 4112
-1290 5964
5286 2668
-4073 -4934
-1876 -24
-2512 3558
5845 909
3198 -5618
-1107 -171
-2776 3376
-4529 5168
-228 141
1737 -1547
-5646 -1249
1330 4065
-3349 -5513
-133 1396
-4153 3814
3650 -5605
-4338 1647
5960 1800
-153 -3289
-3277 -1059
2224 5632
-5914 1719
-165 -2595
2435 -3567
5541 3250
-3455 -5194
-5091 5044
5238 5956
-5351 4837
-5283 4158
-4190 5729
-2046 4146
-742 -4348
1832 4299
-5045 2201
-5164 -603
-1922 -1213
-3567 4500
-5038 814
1243 3088
-2460 -5641
5446 1965
5309 -1959
3892 -5426
-1657 -5742
-1354 3266
220 5019
-5604 5001
-1566 -2163
-1164 2678
-4801 -1631
-5230 -2625
-5578 -1175
-3720 3510
-2360 3738
-4246 1997
1716 -5731
5178 3451
2697 -3914
613 4505
-5912 1094
3469 3486
-3943 1174
-2887 1176
2475 1830
5094 4981
3463 -1402
-5885 -5351
-5106 -963
-2885 -4951
2674 -4396
-42 -3142
1455 -3769
-4803 -5072
4222 -2005
-4413 -3240
12 3938
-924 -5539
2108 1404
5357 -2744
-5848 1555
-5698 4255
156 5597
-4144 2144
1592 -1859
3201 -3058
-4395 -5067
2711 -2589
1679 -4226
290 544
3235 4569
-5850 -1714
2667 -4583
2433 -1758
-519 -4630
24 1620
1109 3701
-1833 1001
1718 5629
-986 2888
1505 -2969
1037 872
2096 -422
-5214 -5209
-5572 5757
1567 -4641
-3747 -1823
-5569 -3728
1781 -2425
-2269 -107
-1813 -2078
-1401 5861
5076 -2761
-1049 4325
-2032 3945
-665 -4023
-4731 4280
-2441 -4806
2216 -5563
3014 -1775
-5491 -3218
-905 1759
-2752 -4312
5652 -2981
2791 1267
3122 4386
2811 3533
-3646 1942
3919 292
5274 -4344
-3312 477
-5262 -4555
-4962 3819
-997 5923
-1542 4836
-2524 -361
-877 4404
4800 5135
-5091 -463
-3713 -1598
-1445 -4099
-4421 3693
4646 -4813
3110 -2904
201 5864
4432 4254
2200 -5608
2084 -4125
4549 -4340
-1198 -1542
-2154 -2580
5129 -1621
2744 708
-217 -2468
4618 -3122
-1708 -4238
-5051 -4220
1639 2036
-4441 3337
-691 4663
3292 -5869
2646 4960
-2482 -4540
-1078 -4519
-482 -3239
5823 -4466
-3149 5708
913 -5379
1228 -4009
-4930 1475
-1958 1929
1440 -3918
-3630 -1557
2734 -2453
4955 -1452
923 -3453
1840 1416
851 4219
-2761 5102
4761 1572
836 1993
2346 -1121
-493 3240
1496 -733
3154 5340
-1139 5503
5696 1434
-1146 -586
-2847 -4711
-4248 -1308
-601 -3558
-4352 -1533
4466 1472
-3181 558
565 -375
4505 -433
4742 -1391
2954 1993
-5294 3514
2357 -1169
375 -3379
5232 4697
-5802 -979
5379 -1723
-5935 -1635
-2976 -4662
3766 307
3608 -4298
-3495 -3024
-1160 5262
-4919 -4564
1865 -2834
5864 -3277
3365 -4898
-5486 -3020
1697 2254
1457 -5833
-2402 -2854
2880 -4368
-5322 -1130
478 -5030
-4856 -1277
-39 -4329
5266 1990
789 -602
-4020 -1029
-3153 4933
-4839 -4845
4855 342
45 -4729
-5396 5493
4540 -5805
-959 -477
-1517 2188
-5538 -2640
3640 -4551
1334 -1345
-5443 -499
1272 3380
555 -3168
-2953 -5331
-1439 87
-160 4485
-2396 -4494
-554 2414
-2445 2971
-952 -3858
1641 -1607
-5026 -1617
-864 5790
-644 -3740
1419 -3826
5103 -1288
5740 2869
959 3207
-4460 -5029
4651 -2284
4070 2474
-3479 -4691
-3378 -5381
432 3642
3411 519
-1152 -5522
-262 5787
4238 -1591
3817 5807
5560 5742
4575 -1886
-4049 -4550
-1960 668
-4593 -3645
5443 -4999
809 -25
-3464 -3068
-231 -3962
-565 1853
5490 -3475
5806 -5216
1097 -3630
5850 5246
-1439 -5897
4417 3621
5531 1660
4861 -651
144 -4444
-2242 5919
2159 5942
-5832 3967
762 4267
-5008 -5071
1117 -2874
-1346 -4632
4114 -5593
-612 -2389
-2627 914
-590 -5697
-5213 2344
-4791 5520
-2792 2760
-1843 3366
212 -4972
-2991 -3306
2723 -2613
-4848 -1318
5321 200
-2795 151
4523 -5644
-5086 -2679
-4908 5477
-5046 5705
-72 1810
-5080 4895
5079 1839
-3175 -603
4570 1281
2364 2777
5194 2267
-900 -4499
1980 5622
-1962 5782
3458 3135
-2069 1767
1364 -968
-2168 5464
-5062 -5805
-5627 -4153
5670 5462
2963 71
4564 2964
4996 5192
-5857 -2829
662 5224
864 3623
-5218 5100
-5598 1028
324 5937
-3807 4971
829 -964
1833 -5398
5108 3382
4043 -3311
-4402 -4033
-4093 3625
1182 4923
-4931 -3668
888 -211
-3620 1546
5788 4791
2844 -1819
-2230 -3972
-4982 457
3171 4276
3972 5553
1562 -4857
-669 -2937
-2098 -5684
5805 2406
-4185 777
-3972 4619
625 -5599
5921 -3513
1585 -865
-4163 1498
4221 1131
-1001 4990
2197 -631
1943 -2584
-3919 -4930
-5089 5837
3901 5131
287 -4709
-5367 3746
633 878
-3497 -3538
3885 5222
3397 3627
-4312 -825
353 -3989
-5843 728
449 -3715
5024 -2522
-3155 1683
543 5700
2051 -5337
5046 2820
-3253 4234
-4787 -4367
2200 -4263
5931 3719
-3692 1656
-3453 -4871
2765 -2615
-3941 -5772
-5267 1553
2672 -4243
5628 4529
1949 1842
-4850 5712
-1960 -5132
-4780 70
-2679 -5198
3577 -2103
4820 1633
4675 -5749
3343 -5707
-1760 2279
-4097 4201
-2215 -2996
-5354 -4289
-5412 4706
5644 202
-1928 -3158
-1562 1835
715 -5861
-3101 -5663
4134 2433
5539 -4382
4500 -5735
3125 804
3611 1519
891 1534
4038 -1024
4956 -1724
-4320 -5372
2516 5902
-3215 -4446
-1364 -4525
1565 -3876
5717 -3150
-4512 5648
-3748 341
-4862 -485
-1549 -5033
-5754 3473
4521 3390
-241 3317
-4390 4197
-4313 5658
5487 2344
-3742 1012
4572 2196
3411 4025
5942 -490
152 2533
-3092 3884
-4178 3850
-603 4900
-2436 -591
-1110 1453
-5747 -5866
4958 2000
-3196 1913
-4734 144
1590 4291
-1710 -5687
-1904 -5217
4154 2132
2124 -5354
5487 -5241
-5221 189
4610 -1045
2786 1797
-1366 -342
1309 -4383
3317 -2165
1206 -480
4487 -1513
-328 -2570
-2347 1152
5578 5888
517 -5298
4793 -4443
1933 4022
-3345 -4055
3354 -5691
-4240 -5200
5259 2369
-2345 -966
338 -3937
-2178 -3509
-1052 2406
-4134 -1492
659 -5016
-2138 -2538
4476 5140
2147 -557
-3542 5830
1874 -2971
-2505 -5945
-2328 -3929
-3238 2275
3366 -2271
-4876 -5844
-3377 -2877
-5274 2582
273 -5490
5584 2386
-3469 491
776 3776
1335 -3606
-543 -5282
504 -5593
3891 2412
2144 -5100
-1899 -5739
2359 -795
-5732 4472
163 3300
1308 -2629
2320 -3523
-2481 5462
-4597 -378
-3586 4437
5274 -2093
-4333 -3960
3969 -1160
-1184 288
-5207 -1010
-5133 5761
-5191 5164
-2176 4254
3184 -1441
1978 -5112
1363 -3867
5436 3483
-4763 -644
1017 669
-1893 -3879
1916 3036
-4159 -3039
-4801 -2722
-4868 -1317
-5670 235
-3425 -2214
-824 -5080
4502 831
-2521 -4168
1455 -423
1031 4546
4309 -792
-1105 -2540
4785 -3732
-920 3027
2444 2758
5251 5357
-4331 684
4857 -4699
5345 -5218
-5813 3863
-5843 2806
1420 4244
-678 -5962
2895 2893
4711 -1829
4439 3219
-5656 5674
-1053 -2034
3296 -3837
-5823 5492
3187 4138
5282 -1065
3370 1649
-3884 4694
2893 -1754
-3838 -5356
-96 541
-3652 1875
-973 1340
-3519 398
-2435 2802
-2990 -3875
2449 1983
-3690 -2243
5152 -4602
1146 3959
1415 -4264
-855 -5290
-5884 4900
2607 5959
-2425 1852
-3991 -8
4900 4073
3649 4332
-5288 558
-4487 4334
-2480 2565
-5887 -1790
3550 -29
2712 4675
1791 -1783
3879 963
-1086 2126
2495 3693
-5547 -5231
-5563 -4835
-3299 -4538
-5073 -2034
-45 -5462
-3148 2521
981 2348
5179 -1738
-1922 2015
-406 3397
576 767
-3016 2248
1521 -4185
5447 -5289
-733 -1657
-5383 3129
-3086 5262
-3319 -4973
-5628 1312
-292 5291
4615 -4945
3534 4315
4187 -1726
-1323 5934
727 3283
-5593 665
2783 5120
5412 4940
-3308 -5554
-2037 -5589
-4510 -2473
4195 951
1537 5627
-3110 -3158
-2831 -3812
2186 2775
2502 -2703
-2565 5269
463 -1765
-4757 -2474
4030 2009
-974 1009
-3702 -674
1841 -3833
-5022 -5899
4363 2555
4913 3183
-3759 2149
4891 -821
2251 302
2528 -4756
-2909 5340
-680 1387
5189 100
219 3070
-343 5602
796 -3939
3315 2879
5655 3311
4794 4008
3757 3014
211 3438
-3300 -4375
-4398 -4140
1690 808
-3493 2863
244 4758
4802 2716
3210 -204
-1578 5920
-5017 1137
-3816 -4553
612 -3383
-1039 -5838
-2160 -291
3048 2005
-4626 660
-64 5368
4886 3391
-3502 -4796
-1952 -3603
-4655 5639
1692 1558
-642 -5761
5013 3075
-3711 5908
-4149 -4175
-5433 2797
-4047 -3725
-3598 102
-3149 4930
3356 -2800
-817 -2778
5192 2489
3816 -703
2467 -5876
3024 21
1659 -1215
1017 -5148
-1033 -1440
4398 152
-5250 -3054
693 56
-1743 -4148
-4759 -384
-1480 -4299
3497 684
3799 512
1557 -2539
2709 5746
2756 4839
-110 2974
-358 2333
707 -2412
-3457 4821
5926 1677
4531 -300
-480 5738
520 4161
3308 2943
-3110 5006
3953 -636
-3383 1437
-2991 -4116
-4701 4364
1026 5520
19 2113
5771 4934
5029 -1885
4645 5794
-234 -5330
2769 -4988
-1707 -2461
-1385 4194
-2951 847
-3200 3178
-5076 -4211
-4982 3608
1580 -3581
-2056 -3385
1489 5035
1234 4658
-5 976
-206 5497
534 -5369
170 943
-5807 4737
-1321 -5650
-710 -2591
-5680 1127
-641 2723
-5030 -4905
4054 4180
-3818 2
2473 -4684
-1657 -3967
5293 -1874
4160 -5898
1123 185
3058 -3224
-3610 -5953
3419 1537
-2793 -2863
-5836 3892
-2796 1207
-2115 3184
5904 -4297
-871 -5351
2296 -1756
-738 5486
-1386 -413
4934 3297
5906 4491
925 -5817
-5529 5747
3301 -500
5943 2718
-1262 -4614
-3025 -3473
48 2025
-3435 4859
1447 2876
3342 1840
1480 -5896
4826 -3889
-893 3902
5338 -1879
-2869 -3132
-3930 3822
-4888 1181
490 -2972
-3634 -1146
1058 3439
-2303 510
1797 -3511
3294 692
3274 2332
-152 -2047
5794 4617
4269 -5481
5012 -287
-4903 -3518
5451 -859
532 3924
-4259 3910
5545 1693
189 3862
-3041 -4915
-3657 -5215
-5878 3601
-1083 -357
3854 -2067
-4808 567
1288 -5417
5837 566
1739 904
5111 -1407
-1414 5950
2089 1268
-646 1209
3343 401
-835 -1119
-5957 -2977
4699 -5808
2260 -1503
4986 -683
-2338 -2104
5757 5553
4287 -1924
4330 4808
5582 5016
-3662 1973
-4825 -673
4084 -4064
-3305 4931
-1943 5845
-3068 2511
-1626 4543
4441 -4765
1535 1560
2509 5890
