91 41
33 31
32 73
66 78
73 12
89 3
80 83
14 6
80 20
76 47
89 37
28 10
47 27
77 38
59 16
61 86
25 82
20 39
59 71
1 87
82 58
56 90
17 42
5 0
64 20
75 58
37 5
78 56
49 40
34 42
87 83
75 35
48 14
88 77
62 68
82 72
30 72
2 37
16 66
61 91
65 47
54 8
54 38
46 56
77 3
33 40
90 10
48 5
91 81
23 53
12 19
21 13
15 34
49 21
65 71
44 80
2 77
63 86
71 82
0 69
62 53
19 69
8 13
35 22
4 68
11 8
5 78
55 35
83 25
88 26
1 16
51 36
11 55
30 11
45 22
0 64
40 45
8 7
71 79
40 57
83 70
17 19
21 49
87 57
32 90
43 67
26 75
52 76
12 21
79 4
6 32
26 1
