2717 957
489 409
1521 494
809 -1880
1458 1981
-1461 1422
-1040 -1494
286 2161
-1556 -97
-1243 -725
96 1400
-1055 1186
-1198 -562
-2366 -2167
2634 2714
-822 -2658
-1125 1081
-978 -1590
-568 -2230
-1651 -751
10 2171
-1200 -623
-290 -266
1057 406
-1679 1160
1365 446
-1593 886
-1694 -1431
884 -935
-2274 543
1186 -1647
1802 319
219 -1644
-1799 -1456
-1250 921
-697 -109
1185 -1262
-2406 767
-2250 64
1335 -2421
-1179 -491
-147 2703
-1974 1261
1268 2478
2236 1411
2230 2574
-537 1342
1280 127
345 621
97 275
-1664 -2168
-203 -1853
1541 -14
-2248 1256
-2209 -1310
2464 -2538
265 -2545
2182 -1717
610 277
2054 2705
-519 -1170
-2265 227
2623 1585
130 -912
406 -922
-1034 -2394
-810 -2481
-1594 -365
1865 2027
-16 634
-1544 -5
-2122 1952
-1308 2219
-2229 435
-1760 -147
1151 -1666
-1906 356
-2138 2094
2266 -2420
-2536 -2540
-109 -144
2620 1620
2153 -2389
2185 -2487
-752 -1569
243 -1563
-681 193
-967 -418
-772 948
-1723 -2647
-1217 -1551
1704 -1005
-991 -158
-760 2625
1947 -2586
-1166 820
790 1536
-1810 2587
-901 2296
542 1098
-1203 -91
98 478
-622 -2069
-45 -2117
-1855 1011
2400 -784
2611 2658
2296 3
788 -1037
767 544
-2548 1611
-1329 1994
-1883 1051
883 -655
-1628 1049
2046 1665
-1213 1548
233 926
565 -1031
2709 -962
1546 2195
1546 1676
-1376 931
-323 -715
-1670 871
1914 -366
1502 -2283
-2179 30
-2462 -1913
-1780 847
219 -2164
1038 -2285
889 -1878
1525 2462
2702 1352
-2215 -2360
1857 1367
1909 -1028
-1411 7
-1269 -950
2574 -1062
-899 22
1480 1955
-900 -842
-2390 690
-999 2592
1041 1093
1752 895
-731 1298
111 1122
-1953 1835
-36 -2171
1815 -289
458 453
-1615 1747
-203 347
2398 1362
-838 -1001
-362 -1515
-94 1310
-866 2190
-502 453
1990 -1042
-603 -1868
199 1662
906 -1658
771 -905
1070 -1811
1712 -1064
-925 -1108
-691 -822
-1341 -1343
1856 1948
-1733 -1338
2625 1820
899 364
850 -2617
24 1112
-2537 -1447
2456 -2324
-1195 -2143
-2061 -571
-64 1896
-70 1448
1510 60
-221 1999
-233 -96
1926 -445
-388 -2378
-323 1339
1101 549
858 2566
508 2637
-1493 -760
560 1596
1070 -1254
2620 -2284
312 1193
1753 1440
-1865 -2619
-1173 2046
55 -577
-1894 -1922
746 -2637
240 1042
2389 963
1941 2467
2179 -251
-1405 1124
1844 214
-483 583
-1617 1614
1414 -457
-2200 -1387
776 -2432
2366 -2306
1796 -2436
1875 -1623
-1558 917
-2051 1043
317 2101
1438 286
1604 -941
2548 1351
1993 671
-2056 -1307
20 -1737
-1161 1070
133 -257
-749 2401
2329 34
-2057 622
-251 1224
-913 198
464 -1671
-1050 1345
953 622
2575 2291
1228 -1208
2686 -2513
-2317 435
-99 -2703
-1500 -1229
-343 -1416
-1891 2346
-241 -483
1045 2095
-402 2077
-2309 -1152
240 2048
-2342 -2032
1745 1493
559 -1186
929 1487
278 2555
2478 -455
1949 -2539
-2178 305
-957 -2144
-1225 517
-1106 665
-228 -173
-2612 1730
-2278 -142
2593 -678
-2446 -2035
-428 5
-2266 -292
-848 1924
-2211 -1978
-35 -2708
1269 1518
2107 -2228
-2567 -2487
2140 -2685
-1739 -1990
2056 -1863
892 74
1557 1298
775 -163
1564 2352
1479 -2103
-1025 -994
1569 -2050
1637 -2328
1087 -1917
-1350 276
-651 872
1823 2527
-1263 1728
246 -1379
-948 2618
2230 -241
-40 -1982
-1143 -2243
-1219 -2702
285 -556
903 1801
1620 2706
-2283 -1678
-1918 1143
2298 1712
-2252 -161
1295 -1888
1660 -262
1229 257
2108 1244
2537 -235
-780 366
678 -2261
2382 1371
-1980 2144
-1496 -368
1505 -2090
-2021 -553
-784 1256
398 -1094
1609 -895
658 2346
1150 -1740
-2447 -1263
443 2177
-558 1371
-725 2204
-429 2399
1977 -263
290 503
-2577 -1111
2343 547
281 772
2169 -219
-2128 2687
-1775 -23
-595 -2451
-512 2498
126 1763
-2639 2547
1412 -1968
-1068 -1233
-2148 38
-2565 -1500
-2691 997
-1046 -1779
-2311 1528
1294 1163
-82 -1381
15 1404
-2690 -229
-196 1559
-1581 -1288
608 2238
-1206 -1651
1184 -238
181 -2300
1262 1748
2552 -1125
2237 2153
2154 1316
-1976 -1012
-488 456
528 198
2612 1508
-524 -1951
-429 697
466 -309
-2693 -2093
2553 1767
-731 1144
-2331 -2706
-2301 -643
-1790 -2011
1150 1829
-1013 1598
912 -1076
2651 1337
1374 1742
209 2435
-1091 -285
2698 -1018
42 1451
-330 -1674
-96 1538
-126 -164
432 1270
-2216 -1203
1611 -235
-1405 -1411
2406 -1998
-1972 -216
1344 -2352
32 927
-1639 -170
1643 -1575
1113 -1648
-2479 -939
1836 -813
1186 -304
1602 -784
1 -2292
-2272 538
48 -1447
232 2021
1484 2649
-1309 833
-2102 -159
112 -1276
-308 1394
-119 970
-1653 -1177
-2064 977
-31 107
114 2660
-1157 1453
-2125 -986
-1970 -2219
2173 1657
-231 1193
-1368 936
-1563 222
-1613 -52
-2461 2528
-273 385
-2424 2177
-2361 -80
-2653 -726
-1453 -21
-311 333
1257 182
746 1091
131 1806
-563 1306
-1423 -1707
336 -2275
-1700 447
2092 254
-1806 -1911
-1338 2558
67 -601
-353 -1207
2398 95
511 1707
-1748 -1697
-982 1821
748 -310
-2619 -823
-591 2269
2236 2539
-2192 132
-2684 -1306
2078 -2355
1838 -2174
1114 -2145
2545 2062
-2242 -1373
-372 1335
-1419 882
-1 216
-403 1764
2537 751
165 2542
-552 -2036
-1516 2386
2199 -30
2636 2493
2513 -1488
-1436 1768
1287 2056
-2415 2100
-702 2114
405 657
2406 1396
2459 1356
1170 496
258 801
-1787 -2139
-2693 1074
-234 -39
-1583 475
-45 169
603 274
-1450 -777
225 -1519
378 20
-1562 -1383
220 -2283
-2483 959
-2033 -2604
-1166 491
474 -608
-1406 48
-1262 -927
-936 -1761
-1784 2245
-2155 1409
-526 -2446
2515 1733
-609 1491
-550 425
-32 -258
339 -379
-912 -2713
1704 2185
-880 1992
-1334 1609
-2574 -1905
-406 -1615
1516 -864
1513 2475
-2665 2112
887 -814
-422 496
-724 2130
206 2467
2348 1475
-1253 1985
-1315 265
2679 2558
-754 -1639
-23 -789
1096 -252
1364 688
-2092 48
-1501 -1527
-1044 426
-1353 -2200
991 -1522
-1419 298
1974 1354
-2325 948
1606 -2531
599 -1821
1423 1617
2597 -43
-1124 1763
-889 -214
-1918 1279
1522 -2011
2170 1257
-2053 775
-1104 -2521
-669 -2023
-2077 -1471
-1236 -1070
498 1773
-680 2586
2374 -1800
-2635 -2246
-1525 580
-405 1688
248 2381
2386 1
581 -990
1418 -433
2517 1900
2145 -352
130 -1281
2408 872
988 -969
-2474 -975
2131 -1764
-104 547
1121 1949
1979 -102
481 2564
1005 -800
1260 2612
-861 -1090
401 -1051
2519 518
1810 912
-992 -2515
-285 -1771
2069 -2574
1232 -859
2141 1197
320 -2610
207 -446
-168 1772
513 246
-874 2398
-751 -2526
-497 -867
973 30
1748 2511
357 1622
-2135 -2673
-2586 -2569
1192 122
-1990 2473
2630 -905
1645 1740
-2622 579
-2019 -1883
1370 1789
-1710 2484
1893 790
1463 -1987
468 -1345
2565 1170
-1053 -572
1427 61
2229 1936
2056 1703
-925 2698
-2051 -1126
-829 -2393
-2060 -1299
-1310 -2299
-1171 680
-97 1935
2308 2172
370 2377
2546 504
544 -182
260 -1902
-2152 -1962
2466 2450
-1201 -1970
1371 -294
-1218 1204
1317 -31
1224 -1592
-802 -2463
-1102 -760
-1188 570
1405 947
425 -2695
-2020 1798
1997 1155
734 -886
-98 -1779
1617 2666
1084 681
1631 2410
-1821 -738
701 532
1125 2234
1022 2153
1208 -31
2483 -1406
-728 -442
639 -2381
-1264 1334
1466 -2396
-2585 1513
2265 -568
-2505 -1674
-229 1240
-1855 1381
2069 685
2159 81
-1104 508
-1302 1628
-516 2132
1571 886
1983 -1405
1654 845
2277 -952
111 -1850
-1424 -769
-576 1221
-2214 -1075
1206 -503
-2494 2646
-197 -1657
2359 1694
587 1640
430 -774
-1761 -1989
-835 -686
-737 -1752
-1981 -2447
1867 -1914
2608 839
1365 -2405
-461 1522
895 744
2401 -1411
-234 754
-2454 353
2078 -2250
-2635 44
1094 -990
-2004 2377
-1830 1761
-2353 -2565
-1975 2553
2228 1552
1362 2068
-1599 54
1307 2049
-1066 1978
2669 -724
196 771
1971 1400
1025 1162
-1410 617
-2397 -2091
-1721 2582
-2691 -130
-1610 1043
-1203 -1935
910 176
1575 -1901
-1671 -2706
268 -2413
2425 2029
-291 2144
-2553 -1916
1516 -1998
1441 -1933
716 -1348
-204 -2051
2494 -1360
552 -1501
-2705 -1355
-1919 -91
1585 851
-1004 1485
-363 -657
1310 1092
2294 148
-222 1170
1562 195
-520 696
1559 -800
22 1699
1725 2199
-561 -76
-1454 449
-2358 -33
1538 -1999
-1194 -1059
1540 2419
-479 1922
-1338 -2505
557 -77
-2126 740
1378 -646
1268 2620
2032 -1932
-123 -1091
-225 2107
-2479 -1080
2043 -2569
1108 -827
-1094 1643
1259 2471
-2553 -1752
1314 1304
-1906 -1595
-280 357
-1544 -2326
-2282 -192
-2015 -259
1999 753
1229 -1859
-1427 -683
-1627 1503
-2609 197
-77 1535
-1033 -2299
1587 -580
-1623 1769
-1516 1596
-1296 -2688
1957 2437
1171 -1108
-1642 -85
2142 1081
30 1189
511 -1296
2158 35
2492 -2535
-531 610
1971 1784
-1946 1738
1662 -419
2407 559
-1260 -621
1366 -987
-1307 369
2137 531
1683 1354
-1333 -2327
-1607 1650
-2283 2687
-1655 1147
447 -550
1451 234
467 669
-1125 -406
1706 -1653
-1532 2273
-1128 1559
1238 2648
1395 -95
1994 -182
2201 1727
1898 -2407
437 1381
1766 -1190
1597 -434
1746 191
689 -1978
525 -667
1559 -1771
50 125
864 1990
-1094 2020
-1642 -1406
226 -474
-805 2250
1647 -564
-2604 -1012
2017 1324
-1272 1311
537 -2337
580 1104
-1938 -1897
-1970 2427
1593 -1065
-2201 -1272
1453 -1228
2717 877
-2109 751
-2462 545
2157 -2682
1666 2067
-2458 1617
109 1324
-1397 1834
200 -822
82 1194
-676 1896
-1715 -2101
514 -2650
-2170 -1507
2594 849
-552 -153
31 1472
1788 -367
-628 851
537 -267
-1252 953
1530 -2505
-1854 -2021
-603 -819
-2047 -2246
-640 -1436
-1975 1697
-942 2280
1955 1387
326 -899
719 1582
-419 -1760
509 1756
-279 991
-2617 -1788
-1904 554
1728 -585
660 -206
-856 -910
-2219 178
517 2315
-2353 -1208
-1423 2214
-1205 -1206
2443 2364
-2031 1294
-2172 -504
1358 -2470
827 -1595
-2379 1825
1488 2366
984 372
1157 428
1323 2368
2177 1460
1842 1758
2262 -1683
-1480 -641
-1902 -893
1376 -2389
1102 1314
-1695 619
-744 -1085
-241 -1205
-2315 629
-2414 1415
472 -581
-359 1157
-843 -2586
2402 -2289
1737 499
341 1368
-1225 -1462
248 1234
1924 -1828
-923 642
-2265 -2006
730 1583
-1474 2679
-2223 139
570 897
-815 846
1823 -408
-2615 -1762
-1236 -730
-2627 767
-1653 -1521
1314 683
-1820 2527
2707 937
-2470 1855
2003 2056
-2032 1947
2557 -1238
1338 2412
-1688 1858
-334 -2117
2061 -1986
251 313
718 -395
1274 130
454 -2560
-20 2299
201 -849
2082 2195
-2578 -2210
-344 -1974
-360 -1320
581 868
-1592 -1542
1943 1797
-1787 241
-2009 2243
1383 679
2218 -1580
-763 -1830
1979 -1381
787 -1983
2270 -880
-1793 -299
377 -1904
-161 -1068
-53 -1317
-1273 -981
-2287 -1606
-2537 921
-350 1140
-1554 -1264
1282 2624
115 -2698
998 1119
425 1858
327 440
257 -2286
1888 -1781
-1696 -2222
-2347 -1767
-2535 -67
1187 -211
-2178 543
450 -2081
2704 792
-1540 -2187
-1523 -210
-724 2166
-2410 -2307
-912 -902
2686 -657
2135 -2071
1326 446
1691 -396
25 581
-2704 -1396
1273 500
-1613 -1059
-2421 -1190
1249 -323
1992 -1063
934 -1231
-1341 -1288
1809 -1604
-869 903
-442 -609
115 -103
-1046 397
-2152 616
2691 -2343
-2160 1065
-341 -2654
-1582 -2593
1754 275
2167 2267
1034 1310
534 1561
641 -1731
-1921 1574
-743 2450
251 786
-2120 1075
864 476
-2442 2126
-353 -2545
1966 2436
1184 1358
2128 1820
2075 1964
587 2453
249 -1481
94 1560
-607 103
389 -1452
-1137 -2619
974 1263
-390 -375
2397 -1578
432 2490
2492 -174
1482 2466
-1608 633
1872 1965
-1790 1664
-1179 -1697
-148 2649
2459 -2639
-64 -1342
59 -398
-1583 -1650
399 346
2211 1632
768 -1831
-290 -1918
-764 -1441
-165 489
-1917 -2266
-2370 93
-1377 226
-1012 2495
-1209 962
1794 552
1292 2490
2622 2291
88 2616
681 1990
-2495 -2261
985 -1969
872 120
306 -2382
1487 1732
2587 -531
-647 -2635
142 -750
-742 -2294
2106 -2108
-375 1205
664 -334
1096 -438
1720 -1746
333 -2574
-745 -576
-1201 1108
-897 2104
-1077 1436
-918 2083
2297 -2286
2252 -904
2342 -1345
2105 1969
145 1934
-1650 806
49 358
-2457 -205
2373 -928
1926 1630
1665 -1162
-108 1843
1008 771
-19 -375
-1686 -1117
-1233 750
761 2240
-2520 -819
-602 -1271
-142 -1990
-317 -2152
2188 -855
-531 -528
-2655 -1987
-174 975
-1047 -1823
483 -1407
2533 2404
1712 952
1510 -1005
1240 -13
-1311 -1566
-2252 1870
900 335
1201 -219
-849 2576
683 -158
-1250 -972
-2427 -1653
-828 -246
2311 2641
-2674 92
282 2009
2284 129
1114 2682
2243 -2209
955 1206
-108 -1237
1283 -1702
-628 491
-1761 1265
670 999
-1149 2535
-917 -2015
-2179 -1830
-2083 992
2183 1146
-571 -1516
-816 980
2501 -1033
1509 -989
1791 804
1573 1621
1226 994
1133 1960
1218 433
-1192 688
-660 -1244
216 -1749
189 -2382
2615 -961
1392 1427
2158 -1633
-1531 -2053
-1718 43
-1804 -2500
559 1777
-1757 1216
-1727 1789
2384 -1725
-111 1025
-1343 1430
-1352 -698
-1907 1162
-1591 232
364 -2215
1066 1652
1006 -1094
2325 1788
-287 1348
-102 1374
142 2415
2517 170
562 -2357
562 -2501
-856 -411
215 151
2325 -814
-2382 1224
-124 -832
-2594 2242
405 1696
359 -851
258 736
2015 893
-76 2229
2658 -2570
1105 -1644
-1592 -2244
-118 534
-1303 1736
789 -1558
136 -1719
162 -1768
1053 -233
-2153 -2680
-1968 -397
-980 -2243
845 -804
-30 -910
-1267 -2170
2591 840
-2416 2193
-1647 -1410
-358 -2541
-1946 -1289
-349 2482
34 1761
-2703 -1596
1526 740
1193 2023
-2214 313
875 -824
1069 24
-602 -1696
2644 182
-898 -2140
1360 -582
-1393 745
-2084 1830
-2596 -17
893 1939
-1503 1613
-1418 -1185
-1985 -2690
1116 -1778
-1626 2372
902 222
-705 2211
1360 1079
2687 -641
104 -1320
-580 -857
337 -356
610 258
1392 2082
1004 2556
524 1600
-143 1196
291 -311
-1847 -1593
645 1564
1953 1744
2320 959
-1887 2275
147 2591
-1638 -1931
-1223 -28
-2407 138
-700 -1016
-564 -2227
-1174 1591
-561 1951
1009 2374
2343 169
-655 1089
-1881 165
-50 1931
-2566 -1220
1635 1912
987 -2506
-869 -2072
-838 2254
2095 -2584
2432 405
-1851 -2495
416 -2157
2665 -178
2614 2493
951 -501
1225 1173
1956 2691
-1038 -1007
-370 1591
-1568 2097
2614 1011
-2111 2415
1485 -2534
-678 1768
-1272 -578
1488 574
2574 2001
2117 -1760
-240 -35
-2086 -1414
2494 -619
2008 -1645
2027 -674
818 482
1481 -1994
2123 1699
2371 301
1802 -1751
-443 -2255
155 -2041
-2076 931
-577 -2111
-1823 229
-680 -372
2642 -2657
531 2533
631 -2351
-1301 389
1266 -512
-766 2448
243 1425
806 -178
2097 2341
1862 31
-2676 -1217
-685 -516
1990 2154
1112 -857
679 -1272
1433 -737
-1766 875
645 1917
-1049 1848
-562 2343
-815 -1028
735 -1437
1344 224
-529 -839
-1226 -963
-448 -387
1668 2637
-2139 1174
-2062 -1906
496 2435
604 -1490
-1961 -344
-1539 1801
-2464 1926
1462 -66
-1595 -2473
1502 -271
-1208 -2516
-42 -1971
1911 -2092
1617 1330
962 -1347
-75 2068
-1145 -463
-1530 -272
-839 -2073
-180 -62
-2378 -170
-1194 -75
-1403 -738
2284 2283
262 2436
77 -2641
290 -271
463 -520
1918 -416
3 -965
2036 -2381
565 244
328 -264
2535 1988
-1277 -1324
-451 -366
-1333 -1627
895 1757
-2229 255
-1560 -2379
679 2229
765 1457
-425 -2407
-1789 -2604
1906 7
-2126 -1867
-1071 696
2622 200
2434 -386
-1051 -741
921 -1682
-943 -484
2371 -2524
-162 2448
-99 -1944
275 -2167
1747 -22
582 -431
28 1406
1499 -1085
-1148 -1588
399 -975
2298 -2371
2312 1051
-2225 2321
-2064 -1127
287 2368
-1671 -2314
-1500 -2444
-810 -711
-756 1552
-2145 434
-1107 -2371
621 642
-1052 -533
-291 1370
-783 -1626
912 -2423
-1624 1530
1616 2578
-1397 379
2490 1996
-688 1044
51 2694
-1926 1927
-1996 -1582
-1187 -695
1090 1396
-2049 -401
903 -845
-337 -508
267 -2023
1263 -96
2543 792
2693 -1717
677 2530
-134 269
579 -382
2233 -2622
-1785 2583
2399 -325
413 -2480
-1660 2581
927 -1122
-5 -1521
-1422 -2582
-1079 -1575
-825 2627
-448 -1426
2650 -1969
458 -1297
-864 63
1770 -173
-122 2577
-1774 686
-1953 24
2484 -1551
-2112 -1200
-2571 2031
-2574 425
2217 420
-1132 880
-1227 302
-1268 2373
-624 1340
639 -1471
-2090 1794
1675 -1175
-1688 -343
2294 -2080
2041 2236
1671 2396
561 14
1554 1089
-1857 305
1367 177
1697 442
-2294 1686
-1658 -2410
-2620 -1457
1036 1343
-1959 -1802
1735 -808
-932 -2678
-197 215
751 2525
-1392 -2644
-68 -1808
2422 2673
2533 1970
-1998 1246
-641 2541
-1798 -1095
-2022 -50
680 468
2208 -300
1794 1363
909 1771
1208 2280
2357 -2494
464 -2551
-2330 2507
-2586 2370
2301 351
42 2032
-2120 -2654
2138 -804
1948 1208
1647 -2075
2716 -1255
2084 -2510
-147 1271
857 -2662
2408 822
2010 -464
1220 516
-1282 1228
-1260 -2558
-1439 2623
-2307 -2071
2172 525
-2699 2362
289 -1693
2065 -20
-1053 2686
-2245 819
-2102 1804
125 -782
-1627 -594
1872 -1480
-2296 2420
1170 -1493
1011 -120
-636 2534
-2327 1985
979 -2040
-861 -362
1217 -2529
1056 -882
-2196 2484
-2181 2513
-2093 -2500
-247 -1770
1271 -1420
2649 2023
-791 -100
167 -973
2562 -1164
-2347 1202
1211 -842
2512 2017
-1007 1677
2632 -2159
1947 1048
-175 1771
919 -2144
-2358 -1708
-1633 -1735
1636 -1630
-1137 -2344
-20 2627
1183 -1957
1955 -2176
-604 -1902
-1062 -1180
-2087 -2026
-2660 1361
-2687 1604
1975 988
-2009 341
-1430 -2172
2050 121
-2664 -284
2699 -376
869 1720
-24 -2093
-1273 -1813
-2212 1713
-525 -899
1121 -1877
813 2416
-2208 -208
161 1712
433 2190
-1687 790
712 2125
1469 -2296
490 -2460
1707 1186
2013 -51
-160 559
365 1199
-2439 1000
-1998 -1744
-1684 -113
147 -2517
1317 2667
-12 105
474 2279
686 592
277 -2041
343 261
-29 -1131
-1593 2545
-2489 599
-1750 1062
187 513
-1584 1819
1989 -1566
2677 2411
-400 407
-2264 1966
2379 109
868 96
2132 2113
2231 -2025
-1896 2475
-2482 1749
-1589 -2101
1860 -2688
-433 -1558
-2710 1652
-2304 -2310
342 324
2352 -2372
363 -1287
-981 -1590
-1347 553
-2683 1608
-887 1718
2026 -1672
-2386 -2504
-1641 -2372
-1679 1246
2717 765
-1693 2145
767 -1808
245 833
-1923 -1863
-1826 -445
-698 129
713 2441
-1219 1084
-1092 2122
-637 -2155
1027 -1193
-1977 -1087
2206 1819
-1418 644
972 -1875
1925 1475
1950 -685
27 654
-1434 -714
-1862 -253
2308 -1467
2324 -1690
939 -1056
-1786 1825
1378 2284
-1389 -1685
-2237 2679
2404 -2491
-2488 398
-908 468
2502 1975
1799 2622
2123 96
-2077 2138
2126 -373
-1742 65
1311 -2181
-151 -425
-2369 827
1463 -1374
2532 -1014
2472 304
1732 1678
-827 -741
-1479 -1512
1313 -868
2632 -2327
-2429 2220
-2598 1499
-1834 -2717
-2690 1727
-308 2645
-832 2295
-876 -1655
2573 1960
-994 -176
778 2326
-1912 -590
506 -1446
-2449 2070
-2295 -751
2022 -2592
-1444 -153
885 1014
1998 1255
2159 602
-969 2709
-118 -2614
1236 -874
1881 -2295
-1603 -2556
2250 -935
2621 1894
-923 -2482
2679 2505
1151 1253
-1718 1868
1654 2482
171 1538
1092 -480
2210 -305
1410 -437
1450 2290
2423 502
2469 2671
1353 2193
433 2336
510 -1133
256 1569
2173 2465
-2576 -1277
958 272
1946 992
2571 2043
501 1579
2071 1827
-508 1959
1036 2464
2307 2099
2482 -2145
-492 2532
2215 1833
2539 343
2261 -658
-485 2690
1475 -2712
-1854 321
2152 870
-2660 1403
1958 1031
1391 341
2555 -1733
889 2715
771 -923
470 2625
2224 -328
1745 -1109
-2683 -1443
-2712 2409
2488 -730
991 1589
1954 -2170
19 -356
693 417
-358 -2085
1865 2115
760 15
-665 -2012
-489 -1932
1818 -2360
2431 -1905
2420 -2065
2151 1509
-1833 -400
-2113 -632
-1374 2354
-151 -759
-1676 -471
1524 -1323
-1327 571
-2658 1333
1466 1038
-2654 1443
-390 1030
-1844 -2077
2186 531
770 -806
-1883 -676
1181 -2481
-1328 -2362
2132 554
2462 770
-951 1970
270 975
-2627 1277
-1703 -1030
-2432 -961
-391 561
-1096 -2708
2099 -2061
-2532 742
-192 -1899
2278 490
-466 2073
2285 626
-2092 -1755
-2136 -1825
70 -1379
-1666 517
-1429 -2583
1524 1572
-2243 -863
2405 -1986
-1264 1278
720 -1569
-1843 227
1531 1414
986 -2610
-1794 2522
-676 -1597
-2446 -28
52 -222
1859 842
-223 1997
-1629 2131
-1665 -739
-529 -877
-391 -110
-1842 2274
-1837 -917
-1398 -2548
37 1472
-425 433
-1160 -1643
2566 2208
-2376 -1100
2222 -392
522 1040
-1925 -360
1413 -1585
1419 -1040
-2540 2427
1960 -1974
-1834 2371
1289 2486
2281 -1510
-1610 -1246
-528 -2193
-312 -2208
1528 -1640
-1315 -334
1449 2091
-639 2446
145 -1216
-480 217
1368 -2587
2584 412
2607 -656
-1227 -1729
-2056 551
-1524 -1029
740 -385
1950 183
-2124 -1843
-1424 -1840
475 2606
777 -363
690 1737
971 -2563
-1182 -2544
2231 830
872 -2316
-1209 402
3 -942
2476 -2576
1130 -1956
1849 -2475
-2370 674
-2308 701
-38 -1728
2120 -2247
-1221 -1443
-1223 399
-791 1708
2687 -1718
-1675 -450
-2035 -2178
-1847 -2411
-1257 -1404
2484 1952
-1465 2488
-393 -1427
1464 -1975
-2598 1242
158 911
2414 -2690
-2137 -1441
1328 -776
176 598
-584 2633
742 -2626
-1350 1142
2329 -1813
2201 -2033
-2352 180
-947 -650
2019 -1761
622 1637
-2570 -151
-606 2488
2360 -2070
-1665 525
-2585 -1349
1693 -2493
-589 1513
-2410 2245
930 -2644
-2227 -815
-797 -2638
1173 717
-988 2626
-2342 946
-2637 1280
-1767 934
-1247 1622
-1112 -1728
2454 -2177
-730 737
568 -1853
-2288 1179
2257 -2437
-1130 2470
1623 770
27 -2140
-1542 900
-303 -1465
191 -98
1125 -2202
-2346 2052
-1858 -469
-466 2539
688 -1142
-103 -1509
-2170 -2188
1239 1861
-2090 2264
-1683 619
-2124 2578
2213 -2669
-1100 -2279
-545 2234
375 238
625 2059
-351 1157
1168 -1057
-1522 -1976
-1311 748
1753 467
-2525 -2231
-1056 -1063
1758 -172
2489 597
2072 1909
-1202 -774
-1259 -486
1800 -2380
2289 2715
-487 2326
-2192 2550
453 2387
-984 -2428
-735 -2541
-413 2065
-767 -2336
-149 -1455
1261 1173
2064 2071
-538 -2106
-478 2369
117 -283
1189 613
-2303 -1173
1585 127
2663 -1321
-1048 269
-136 1936
-1147 1659
-935 2474
-1258 -1631
1953 -1237
-1056 -2295
-618 -743
966 -793
327 -611
-1974 2323
898 -1476
-1103 -155
-574 1636
-156 1836
279 -1322
1679 -2607
70 2713
-2572 2008
-1395 -696
-2218 201
-926 980
1478 1050
2412 -2419
1141 1080
-2246 -1463
1881 893
1736 -61
-1160 2474
187 2688
923 -1493
-2325 640
-1416 2476
-522 1854
1716 471
-841 296
202 -1977
2177 -503
-1103 -47
2475 -2439
-2414 -2616
-566 -11
-624 -871
-2318 -490
-2550 1094
-2017 479
-363 -2269
-1028 708
-1506 1583
-1521 -2427
986 -1460
1534 -2643
-481 1551
316 -583
2278 1916
1665 441
2031 1600
-168 -1701
1311 682
-2319 154
-1235 -1380
-1020 93
667 -380
1204 -1044
-1505 2306
-1063 -144
1579 -331
-564 -942
-103 2292
1648 2320
540 -1357
-1915 -1873
-2165 1338
2609 1229
-1147 -1608
1004 2080
-2208 1000
584 -1734
22 -1875
2076 -62
1384 -124
-1760 -647
2468 729
-2620 -1224
-783 -1524
73 -2597
-72 -2406
1346 1849
-2282 -2475
41 -87
974 470
1915 1873
-1261 -131
-1511 -1639
1032 -2660
294 2361
2307 -2670
-2568 2514
2392 1231
2599 -374
-1527 1811
36 2101
-207 1883
-400 1628
1890 -2264
-1611 2148
2543 1137
-1636 452
1732 -1518
1043 -2608
-1263 1355
-1 1401
102 2286
2571 -1189
-1097 1272
1203 1882
-1723 -811
86 -1574
2068 2025
793 -305
118 -719
2103 -1049
934 -16
-2063 -959
-1850 -147
1204 202
501 -1025
-1768 -2179
2175 2472
-162 2110
-1973 1184
-658 -622
-2371 112
-2137 2595
761 2148
663 549
-478 2271
-325 1845
477 1964
2227 686
-1495 2143
-2105 1753
-97 2429
-2619 1888
-1009 2300
291 -537
1993 2673
756 2684
2470 -1449
-220 1963
-1199 -1397
2605 -1328
-261 2197
2598 -2503
-2606 1215
2446 49
-1337 1623
-17 -1186
-1825 2091
628 -753
-150 796
-189 387
-2205 1377
-722 1885
-32 118
-1276 1404
-366 -595
-886 576
2283 -421
2300 1225
-1517 -1596
-2186 721
-2676 2337
1456 575
-2498 1443
893 -1348
-854 735
-1154 -2088
1764 176
-2590 -1188
1486 -1197
1429 2567
1048 -1751
564 -67
-2593 125
1733 -1083
-2136 -1599
-685 -1240
1460 2143
2402 -853
-1604 -1432
2663 107
-2603 -117
-1351 -1851
1356 2088
2093 -2066
-279 2571
557 -1543
245 1894
2245 -1548
631 -1654
2627 2095
564 -1725
1164 1725
-262 -1183
-1619 2675
-2637 -1377
-436 -2105
-2133 2561
930 172
-2618 -21
-1618 929
2045 -660
1944 -176
1969 -768
-2434 2626
-2529 -801
-867 1623
-1710 250
2068 -608
-225 -1571
1055 854
437 2517
770 -1629
-746 1599
-2195 817
-2636 -2406
1878 -407
-790 1832
-201 -1302
-1947 -841
2594 2641
-75 -2291
-1881 -904
-1794 1539
-2218 -3
-89 387
-992 -726
-2391 -372
-450 1958
2546 2079
2418 -298
-635 2120
2139 2335
1922 2586
-76 -1705
752 2308
-843 609
1449 2251
-569 -1187
-2116 -2715
124 1320
2345 1019
2613 -2143
560 -2127
2461 502
-342 1114
2084 -799
-701 384
1131 2335
-2415 753
-465 -2019
2595 808
1958 -2464
-1866 -2607
-760 2618
-2706 1345
-2156 -1861
-877 -938
67 -757
-2704 -761
-2119 -22
1396 2348
1606 1685
-1934 -1217
-575 2026
-471 -1048
-511 304
-17 371
1569 -447
2427 -450
1064 -268
827 -1895
-250 -2343
-343 1079
918 -2130
855 -2269
225 2447
845 140
-2105 1843
-613 659
-484 484
-140 1370
493 2451
-2093 2065
-1605 -680
-2555 77
-2473 1690
-2426 1766
1789 1151
1071 -567
1414 1292
969 -634
-1020 -1694
-470 -2575
186 2407
-25 -213
-1514 1661
802 2370
-404 1123
1580 1702
2332 -2204
1966 -570
2473 -2055
-2364 -2714
-1792 2057
949 2084
523 -2346
-2308 179
-1148 -27
2464 -2670
1301 1025
-568 63
658 2338
2435 1264
-1167 1142
1358 378
1797 819
2305 -2652
-2686 -895
791 -610
1055 -1398
-2536 -1553
790 -680
-1177 -253
-1434 -2611
330 -973
2207 -354
108 -1757
2054 -2275
361 158
-2076 1367
325 2288
-786 -1047
700 2611
-938 -2039
791 -2127
-2592 110
-2011 -146
-993 -399
1661 -1102
2423 950
1132 -1881
-2332 -1823
1532 -1018
2560 1515
-1580 -1137
-276 -2086
2519 633
1145 2580
2455 1728
-424 -2536
2370 -100
-1860 -1439
-2528 -466
2235 1633
1748 -1380
1383 -1404
-629 285
1507 1432
-1471 -875
-2467 1814
2091 2379
-2682 -143
2450 2656
-2186 -1820
-1658 -866
2060 -333
2245 -174
1158 1775
-562 -661
600 1260
1266 -830
547 -2235
-1797 -2031
1856 2538
-1036 2275
-1773 45
-1823 2381
-2385 -1245
-1611 -768
260 806
-386 247
649 1764
-156 -2134
1722 1529
1333 555
2555 -1991
-469 -1885
-2050 -1156
370 518
-1966 -130
-427 -989
2304 451
2060 -1601
-2216 2717
74 1885
-616 1059
2037 -967
-2564 337
-2176 -1603
-2150 1785
-1981 -2684
956 475
2502 -221
1897 970
1179 154
627 -430
-1241 -2306
-2354 -2530
-2659 -1965
1147 8
475 -2224
1420 -1756
2493 673
-1261 2664
-1851 -232
-2360 1511
292 2461
1391 2319
-2597 -529
-2463 -185
-1371 748
2598 776
-556 -1156
-2166 1515
-865 -1685
-950 287
-831 1598
-1884 2090
1671 332
-1944 128
2660 -1882
415 2663
-2043 429
-2335 2498
1808 1466
2057 -2391
-1659 2228
630 -2695
-1737 -1002
-113 1851
477 -1289
-2515 -250
1718 1181
2242 -706
1762 -999
-258 234
-535 2624
2470 1585
2025 2567
2600 -559
-2129 -985
1558 1838
-1644 -1207
1998 2492
1833 -1893
-2703 -337
-136 -1389
609 -2591
2447 503
1064 -55
-1382 -119
1839 2458
-2591 2048
-1596 1719
1722 1943
-2250 -916
-331 1979
1336 2372
2311 1571
-2363 -1298
-1088 -2689
1922 2279
-694 2077
371 2520
-2523 135
-1375 -2139
-1597 2445
752 -2328
-1214 1349
-1651 413
1037 270
1253 337
-1478 1891
-381 -773
-2198 1332
430 -2220
1892 1206
-23 2494
-404 1133
2486 615
2709 -1423
-1218 2623
-1922 -538
-1612 2446
-2212 -1928
2384 1070
-2310 -2245
-370 1569
420 1117
955 2076
2425 2285
574 -291
-2550 -388
2367 -383
-485 -1325
-2530 -1747
-1578 596
-1976 2508
861 488
1253 362
778 -1359
-146 -1502
958 1054
2401 1658
594 656
1700 1926
-242 -1319
91 -1520
-1701 1671
1098 -1608
-2255 -1135
1037 -73
2633 520
-2481 1006
2038 2334
-933 -2257
-2429 539
-2578 -278
-2481 -1428
-392 -205
1290 1988
1983 -2353
-2327 2440
-272 -1543
1403 -42
1759 -212
-2712 -1935
1377 -2394
-2046 -1914
987 -1515
846 1503
-1477 -2419
-868 -2326
2372 -1831
-1746 2665
-439 -912
-403 -10
-408 -557
906 27
660 -1801
-1527 1140
2031 -1513
-222 2371
1615 -2277
-1893 395
-1068 2224
-2437 -1804
-1983 1745
-1255 -367
-1237 33
-1157 1799
2290 19
384 1546
-482 -1412
-1138 2542
1564 -1553
1322 -1799
2039 515
-1206 1717
614 1080
-1993 2269
707 1489
2575 1925
-2604 335
1482 1053
-1411 723
-1726 -1372
-2626 -1530
2444 2421
-296 -2548
2115 -179
283 -2203
-1288 2572
-1750 2264
-161 529
1551 2537
-1926 -1144
1662 1215
1067 1434
2043 -385
-1623 661
849 -1448
-2348 1355
-1948 994
579 -1430
577 -2625
155 -128
2385 -734
647 -265
341 -1502
1411 -1155
72 1621
-452 -1243
-164 -1506
-2326 -793
1970 -285
953 270
1982 -1338
1409 1073
-1841 1117
-1082 2333
2229 -2630
-2646 323
1428 2608
-1943 1684
-2012 -1283
-1319 -2153
2016 1194
-1771 -1303
-2675 206
1035 79
-836 1755
-2350 -1356
1664 -881
-525 1672
2421 2441
787 -542
-1876 955
-1316 2038
-117 -1506
-2066 437
292 -2297
-572 871
-926 1863
808 2315
681 1409
-2255 2364
461 -254
-706 -1462
2480 -2538
-1475 -1953
-1352 -1
57 -125
2216 2391
1290 2161
2561 -1175
1373 2678
247 -924
1219 2496
838 257
-1903 556
1236 710
-2259 1180
-858 1876
149 -2711
686 -2108
169 391
65 2501
1563 -538
-599 2702
220 -2624
-72 -1942
2165 1611
141 1955
1243 -1793
-2094 1449
-1281 -1026
-880 -2202
-1932 576
834 53
1708 224
1141 2331
1153 -2562
-2128 -2345
1113 1799
-1257 -1995
-1827 -2571
-2286 625
1373 -2258
-2010 -1397
-922 -1511
-1284 -2305
-583 2423
2220 1347
-1039 -1244
-2007 -1378
354 -522
-935 -2413
-2054 -1224
-442 -2249
1264 -1205
-266 941
-1859 -1944
1403 2213
476 667
812 2684
1239 -146
-2615 122
382 -1428
-983 -2128
-2662 -463
522 -1801
1830 -1972
1882 -1135
-2596 -1675
-1224 -2643
-1181 -282
2655 -431
-433 -1975
2224 536
969 -2340
34 -1141
-2607 -2135
2617 486
-2568 -837
-285 582
1641 1645
2072 1255
-1681 -93
-2175 -2477
2024 -2321
570 2620
2692 -913
-1507 2428
-1205 560
-2202 2393
2252 -2168
2527 2235
2646 -1822
-138 2146
1664 2303
-134 731
-1291 -1064
1168 654
-2458 2543
890 1154
1503 -2342
1498 1657
1821 -1469
-2111 -2083
-2096 2546
2288 665
131 2602
-2133 82
-2571 -2276
1385 -2602
-2236 2521
-1634 2299
932 1845
-2513 -1777
-1135 -1816
-1784 -210
-1539 1366
-2267 -1081
