434 85
158 151
151 347
313 373
346 58
422 15
381 394
66 32
380 96
362 226
422 179
134 48
222 130
382 353
367 180
280 77
290 410
122 391
97 186
282 339
5 412
389 278
62 179
267 426
81 200
27 0
304 98
358 276
179 27
368 267
235 190
161 202
413 393
354 165
231 68
418 367
297 323
387 340
143 340
12 175
76 313
289 431
257 151
173 96
311 225
323 132
52 184
256 40
67 255
171 176
257 180
220 269
157 189
427 49
259 374
311 42
234 364
230 26
430 384
283 387
292 381
109 251
58 91
102 62
309 296
178 321
101 157
321 69
234 100
1 177
346 62
308 338
48 107
360 249
212 381
11 366
335 348
299 409
339 388
434 126
0 330
390 46
282 308
360 343
177 257
272 132
293 254
93 328
373 248
156 426
202 330
185 394
405 146
9 277
169 107
24 52
21 322
56 42
26 370
262 166
395 120
47 198
418 124
106 325
6 75
307 285
210 311
99 127
144 53
36 115
120 66
424 376
70 150
319 300
278 278
350 257
103 254
109 72
307 2
119 1
104 1
284 27
205 311
98 258
364 419
62 326
4 191
198 66
251 17
118 117
58 45
273 234
9 59
228 199
103 288
222 56
316 184
63 60
45 391
41 35
123 392
156 196
404 13
395 402
337 375
191 274
335 213
417 71
412 416
393 331
323 201
84 91
369 154
413 81
411 77
20 29
68 223
74 85
190 297
227 126
328 10
0 268
421 425
376 16
415 272
151 430
399 244
272 198
348 127
180 284
378 139
147 319
425 385
261 386
155 279
77 212
412 30
124 358
180 288
249 362
143 35
78 338
190 420
194 315
392 271
45 434
145 361
367 17
111 141
406 104
237 342
36 112
44 206
403 63
186 304
48 315
324 249
162 273
193 14
18 405
125 281
405 355
104 182
262 209
319 410
255 190
83 413
23 289
399 57
351 393
225 316
406 346
19 135
28 308
200 84
283 168
146 3
18 194
121 318
286 353
208 239
302 93
70 363
28 152
357 161
183 65
39 13
275 18
26 236
127 8
169 352
216 9
330 411
144 163
124 67
381 195
344 118
69 51
300 428
25 4
210 19
371 56
27 105
2 143
29 225
118 70
244 81
189 411
30 219
71 370
419 104
121 258
330 29
294 408
269 92
297 216
359 219
184 399
154 424
123 199
99 404
247 128
202 341
125 210
375 224
150 235
391 61
375 331
362 169
6 248
320 28
365 427
331 19
75 425
253 79
419 245
329 327
114 89
431 421
279 142
101 95
119 275
429 380
364 153
97 73
428 51
292 159
23 21
161 106
22 372
96 58
22 344
86 433
84 217
94 352
305 37
316 238
33 160
159 384
172 214
386 430
53 163
59 5
77 404
32 388
75 228
167 395
400 53
61 339
11 323
294 72
184 434
414 265
426 193
402 414
338 124
2 279
5 372
176 67
363 83
1 240
433 400
397 344
261 237
328 367
334 421
126 110
34 155
363 401
396 181
50 211
408 321
50 383
130 420
397 139
106 313
195 88
424 20
145 6
16 322
358 12
303 357
217 76
12 59
43 242
100 408
177 73
288 274
267 147
113 10
342 287
353 182
153 287
153 296
386 39
78 294
181 292
86 20
345 31
71 130
185 424
320 82
217 12
230 3
4 164
357 341
15 237
354 390
152 4
340 18
421 221
17 52
89 223
83 386
408 220
410 80
186 60
160 392
218 417
340 355
24 379
296 45
179 121
374 310
356 380
235 171
433 78
85 39
19 368
7 332
155 7
30 156
429 40
368 294
228 185
80 405
385 302
152 301
411 389
434 376
299 8
410 150
7 343
432 33
256 120
431 363
157 371
46 395
8 131
394 295
326 212
130 74
341 54
187 192
134 111
404 167
220 412
39 214
416 229
200 326
356 149
68 399
246 423
10 375
324 401
66 97
173 140
308 319
333 316
126 92
252 122
426 306
428 152
136 271
246 239
