1237 551
1182 -95
159 -756
456 15
-539 1236
251 986
230 164
-365 -35
109 -367
-1108 -138
-632 211
760 -209
979 863
1169 1132
1026 513
1229 -1005
1189 -443
745 134
-472 -596
1046 177
637 -189
217 33
730 1070
384 687
-770 215
1008 -517
-115 -136
17 1080
-1144 484
1151 266
322 -451
251 30
-629 126
1218 -479
-245 -215
-825 403
-741 -1222
-63 526
516 -872
958 -672
-671 162
172 -13
901 -1137
165 -1018
777 -894
-428 343
647 210
-834 -474
-348 249
1129 1182
-265 -600
1200 964
768 668
-129 952
-673 860
-79 -1057
-1059 -132
-472 -888
187 -757
-32 -964
1155 -811
-1147 527
-453 846
244 -978
-216 -112
-688 -904
-512 -1005
1137 -1096
313 -479
904 -28
-763 -162
1051 24
-248 -1066
116 -13
1205 -474
-42 -593
1063 425
269 -1075
922 777
646 -112
-611 390
-306 742
-881 1095
731 1218
-1060 129
671 -615
429 300
401 227
317 -270
-352 55
-91 1145
795 -1108
-339 78
1222 355
-578 754
-619 -734
-614 -800
651 -54
-248 843
32 754
-978 -223
760 -333
504 -300
-146 -794
266 998
1226 119
-1102 -1131
-21 437
133 986
-935 -21
1164 92
-786 -838
143 -24
-114 158
268 1073
-692 247
-20 547
-1205 -758
1030 747
-1079 -94
-1094 34
1074 91
648 1019
516 -947
-799 -1229
329 -840
-205 243
-388 -263
1210 308
963 850
1166 -933
458 -1039
-1169 1184
293 -306
658 111
-625 -229
1064 12
882 -969
611 -99
1045 -1013
-1227 716
-482 1020
591 -1118
86 -1153
-281 -1077
539 812
-741 872
788 -1227
-793 -1112
715 -832
776 254
-242 -311
264 153
613 -1021
264 959
-47 1099
-160 958
830 1094
-7 1078
84 404
1045 423
15 -685
-627 -1166
-455 1097
1175 -1116
1 -266
774 -992
-342 -954
-1107 -1042
1005 -26
-1207 921
-245 29
161 -977
1097 739
-731 39
-185 284
-799 75
-38 420
-120 -915
281 351
-50 335
-575 1134
-693 185
1157 -1207
1101 -25
-417 -122
-635 -1100
-495 -916
1086 532
-75 -1060
223 324
-805 -1224
883 824
-275 313
-382 -533
-20 -375
-999 -689
804 -401
156 -6
474 960
465 -702
-1051 -136
-503 -444
1104 842
941 630
-493 490
274 707
-461 381
938 -1112
-145 418
-211 -923
66 -320
-663 -756
796 -217
911 457
-1229 -706
-1052 -682
-460 -838
942 143
490 -472
117 -749
-76 -184
1038 -1151
280 571
-667 1229
-894 -1063
1101 236
-872 -51
-327 -869
1122 486
729 708
1178 -453
-71 1035
599 291
771 848
322 -315
1067 1091
-520 -764
-633 301
-1003 -593
-107 -818
779 397
-1201 301
-1211 -42
1175 -404
969 -966
805 1136
-744 -891
43 -868
-1 861
1063 49
611 66
-906 -1146
-708 -1108
753 528
-1062 819
-352 -255
-1078 933
-589 -1036
164 -764
647 -29
13 -505
153 -925
-821 536
202 -643
548 -574
-1066 950
-445 716
-960 -746
-1064 1036
-408 881
-1217 121
-950 -43
-226 490
-760 -1024
-1127 891
509 -698
-1099 705
1060 624
610 -443
-990 786
973 824
1151 -663
799 -745
-1011 1101
1092 -546
1068 -692
922 432
197 732
-182 -417
1237 -839
1181 -476
-302 767
-463 709
318 1090
1111 836
978 -415
802 111
-121 314
1133 1009
-409 -749
-45 -653
695 969
269 740
-333 925
-511 -386
-225 1146
-126 -615
-759 -22
-307 -1028
817 -946
1054 -968
290 -881
642 947
872 1130
40 723
-38 -1054
-500 49
1133 -1122
-976 -675
-770 -1224
-1165 -395
154 -142
548 -476
-28 158
18 789
879 228
83 61
-101 -760
1077 382
-779 -116
581 10
1050 -630
424 -217
-1162 462
-534 134
-1215 -333
353 195
781 511
-23 -540
569 -1119
572 881
-24 -197
843 -527
73 400
-563 1161
1185 -884
-333 392
1223 124
236 435
883 803
-1046 145
-322 1132
-793 -452
-838 811
-59 -611
-355 10
-619 363
566 -316
-1117 264
-206 260
581 397
-929 1042
-869 -131
-892 -429
-913 557
-198 175
-1049 123
726 449
452 -509
-783 -374
1021 666
73 -736
-878 -1069
17 1127
1020 357
861 -414
-46 406
-421 -692
505 -706
10 556
-1237 1182
-95 -799
-733 858
-121 -234
492 2
373 304
987 -667
-155 -881
-515 -608
-681 -1131
900 1066
-1006 -992
949 844
102 217
123 983
-1070 163
381 414
1082 517
-392 766
-718 603
559 -944
-778 -757
168 249
607 -182
-498 -1080
-426 439
-781 494
-886 -386
590 -1093
-927 -530
-53 1227
1156 273
588 1071
-289 989
-1176 493
162 482
-577 -537
337 -672
-919 -1113
765 566
-1049 551
1095 138
-990 663
-790 1009
1189 -776
532 219
450 -703
372 -34
-225 -594
-67 -339
134 1101
-360 351
326 518
941 -126
67 304
1124 -35
-650 -261
-573 -172
-628 -473
-819 -151
-353 225
-556 -454
-926 -1162
-727 -786
223 465
1232 -383
-670 731
87 -765
395 -1226
706 608
1038 91
-175 -555
166 -620
-249 -275
95 -1228
271 -110
-1013 -1175
32 324
-797 -244
694 -1096
351 1115
-1132 559
-578 401
1029 -878
-447 1197
-1069 -776
-1084 -198
70 286
50 87
462 -959
701 -344
1224 -566
-7 -114
733 1016
327 230
-432 -1117
-517 -87
1105 332
716 767
970 1173
336 520
1164 938
549 1045
233 -760
531 182
-301 643
-46 1226
-88 -106
864 -382
-1172 -208
-758 -83
809 -1077
-438 971
-1082 -56
-826 742
-1228 -375
1230 -745
-858 -360
-851 -942
-265 -695
1104 -370
-291 -37
696 -389
38 53
-1151 676
-879 892
-171 -911
-187 6
-602 -1116
-184 983
-773 1220
999 -228
789 377
-604 171
-593 -401
623 -944
253 503
-605 281
1198 -1132
-1208 -761
701 -659
-546 -711
-138 1042
626 42
1111 1223
1208 855
1156 93
-1021 263
-1081 -1187
-769 -187
1137 1208
820 -879
-968 802
513 -563
-1101 -249
-67 639
1006 -1192
626 -721
841 76
367 253
509 -939
-620 494
-1087 814
1015 -12
667 -892
972 -220
897 1193
682 -1075
1017 -144
-858 -495
-633 924
-323 -1016
77 794
-631 980
-279 -1198
-1212 477
-247 -1152
-183 15
-724 172
-1012 -785
-61 -689
991 -671
249 -229
-662 1110
48 487
-92 -182
688 -592
74 -196
-27 -113
-563 -771
11 69
957 110
1072 -681
492 -744
477 362
-355 1084
50 -1088
1099 -405
-814 -716
-855 335
-754 820
1135 -1120
-848 913
-918 708
-561 -1157
-514 -569
950 -1145
-325 726
-869 -791
-1111 294
436 908
-142 -1039
204 450
-562 -702
-783 1131
-1101 971
861 125
903 1168
744 420
918 258
961 176
-431 -484
-200 -363
915 -1109
-190 1007
771 -948
580 752
-1222 758
380 1137
917 480
-156 859
177 -97
755 1108
-610 931
-1186 1124
-985 -855
-1071 109
-625 -115
218 1139
759 -880
744 103
438 1071
-240 -138
-216 660
-523 1128
1158 -126
44 960
-554 -773
-277 -81
262 302
-1193 -826
-660 -846
-1176 -1027
-264 -966
-65 321
-76 -832
-175 508
277 376
1162 -131
524 283
-885 -527
-185 436
-667 -868
-93 -625
507 20
1201 498
592 -1080
-930 902
-486 -179
378 248
-537 1216
-81 194
-178 618
1055 887
1102 -979
-1149 1033
935 1020
-690 987
-937 175
1061 -1086
121 770
-775 -669
1173 57
-850 109
531 364
671 681
967 47
162 724
-616 -590
676 -160
-364 474
754 724
-629 -1231
954 371
-1172 -56
-1003 534
161 936
1123 1206
1135 171
-141 -1144
152 -601
1217 1036
-706 39
-1237 808
369 -481
-320 -114
1203 61
-446 -699
-323 -1054
-1182 -385
-1196 142
1066 632
-381 23
827 -502
373 216
47 -1219
1198 95
857 -637
-204 -77
-690 -130
556 -106
-1063 -620
-926 -678
-294 -998
445 -537
-1146 -618
-726 1069
-164 1077
-414 -45
-710 -862
-1192 -385
-609 996
-727 201
-938 -1050
1225 524
967 -211
-448 -70
1078 274
-928 637
-596 770
-210 -602
107 -1020
-744 849
238 180
-204 439
304 -883
-876 -721
-529 1171
662 461
-672 476
818 -531
-1054 339
1166 880
732 -642
265 94
-1148 -46
90 213
-422 433
1097 -325
323 686
390 -551
-732 837
617 -339
-843 -308
-263 571
957 -78
76 932
-560 -1127
-408 -369
-1001 127
-1118 -654
468 931
-6 451
-1187 1168
-886 -293
-213 -1029
720 89
1218 -381
301 -76
-651 484
-342 -1037
96 -1156
-938 433
-1025 -1202
204 1120
-257 -806
903 -1219
867 840
-14 -1178
521 271
1089 -528
-182 1052
655 -232
-470 697
1215 -1117
814 -47
1174 -636
-87 637
703 -384
262 17
1221 1215
-370 980
668 -1136
706 778
1197 -872
-1053 -253
-78 814
-581 500
-365 -1164
-1015 -170
-893 499
1072 -841
-186 908
1067 -103
-334 -1192
-213 1025
375 943
-870 -808
641 -410
675 -31
-923 1140
925 -464
-549 74
-106 1023
105 -601
-470 -1022
-439 -329
755 -889
1168 -489
35 -1181
-702 -724
-1124 27
306 1109
1159 320
79 379
-129 -915
-1122 185
-839 635
-321 -890
-630 71
164 -494
654 -1196
-1120 -791
139 989
-450 973
983 804
-188 1234
-994 -414
785 -650
-106 687
-989 -348
-329 115
181 -415
-616 -774
-286 1213
916 1030
-314 1098
397 1003
-247 1016
669 277
-813 -996
-855 999
19 612
918 138
894 1177
-1211 -552
-1216 -535
-332 645
-195 -498
-878 1015
860 1084
-1089 1139
-1235 -119
-700 -729
-203 995
-452 -271
-502 1017
-1012 -312
-140 -921
-870 619
469 525
368 -1173
422 1228
-1113 -1181
564 -1157
-893 -310
874 1028
-628 627
-103 -1110
255 761
404 1129
-917 -698
-290 833
-709 598
-1212 189
-955 -953
-981 -897
-588 854
-808 854
-1019 -438
-637 1207
-354 406
804 360
-646 -220
880 -888
963 -535
7 -132
494 495
555 269
74 232
1089 23
1233 -529
848 -889
1092 431
-966 -242
-498 72
-100 -778
1068 552
-1170 -862
594 1116
457 838
1225 -563
-1053 409
424 842
318 -247
-397 -705
-802 -230
990 -694
500 -1014
1204 1083
1074 -676
1051 495
1066 1107
-81 974
-546 -64
-1013 -93
-1119 306
313 -1049
568 567
1012 750
-1015 64
65 1057
906 -971
-1191 -664
35 -361
187 157
-383 -1009
-153 -637
108 806
950 419
451 -395
-55 -999
181 -839
-97 -747
7 997
797 -907
-617 -310
1128 -411
-707 -22
-918 -1107
212 -845
-235 -417
-196 478
-567 781
670 343
685 40
-715 66
889 -793
-1102 434
474 284
-1217 1135
530 796
-360 1099
1005 998
-764 -184
676 1237
6 -709
-164 193
-1073 176
-1118 -825
965 459
4 -518
852 -829
-324 -272
473 602
-642 -493
-879 -1142
-853 -411
-1040 -245
-1070 1034
29 -646
588 -686
-1179 460
-698 1112
-892 348
788 -617
-228 -41
-794 -438
-737 804
-519 -1215
209 1061
-666 646
-1069 601
811 519
426 233
-521 1070
-720 -306
1236 58
811 -1114
780 -1015
-1096 -823
-767 760
-868 1064
-294 1194
-1163 -1171
-751 438
502 -493
898 293
23 726
-154 522
-254 -824
148 207
719 -1052
155 472
119 150
-400 735
224 559
-611 -825
193 -996
901 87
1088 110
-852 25
928 189
329 -128
1036 915
896 -14
631 -893
536 -924
660 -249
-1182 376
-184 -883
-891 -1212
315 -787
-971 -758
-1199 286
-72 -968
640 298
1201 -1084
-1224 -871
37 -38
-358 -669
-28 -932
-1062 17
-455 281
326 772
-761 -2
350 -269
-348 -473
-1196 -942
338 415
1120 860
-1141 753
-557 1169
-654 -632
1048 47
-1134 -128
-782 -1139
1009 1
375 502
-713 299
-634 1144
29 -1175
-82 843
49 -908
541 -51
-1086 -88
153 -1097
-421 -957
-1175 -1051
-572 -434
-471 570
342 359
1188 -750
-603 -755
442 -79
-724 -203
-850 538
-104 -1155
-1067 241
669 1047
1219 -486
641 -210
301 -573
783 -543
-640 856
-236 -510
-1228 -1102
873 1128
510 268
1173 609
-653 694
753 705
727 517
420 -1100
1094 865
-846 419
-1214 -781
-678 -383
-897 1121
-681 481
-677 421
315 -613
-1005 -1018
101 -242
1042 -1000
239 407
-1039 1175
428 728
828 -833
-843 -730
-138 934
-1008 260
-90 375
851 703
683 -594
1210 -560
1020 -550
-1033 -950
666 780
-984 634
-654 -1187
-85 136
-465 1103
896 -843
579 -429
-1145 984
-1009 640
-478 -1066
1016 -587
143 -858
704 1114
377 1223
490 -11
-641 953
534 316
1105 -1139
651 209
740 -779
-392 30
-61 430
404 1233
1219 528
95 1120
1127 -86
1231 599
148 847
-749 466
106 -1008
894 -661
1220 512
-914 442
999 -730
-1096 -659
1103 1004
390 7
965 -796
-966 557
215 982
-86 1031
-63 -1194
-58 498
-839 -57
-888 312
-1184 513
-903 415
-357 876
1212 -579
-560 -528
-361 -676
-924 735
1016 -878
-646 -686
-808 1043
506 -260
360 -1034
-314 -595
-617 -246
-550 -307
682 -1231
-787 -616
-1233 739
-223 -1045
374 1108
388 1065
-981 -799
802 -897
-1198 42
-904 -1129
-1205 532
199 1225
292 943
-198 126
-639 -101
-969 -926
-39 -898
923 -1072
1027 -487
-1024 1131
-263 916
-742 1014
990 -1221
987 -549
-569 -397
-190 -1016
89 693
-347 481
-451 -540
-1168 -430
949 0
-270 -1065
289 976
-481 -406
-244 -660
-1022 932
978 -359
535 1006
-220 52
182 -18
-266 -105
1129 722
-480 787
527 686
1029 975
-158 -370
-525 233
775 1012
1000 630
-1059 -325
-584 725
-219 1208
830 -472
-228 -1030
183 403
1139 -865
-150 1194
392 -427
426 -1091
-68 961
727 -1178
-757 223
112 -1198
-363 897
-868 796
-910 641
-37 -1226
974 -281
342 -618
