257 160
94 89
90 205
185 221
205 34
250 8
226 234
39 19
225 57
215 134
250 106
79 29
131 77
227 209
217 107
166 45
172 243
72 232
57 110
167 201
3 244
231 165
36 106
158 252
48 118
16 0
180 58
212 164
106 16
218 158
139 113
95 120
245 233
210 98
137 40
248 218
176 192
230 202
85 202
7 103
45 186
171 255
152 90
103 57
191 78
31 109
152 24
40 151
101 104
215 10
208 9
93 112
253 29
184 25
139 216
136 15
255 228
167 230
173 226
64 149
34 54
60 37
183 175
105 190
60 93
190 41
1 105
65 84
183 200
28 63
213 147
6 217
198 206
101 212
177 242
201 230
257 74
0 196
231 27
105 152
161 78
174 150
55 194
92 252
120 195
109 234
240 86
24 36
5 164
14 30
33 24
119 125
155 98
234 71
248 74
4 44
145 101
124 185
58 75
85 31
21 68
71 39
251 223
41 89
126 62
189 178
61 150
64 42
182 1
61 1
113 6
2 180
121 184
224 226
173 19
36 193
192 246
70 69
216 101
112 126
34 26
162 139
135 118
187 109
112 195
239 8
244 246
233 196
50 54
244 45
216 225
40 132
111 28
163 178
195 6
256 77
0 159
89 255
121 188
161 117
206 75
78 63
87 189
252 228
155 229
74 212
106 171
122 25
84 20
46 200
113 249
213 37
93 135
163 5
43 133
26 257
86 214
218 10
28 241
26 122
11 67
67 175
1 51
74 167
221 4
122 217
240 210
49 245
14 171
237 33
208 233
119 50
83 52
206 245
168 100
27 179
72 188
170 209
245 177
13 146
179 55
148 32
191 66
75 5
146 173
247 243
84 42
73 40
89 0
226 116
204 70
94 53
70 41
53 244
176 128
27 144
109 236
35 96
54 187
87 167
195 194
67 53
99 257
2 12
237 48
63 122
7 64
13 204
51 155
253 66
16 52
54 16
232 142
45 240
33 135
162 216
224 213
79 120
185 126
6 191
38 241
160 35
230 84
3 220
211 18
194 30
30 125
242 190
29 227
77 249
22 95
252 12
9 137
98 136
205 92
59 242
207 103
66 27
174 161
46 231
247 152
19 116
133 199
29 173
256 97
207 69
135 55
209 35
90 2
239 71
129 169
10 31
154 72
184 208
169 34
209 156
198 235
17 95
